,Mediciónes,Tiempo,Tiempo de integración [ms],Polarizacion grande,Polarizacion chica,Resistencia,Voltaje disco
0,0.0004,-5e-05,0.01,50,0,50,4.5
1,0.0,-4.996e-05,0.01,50,0,50,4.5
2,0.0004,-4.992e-05,0.01,50,0,50,4.5
3,0.0012000000000000001,-4.9880000000000004e-05,0.01,50,0,50,4.5
4,0.0004,-4.9840000000000004e-05,0.01,50,0,50,4.5
5,0.0016,-4.9800000000000004e-05,0.01,50,0,50,4.5
6,0.0016,-4.9760000000000005e-05,0.01,50,0,50,4.5
7,0.0016,-4.9720000000000005e-05,0.01,50,0,50,4.5
8,0.0016,-4.9680000000000005e-05,0.01,50,0,50,4.5
9,-0.0004,-4.964e-05,0.01,50,0,50,4.5
10,0.0004,-4.96e-05,0.01,50,0,50,4.5
11,0.0004,-4.956e-05,0.01,50,0,50,4.5
12,0.0016,-4.952e-05,0.01,50,0,50,4.5
13,0.0012000000000000001,-4.948e-05,0.01,50,0,50,4.5
14,0.0,-4.944e-05,0.01,50,0,50,4.5
15,0.0004,-4.94e-05,0.01,50,0,50,4.5
16,0.0,-4.936e-05,0.01,50,0,50,4.5
17,0.0,-4.932e-05,0.01,50,0,50,4.5
18,0.0012000000000000001,-4.928e-05,0.01,50,0,50,4.5
19,0.0004,-4.924e-05,0.01,50,0,50,4.5
20,0.0012000000000000001,-4.92e-05,0.01,50,0,50,4.5
21,-0.0012000000000000001,-4.9160000000000004e-05,0.01,50,0,50,4.5
22,-0.0016,-4.9120000000000004e-05,0.01,50,0,50,4.5
23,0.0004,-4.9080000000000004e-05,0.01,50,0,50,4.5
24,0.0004,-4.9040000000000005e-05,0.01,50,0,50,4.5
25,0.0008,-4.9000000000000005e-05,0.01,50,0,50,4.5
26,0.0004,-4.8960000000000006e-05,0.01,50,0,50,4.5
27,-0.0004,-4.892e-05,0.01,50,0,50,4.5
28,0.0012000000000000001,-4.888e-05,0.01,50,0,50,4.5
29,0.0008,-4.884e-05,0.01,50,0,50,4.5
30,0.0004,-4.88e-05,0.01,50,0,50,4.5
31,0.0008,-4.876e-05,0.01,50,0,50,4.5
32,0.0004,-4.872e-05,0.01,50,0,50,4.5
33,0.0012000000000000001,-4.868e-05,0.01,50,0,50,4.5
34,0.0008,-4.864e-05,0.01,50,0,50,4.5
35,-0.0004,-4.86e-05,0.01,50,0,50,4.5
36,0.0016,-4.856e-05,0.01,50,0,50,4.5
37,0.0016,-4.852e-05,0.01,50,0,50,4.5
38,0.0008,-4.8480000000000003e-05,0.01,50,0,50,4.5
39,0.0016,-4.8440000000000004e-05,0.01,50,0,50,4.5
40,-0.0004,-4.8400000000000004e-05,0.01,50,0,50,4.5
41,0.0,-4.8360000000000005e-05,0.01,50,0,50,4.5
42,0.0,-4.8320000000000005e-05,0.01,50,0,50,4.5
43,0.0012000000000000001,-4.8280000000000005e-05,0.01,50,0,50,4.5
44,0.0008,-4.824e-05,0.01,50,0,50,4.5
45,-0.0004,-4.82e-05,0.01,50,0,50,4.5
46,0.0004,-4.816e-05,0.01,50,0,50,4.5
47,0.0,-4.812e-05,0.01,50,0,50,4.5
48,0.0,-4.808e-05,0.01,50,0,50,4.5
49,0.0008,-4.804e-05,0.01,50,0,50,4.5
50,0.0,-4.8e-05,0.01,50,0,50,4.5
51,0.0008,-4.796e-05,0.01,50,0,50,4.5
52,-0.0004,-4.792e-05,0.01,50,0,50,4.5
53,-0.0008,-4.788e-05,0.01,50,0,50,4.5
54,0.0012000000000000001,-4.784e-05,0.01,50,0,50,4.5
55,0.0012000000000000001,-4.78e-05,0.01,50,0,50,4.5
56,0.0,-4.7760000000000004e-05,0.01,50,0,50,4.5
57,0.002,-4.7720000000000004e-05,0.01,50,0,50,4.5
58,0.0004,-4.7680000000000004e-05,0.01,50,0,50,4.5
59,0.0016,-4.7640000000000005e-05,0.01,50,0,50,4.5
60,0.0,-4.7600000000000005e-05,0.01,50,0,50,4.5
61,0.0004,-4.7560000000000005e-05,0.01,50,0,50,4.5
62,0.0012000000000000001,-4.7520000000000006e-05,0.01,50,0,50,4.5
63,0.0,-4.748e-05,0.01,50,0,50,4.5
64,0.0008,-4.744e-05,0.01,50,0,50,4.5
65,0.0012000000000000001,-4.74e-05,0.01,50,0,50,4.5
66,0.0,-4.736e-05,0.01,50,0,50,4.5
67,0.0024000000000000002,-4.732e-05,0.01,50,0,50,4.5
68,0.0008,-4.728e-05,0.01,50,0,50,4.5
69,0.0012000000000000001,-4.724e-05,0.01,50,0,50,4.5
70,0.0008,-4.72e-05,0.01,50,0,50,4.5
71,-0.0004,-4.716e-05,0.01,50,0,50,4.5
72,0.0008,-4.712e-05,0.01,50,0,50,4.5
73,0.0008,-4.708e-05,0.01,50,0,50,4.5
74,0.0012000000000000001,-4.7040000000000004e-05,0.01,50,0,50,4.5
75,0.0008,-4.7000000000000004e-05,0.01,50,0,50,4.5
76,-0.0012000000000000001,-4.6960000000000004e-05,0.01,50,0,50,4.5
77,0.0004,-4.6920000000000005e-05,0.01,50,0,50,4.5
78,-0.0004,-4.6880000000000005e-05,0.01,50,0,50,4.5
79,0.0,-4.6840000000000006e-05,0.01,50,0,50,4.5
80,0.0004,-4.68e-05,0.01,50,0,50,4.5
81,0.0,-4.676e-05,0.01,50,0,50,4.5
82,0.0,-4.672e-05,0.01,50,0,50,4.5
83,0.0004,-4.668e-05,0.01,50,0,50,4.5
84,0.0004,-4.664e-05,0.01,50,0,50,4.5
85,0.0016,-4.66e-05,0.01,50,0,50,4.5
86,0.0016,-4.656e-05,0.01,50,0,50,4.5
87,0.0012000000000000001,-4.652e-05,0.01,50,0,50,4.5
88,0.0008,-4.648e-05,0.01,50,0,50,4.5
89,-0.0004,-4.644e-05,0.01,50,0,50,4.5
90,0.0008,-4.64e-05,0.01,50,0,50,4.5
91,0.0004,-4.636e-05,0.01,50,0,50,4.5
92,0.0004,-4.6320000000000004e-05,0.01,50,0,50,4.5
93,0.0012000000000000001,-4.6280000000000004e-05,0.01,50,0,50,4.5
94,0.0008,-4.6240000000000005e-05,0.01,50,0,50,4.5
95,0.0008,-4.6200000000000005e-05,0.01,50,0,50,4.5
96,0.0008,-4.6160000000000005e-05,0.01,50,0,50,4.5
97,-0.0004,-4.612e-05,0.01,50,0,50,4.5
98,0.0024000000000000002,-4.6080000000000006e-05,0.01,50,0,50,4.5
99,0.0004,-4.604e-05,0.01,50,0,50,4.5
100,0.0008,-4.6e-05,0.01,50,0,50,4.5
101,0.0,-4.596e-05,0.01,50,0,50,4.5
102,-0.0012000000000000001,-4.592e-05,0.01,50,0,50,4.5
103,0.0,-4.588e-05,0.01,50,0,50,4.5
104,0.0,-4.584e-05,0.01,50,0,50,4.5
105,0.0012000000000000001,-4.58e-05,0.01,50,0,50,4.5
106,0.0008,-4.576e-05,0.01,50,0,50,4.5
107,-0.0008,-4.572e-05,0.01,50,0,50,4.5
108,-0.0008,-4.568e-05,0.01,50,0,50,4.5
109,-0.0004,-4.5640000000000003e-05,0.01,50,0,50,4.5
110,0.0008,-4.5600000000000004e-05,0.01,50,0,50,4.5
111,0.0008,-4.5560000000000004e-05,0.01,50,0,50,4.5
112,0.0,-4.5520000000000005e-05,0.01,50,0,50,4.5
113,0.0004,-4.5480000000000005e-05,0.01,50,0,50,4.5
114,0.0,-4.544e-05,0.01,50,0,50,4.5
115,0.0004,-4.5400000000000006e-05,0.01,50,0,50,4.5
116,0.0016,-4.536e-05,0.01,50,0,50,4.5
117,0.0008,-4.532e-05,0.01,50,0,50,4.5
118,0.0008,-4.528e-05,0.01,50,0,50,4.5
119,0.0004,-4.524e-05,0.01,50,0,50,4.5
120,-0.0004,-4.52e-05,0.01,50,0,50,4.5
121,0.0016,-4.516e-05,0.01,50,0,50,4.5
122,0.0008,-4.512e-05,0.01,50,0,50,4.5
123,0.0,-4.508e-05,0.01,50,0,50,4.5
124,0.0016,-4.504e-05,0.01,50,0,50,4.5
125,0.0,-4.5e-05,0.01,50,0,50,4.5
126,0.002,-4.496e-05,0.01,50,0,50,4.5
127,0.0004,-4.4920000000000004e-05,0.01,50,0,50,4.5
128,0.0,-4.4880000000000004e-05,0.01,50,0,50,4.5
129,0.0016,-4.4840000000000004e-05,0.01,50,0,50,4.5
130,0.0004,-4.4800000000000005e-05,0.01,50,0,50,4.5
131,0.0,-4.4760000000000005e-05,0.01,50,0,50,4.5
132,-0.0004,-4.4720000000000006e-05,0.01,50,0,50,4.5
133,-0.0004,-4.468e-05,0.01,50,0,50,4.5
134,0.0008,-4.464e-05,0.01,50,0,50,4.5
135,0.0,-4.46e-05,0.01,50,0,50,4.5
136,0.0004,-4.456e-05,0.01,50,0,50,4.5
137,0.0,-4.452e-05,0.01,50,0,50,4.5
138,-0.0008,-4.448e-05,0.01,50,0,50,4.5
139,0.0004,-4.444e-05,0.01,50,0,50,4.5
140,0.0008,-4.44e-05,0.01,50,0,50,4.5
141,0.0004,-4.436e-05,0.01,50,0,50,4.5
142,0.0004,-4.432e-05,0.01,50,0,50,4.5
143,-0.0012000000000000001,-4.428e-05,0.01,50,0,50,4.5
144,-0.0008,-4.424e-05,0.01,50,0,50,4.5
145,0.0,-4.4200000000000004e-05,0.01,50,0,50,4.5
146,0.0012000000000000001,-4.4160000000000004e-05,0.01,50,0,50,4.5
147,0.0016,-4.4120000000000004e-05,0.01,50,0,50,4.5
148,0.0,-4.4080000000000005e-05,0.01,50,0,50,4.5
149,0.0008,-4.4040000000000005e-05,0.01,50,0,50,4.5
150,0.0,-4.4e-05,0.01,50,0,50,4.5
151,0.0,-4.3960000000000006e-05,0.01,50,0,50,4.5
152,0.0012000000000000001,-4.392e-05,0.01,50,0,50,4.5
153,0.0004,-4.388e-05,0.01,50,0,50,4.5
154,0.0004,-4.384e-05,0.01,50,0,50,4.5
155,0.0008,-4.38e-05,0.01,50,0,50,4.5
156,0.0008,-4.376e-05,0.01,50,0,50,4.5
157,0.0016,-4.372e-05,0.01,50,0,50,4.5
158,0.0004,-4.368e-05,0.01,50,0,50,4.5
159,0.0,-4.364e-05,0.01,50,0,50,4.5
160,0.0016,-4.36e-05,0.01,50,0,50,4.5
161,-0.0008,-4.356e-05,0.01,50,0,50,4.5
162,-0.0004,-4.3520000000000003e-05,0.01,50,0,50,4.5
163,-0.0016,-4.3480000000000004e-05,0.01,50,0,50,4.5
164,-0.0012000000000000001,-4.3440000000000004e-05,0.01,50,0,50,4.5
165,0.0004,-4.3400000000000005e-05,0.01,50,0,50,4.5
166,0.0,-4.3360000000000005e-05,0.01,50,0,50,4.5
167,-0.0008,-4.332e-05,0.01,50,0,50,4.5
168,0.0,-4.3280000000000006e-05,0.01,50,0,50,4.5
169,0.0,-4.324e-05,0.01,50,0,50,4.5
170,0.0012000000000000001,-4.32e-05,0.01,50,0,50,4.5
171,0.0012000000000000001,-4.316e-05,0.01,50,0,50,4.5
172,0.0004,-4.312e-05,0.01,50,0,50,4.5
173,0.0012000000000000001,-4.308e-05,0.01,50,0,50,4.5
174,-0.0012000000000000001,-4.304e-05,0.01,50,0,50,4.5
175,0.0004,-4.3e-05,0.01,50,0,50,4.5
176,0.0,-4.296e-05,0.01,50,0,50,4.5
177,0.0008,-4.292e-05,0.01,50,0,50,4.5
178,0.0012000000000000001,-4.288e-05,0.01,50,0,50,4.5
179,-0.0004,-4.284e-05,0.01,50,0,50,4.5
180,0.0004,-4.2800000000000004e-05,0.01,50,0,50,4.5
181,0.0004,-4.2760000000000004e-05,0.01,50,0,50,4.5
182,0.0008,-4.2720000000000004e-05,0.01,50,0,50,4.5
183,0.0012000000000000001,-4.2680000000000005e-05,0.01,50,0,50,4.5
184,0.0004,-4.2640000000000005e-05,0.01,50,0,50,4.5
185,0.0008,-4.2600000000000005e-05,0.01,50,0,50,4.5
186,0.0008,-4.256e-05,0.01,50,0,50,4.5
187,0.0008,-4.252e-05,0.01,50,0,50,4.5
188,0.0,-4.248e-05,0.01,50,0,50,4.5
189,-0.0004,-4.244e-05,0.01,50,0,50,4.5
190,0.0012000000000000001,-4.24e-05,0.01,50,0,50,4.5
191,0.0004,-4.236e-05,0.01,50,0,50,4.5
192,-0.0012000000000000001,-4.232e-05,0.01,50,0,50,4.5
193,-0.0016,-4.228e-05,0.01,50,0,50,4.5
194,-0.0012000000000000001,-4.224e-05,0.01,50,0,50,4.5
195,0.0,-4.22e-05,0.01,50,0,50,4.5
196,0.0008,-4.216e-05,0.01,50,0,50,4.5
197,0.0012000000000000001,-4.212e-05,0.01,50,0,50,4.5
198,0.0,-4.2080000000000004e-05,0.01,50,0,50,4.5
199,0.0008,-4.2040000000000004e-05,0.01,50,0,50,4.5
200,0.0008,-4.2000000000000004e-05,0.01,50,0,50,4.5
201,0.0016,-4.196e-05,0.01,50,0,50,4.5
202,0.0,-4.1920000000000005e-05,0.01,50,0,50,4.5
203,0.0008,-4.188e-05,0.01,50,0,50,4.5
204,0.0008,-4.1840000000000006e-05,0.01,50,0,50,4.5
205,-0.0008,-4.18e-05,0.01,50,0,50,4.5
206,0.0004,-4.176e-05,0.01,50,0,50,4.5
207,0.0,-4.172e-05,0.01,50,0,50,4.5
208,0.0004,-4.168e-05,0.01,50,0,50,4.5
209,0.002,-4.164e-05,0.01,50,0,50,4.5
210,0.0,-4.16e-05,0.01,50,0,50,4.5
211,0.0012000000000000001,-4.156e-05,0.01,50,0,50,4.5
212,-0.0004,-4.152e-05,0.01,50,0,50,4.5
213,0.0004,-4.148e-05,0.01,50,0,50,4.5
214,0.0016,-4.144e-05,0.01,50,0,50,4.5
215,-0.0004,-4.1400000000000003e-05,0.01,50,0,50,4.5
216,0.0012000000000000001,-4.1360000000000004e-05,0.01,50,0,50,4.5
217,0.0,-4.1320000000000004e-05,0.01,50,0,50,4.5
218,-0.0004,-4.1280000000000005e-05,0.01,50,0,50,4.5
219,0.0004,-4.1240000000000005e-05,0.01,50,0,50,4.5
220,0.0,-4.12e-05,0.01,50,0,50,4.5
221,0.0,-4.1160000000000006e-05,0.01,50,0,50,4.5
222,0.0004,-4.112e-05,0.01,50,0,50,4.5
223,-0.0008,-4.108e-05,0.01,50,0,50,4.5
224,0.0,-4.104e-05,0.01,50,0,50,4.5
225,0.0,-4.1e-05,0.01,50,0,50,4.5
226,0.0004,-4.096e-05,0.01,50,0,50,4.5
227,0.0016,-4.092e-05,0.01,50,0,50,4.5
228,0.0,-4.088e-05,0.01,50,0,50,4.5
229,0.0,-4.084e-05,0.01,50,0,50,4.5
230,0.0004,-4.08e-05,0.01,50,0,50,4.5
231,0.0,-4.076e-05,0.01,50,0,50,4.5
232,0.0016,-4.072e-05,0.01,50,0,50,4.5
233,0.0004,-4.0680000000000004e-05,0.01,50,0,50,4.5
234,0.0004,-4.0640000000000004e-05,0.01,50,0,50,4.5
235,0.0004,-4.0600000000000004e-05,0.01,50,0,50,4.5
236,-0.0004,-4.0560000000000005e-05,0.01,50,0,50,4.5
237,0.0016,-4.052e-05,0.01,50,0,50,4.5
238,0.0008,-4.0480000000000005e-05,0.01,50,0,50,4.5
239,0.0016,-4.044e-05,0.01,50,0,50,4.5
240,0.0012000000000000001,-4.0400000000000006e-05,0.01,50,0,50,4.5
241,-0.0008,-4.036e-05,0.01,50,0,50,4.5
242,0.0016,-4.032e-05,0.01,50,0,50,4.5
243,0.0008,-4.028e-05,0.01,50,0,50,4.5
244,0.0008,-4.024e-05,0.01,50,0,50,4.5
245,0.0004,-4.02e-05,0.01,50,0,50,4.5
246,-0.0004,-4.016e-05,0.01,50,0,50,4.5
247,0.0,-4.012e-05,0.01,50,0,50,4.5
248,0.0004,-4.008e-05,0.01,50,0,50,4.5
249,0.0,-4.004e-05,0.01,50,0,50,4.5
250,0.0012000000000000001,-4e-05,0.01,50,0,50,4.5
251,0.0004,-3.9960000000000004e-05,0.01,50,0,50,4.5
252,0.0008,-3.9920000000000004e-05,0.01,50,0,50,4.5
253,-0.0004,-3.9880000000000004e-05,0.01,50,0,50,4.5
254,-0.0004,-3.984e-05,0.01,50,0,50,4.5
255,0.0012000000000000001,-3.9800000000000005e-05,0.01,50,0,50,4.5
256,0.0012000000000000001,-3.976e-05,0.01,50,0,50,4.5
257,0.0012000000000000001,-3.9720000000000006e-05,0.01,50,0,50,4.5
258,0.0016,-3.968e-05,0.01,50,0,50,4.5
259,-0.0008,-3.964e-05,0.01,50,0,50,4.5
260,0.0004,-3.96e-05,0.01,50,0,50,4.5
261,0.0008,-3.956e-05,0.01,50,0,50,4.5
262,0.0016,-3.952e-05,0.01,50,0,50,4.5
263,0.0024000000000000002,-3.948e-05,0.01,50,0,50,4.5
264,0.0,-3.944e-05,0.01,50,0,50,4.5
265,0.0004,-3.94e-05,0.01,50,0,50,4.5
266,-0.0004,-3.936e-05,0.01,50,0,50,4.5
267,0.0004,-3.932e-05,0.01,50,0,50,4.5
268,0.002,-3.9280000000000003e-05,0.01,50,0,50,4.5
269,0.0008,-3.9240000000000004e-05,0.01,50,0,50,4.5
270,0.0004,-3.9200000000000004e-05,0.01,50,0,50,4.5
271,0.0,-3.9160000000000005e-05,0.01,50,0,50,4.5
272,0.0,-3.9120000000000005e-05,0.01,50,0,50,4.5
273,0.0,-3.908e-05,0.01,50,0,50,4.5
274,0.0,-3.9040000000000006e-05,0.01,50,0,50,4.5
275,-0.0004,-3.9e-05,0.01,50,0,50,4.5
276,0.0004,-3.896e-05,0.01,50,0,50,4.5
277,-0.0012000000000000001,-3.892e-05,0.01,50,0,50,4.5
278,0.0004,-3.888e-05,0.01,50,0,50,4.5
279,0.0,-3.884e-05,0.01,50,0,50,4.5
280,0.0004,-3.88e-05,0.01,50,0,50,4.5
281,0.0008,-3.876e-05,0.01,50,0,50,4.5
282,0.0004,-3.872e-05,0.01,50,0,50,4.5
283,0.0008,-3.868e-05,0.01,50,0,50,4.5
284,0.0,-3.864e-05,0.01,50,0,50,4.5
285,-0.0004,-3.86e-05,0.01,50,0,50,4.5
286,0.0012000000000000001,-3.8560000000000004e-05,0.01,50,0,50,4.5
287,0.0016,-3.8520000000000004e-05,0.01,50,0,50,4.5
288,0.0008,-3.8480000000000004e-05,0.01,50,0,50,4.5
289,0.002,-3.8440000000000005e-05,0.01,50,0,50,4.5
290,-0.0008,-3.84e-05,0.01,50,0,50,4.5
291,0.0008,-3.8360000000000005e-05,0.01,50,0,50,4.5
292,0.0012000000000000001,-3.832e-05,0.01,50,0,50,4.5
293,0.0004,-3.8280000000000006e-05,0.01,50,0,50,4.5
294,0.0012000000000000001,-3.824e-05,0.01,50,0,50,4.5
295,-0.0008,-3.82e-05,0.01,50,0,50,4.5
296,0.0,-3.816e-05,0.01,50,0,50,4.5
297,0.0008,-3.812e-05,0.01,50,0,50,4.5
298,0.0012000000000000001,-3.808e-05,0.01,50,0,50,4.5
299,0.002,-3.804e-05,0.01,50,0,50,4.5
300,-0.0004,-3.8e-05,0.01,50,0,50,4.5
301,0.0,-3.796e-05,0.01,50,0,50,4.5
302,0.0004,-3.792e-05,0.01,50,0,50,4.5
303,-0.0004,-3.788e-05,0.01,50,0,50,4.5
304,0.0,-3.7840000000000004e-05,0.01,50,0,50,4.5
305,-0.0008,-3.7800000000000004e-05,0.01,50,0,50,4.5
306,-0.0004,-3.7760000000000004e-05,0.01,50,0,50,4.5
307,0.0,-3.772e-05,0.01,50,0,50,4.5
308,0.0004,-3.7680000000000005e-05,0.01,50,0,50,4.5
309,0.0004,-3.764e-05,0.01,50,0,50,4.5
310,0.0,-3.7600000000000006e-05,0.01,50,0,50,4.5
311,-0.0004,-3.756e-05,0.01,50,0,50,4.5
312,0.0012000000000000001,-3.752e-05,0.01,50,0,50,4.5
313,0.0004,-3.748e-05,0.01,50,0,50,4.5
314,0.0008,-3.744e-05,0.01,50,0,50,4.5
315,0.0004,-3.74e-05,0.01,50,0,50,4.5
316,0.0004,-3.736e-05,0.01,50,0,50,4.5
317,0.002,-3.732e-05,0.01,50,0,50,4.5
318,0.0008,-3.728e-05,0.01,50,0,50,4.5
319,0.0008,-3.724e-05,0.01,50,0,50,4.5
320,0.0004,-3.72e-05,0.01,50,0,50,4.5
321,-0.0004,-3.716e-05,0.01,50,0,50,4.5
322,0.0016,-3.7120000000000004e-05,0.01,50,0,50,4.5
323,0.0016,-3.7080000000000004e-05,0.01,50,0,50,4.5
324,0.0012000000000000001,-3.7040000000000005e-05,0.01,50,0,50,4.5
325,0.0008,-3.7000000000000005e-05,0.01,50,0,50,4.5
326,-0.0004,-3.696e-05,0.01,50,0,50,4.5
327,0.0,-3.6920000000000006e-05,0.01,50,0,50,4.5
328,0.0,-3.688e-05,0.01,50,0,50,4.5
329,0.0004,-3.684e-05,0.01,50,0,50,4.5
330,0.0016,-3.68e-05,0.01,50,0,50,4.5
331,0.0008,-3.676e-05,0.01,50,0,50,4.5
332,0.0004,-3.672e-05,0.01,50,0,50,4.5
333,0.0,-3.668e-05,0.01,50,0,50,4.5
334,-0.0012000000000000001,-3.664e-05,0.01,50,0,50,4.5
335,0.0012000000000000001,-3.66e-05,0.01,50,0,50,4.5
336,0.0,-3.656e-05,0.01,50,0,50,4.5
337,0.0008,-3.652e-05,0.01,50,0,50,4.5
338,0.0004,-3.648e-05,0.01,50,0,50,4.5
339,-0.0004,-3.6440000000000003e-05,0.01,50,0,50,4.5
340,0.0012000000000000001,-3.6400000000000004e-05,0.01,50,0,50,4.5
341,0.0008,-3.6360000000000004e-05,0.01,50,0,50,4.5
342,0.0008,-3.6320000000000005e-05,0.01,50,0,50,4.5
343,0.0008,-3.628e-05,0.01,50,0,50,4.5
344,0.0,-3.6240000000000005e-05,0.01,50,0,50,4.5
345,0.0008,-3.62e-05,0.01,50,0,50,4.5
346,0.0008,-3.6160000000000006e-05,0.01,50,0,50,4.5
347,0.0008,-3.612e-05,0.01,50,0,50,4.5
348,0.0016,-3.608e-05,0.01,50,0,50,4.5
349,0.0016,-3.604e-05,0.01,50,0,50,4.5
350,0.0012000000000000001,-3.6e-05,0.01,50,0,50,4.5
351,0.0004,-3.596e-05,0.01,50,0,50,4.5
352,-0.0012000000000000001,-3.592e-05,0.01,50,0,50,4.5
353,0.0008,-3.588e-05,0.01,50,0,50,4.5
354,0.0012000000000000001,-3.584e-05,0.01,50,0,50,4.5
355,0.0008,-3.58e-05,0.01,50,0,50,4.5
356,0.0004,-3.576e-05,0.01,50,0,50,4.5
357,-0.0008,-3.5720000000000004e-05,0.01,50,0,50,4.5
358,-0.0004,-3.5680000000000004e-05,0.01,50,0,50,4.5
359,0.0004,-3.5640000000000004e-05,0.01,50,0,50,4.5
360,0.0004,-3.56e-05,0.01,50,0,50,4.5
361,0.0,-3.5560000000000005e-05,0.01,50,0,50,4.5
362,0.0,-3.552e-05,0.01,50,0,50,4.5
363,-0.0012000000000000001,-3.5480000000000006e-05,0.01,50,0,50,4.5
364,-0.0004,-3.544e-05,0.01,50,0,50,4.5
365,-0.0012000000000000001,-3.54e-05,0.01,50,0,50,4.5
366,0.0,-3.536e-05,0.01,50,0,50,4.5
367,-0.0004,-3.532e-05,0.01,50,0,50,4.5
368,0.0004,-3.528e-05,0.01,50,0,50,4.5
369,0.0,-3.524e-05,0.01,50,0,50,4.5
370,0.0,-3.52e-05,0.01,50,0,50,4.5
371,0.002,-3.516e-05,0.01,50,0,50,4.5
372,0.0004,-3.512e-05,0.01,50,0,50,4.5
373,0.0008,-3.508e-05,0.01,50,0,50,4.5
374,0.0,-3.504e-05,0.01,50,0,50,4.5
375,-0.0004,-3.5000000000000004e-05,0.01,50,0,50,4.5
376,0.0004,-3.4960000000000004e-05,0.01,50,0,50,4.5
377,0.0,-3.4920000000000004e-05,0.01,50,0,50,4.5
378,-0.0004,-3.4880000000000005e-05,0.01,50,0,50,4.5
379,0.0012000000000000001,-3.484e-05,0.01,50,0,50,4.5
380,0.0004,-3.4800000000000006e-05,0.01,50,0,50,4.5
381,0.0004,-3.476e-05,0.01,50,0,50,4.5
382,0.0,-3.4720000000000006e-05,0.01,50,0,50,4.5
383,0.0,-3.468e-05,0.01,50,0,50,4.5
384,0.0008,-3.464e-05,0.01,50,0,50,4.5
385,0.0012000000000000001,-3.46e-05,0.01,50,0,50,4.5
386,-0.0004,-3.456e-05,0.01,50,0,50,4.5
387,-0.0004,-3.452e-05,0.01,50,0,50,4.5
388,-0.0008,-3.448e-05,0.01,50,0,50,4.5
389,0.0,-3.444e-05,0.01,50,0,50,4.5
390,0.0004,-3.44e-05,0.01,50,0,50,4.5
391,0.0,-3.436e-05,0.01,50,0,50,4.5
392,-0.0004,-3.4320000000000003e-05,0.01,50,0,50,4.5
393,-0.0012000000000000001,-3.4280000000000004e-05,0.01,50,0,50,4.5
394,0.0008,-3.424e-05,0.01,50,0,50,4.5
395,0.0,-3.4200000000000005e-05,0.01,50,0,50,4.5
396,0.0,-3.416e-05,0.01,50,0,50,4.5
397,0.0012000000000000001,-3.4120000000000005e-05,0.01,50,0,50,4.5
398,0.0,-3.408e-05,0.01,50,0,50,4.5
399,-0.0004,-3.4040000000000006e-05,0.01,50,0,50,4.5
400,-0.0004,-3.4e-05,0.01,50,0,50,4.5
401,0.0,-3.396000000000001e-05,0.01,50,0,50,4.5
402,0.0016,-3.392e-05,0.01,50,0,50,4.5
403,0.0008,-3.388e-05,0.01,50,0,50,4.5
404,0.0004,-3.384e-05,0.01,50,0,50,4.5
405,0.0004,-3.38e-05,0.01,50,0,50,4.5
406,-0.0012000000000000001,-3.376e-05,0.01,50,0,50,4.5
407,0.0004,-3.372e-05,0.01,50,0,50,4.5
408,-0.0004,-3.368e-05,0.01,50,0,50,4.5
409,0.0,-3.364e-05,0.01,50,0,50,4.5
410,0.0008,-3.3600000000000004e-05,0.01,50,0,50,4.5
411,-0.0008,-3.356e-05,0.01,50,0,50,4.5
412,-0.0004,-3.3520000000000004e-05,0.01,50,0,50,4.5
413,0.0,-3.348e-05,0.01,50,0,50,4.5
414,0.0008,-3.3440000000000005e-05,0.01,50,0,50,4.5
415,0.0016,-3.34e-05,0.01,50,0,50,4.5
416,0.0,-3.3360000000000006e-05,0.01,50,0,50,4.5
417,-0.0004,-3.332e-05,0.01,50,0,50,4.5
418,-0.0012000000000000001,-3.328000000000001e-05,0.01,50,0,50,4.5
419,-0.0004,-3.324e-05,0.01,50,0,50,4.5
420,0.0008,-3.32e-05,0.01,50,0,50,4.5
421,0.0008,-3.316e-05,0.01,50,0,50,4.5
422,-0.0008,-3.312e-05,0.01,50,0,50,4.5
423,-0.0008,-3.308e-05,0.01,50,0,50,4.5
424,-0.0012000000000000001,-3.304e-05,0.01,50,0,50,4.5
425,0.0012000000000000001,-3.3e-05,0.01,50,0,50,4.5
426,0.0008,-3.296e-05,0.01,50,0,50,4.5
427,0.0,-3.292e-05,0.01,50,0,50,4.5
428,0.0012000000000000001,-3.2880000000000004e-05,0.01,50,0,50,4.5
429,-0.0004,-3.2840000000000004e-05,0.01,50,0,50,4.5
430,0.0004,-3.28e-05,0.01,50,0,50,4.5
431,0.0012000000000000001,-3.2760000000000005e-05,0.01,50,0,50,4.5
432,0.0,-3.272e-05,0.01,50,0,50,4.5
433,0.002,-3.2680000000000006e-05,0.01,50,0,50,4.5
434,0.0004,-3.264e-05,0.01,50,0,50,4.5
435,0.0004,-3.2600000000000006e-05,0.01,50,0,50,4.5
436,0.0,-3.256e-05,0.01,50,0,50,4.5
437,-0.0004,-3.252e-05,0.01,50,0,50,4.5
438,0.0,-3.248e-05,0.01,50,0,50,4.5
439,-0.0004,-3.244e-05,0.01,50,0,50,4.5
440,0.0,-3.24e-05,0.01,50,0,50,4.5
441,-0.0004,-3.236e-05,0.01,50,0,50,4.5
442,-0.0004,-3.232e-05,0.01,50,0,50,4.5
443,-0.0004,-3.228e-05,0.01,50,0,50,4.5
444,0.0004,-3.224e-05,0.01,50,0,50,4.5
445,0.0004,-3.2200000000000003e-05,0.01,50,0,50,4.5
446,0.0,-3.2160000000000004e-05,0.01,50,0,50,4.5
447,-0.0012000000000000001,-3.212e-05,0.01,50,0,50,4.5
448,-0.0004,-3.2080000000000005e-05,0.01,50,0,50,4.5
449,-0.0004,-3.204e-05,0.01,50,0,50,4.5
450,0.0,-3.2000000000000005e-05,0.01,50,0,50,4.5
451,0.0008,-3.196e-05,0.01,50,0,50,4.5
452,0.0004,-3.1920000000000006e-05,0.01,50,0,50,4.5
453,-0.0004,-3.188e-05,0.01,50,0,50,4.5
454,0.0008,-3.184000000000001e-05,0.01,50,0,50,4.5
455,0.0,-3.18e-05,0.01,50,0,50,4.5
456,0.0012000000000000001,-3.176e-05,0.01,50,0,50,4.5
457,0.0012000000000000001,-3.172e-05,0.01,50,0,50,4.5
458,0.0008,-3.168e-05,0.01,50,0,50,4.5
459,0.0012000000000000001,-3.164e-05,0.01,50,0,50,4.5
460,0.0004,-3.16e-05,0.01,50,0,50,4.5
461,0.0008,-3.156e-05,0.01,50,0,50,4.5
462,0.0,-3.152e-05,0.01,50,0,50,4.5
463,0.0008,-3.1480000000000004e-05,0.01,50,0,50,4.5
464,0.0008,-3.144e-05,0.01,50,0,50,4.5
465,-0.0004,-3.1400000000000004e-05,0.01,50,0,50,4.5
466,-0.0004,-3.136e-05,0.01,50,0,50,4.5
467,0.0,-3.1320000000000005e-05,0.01,50,0,50,4.5
468,0.0004,-3.128e-05,0.01,50,0,50,4.5
469,0.0012000000000000001,-3.1240000000000006e-05,0.01,50,0,50,4.5
470,0.0008,-3.12e-05,0.01,50,0,50,4.5
471,0.0004,-3.1160000000000007e-05,0.01,50,0,50,4.5
472,0.0,-3.112e-05,0.01,50,0,50,4.5
473,-0.0008,-3.108e-05,0.01,50,0,50,4.5
474,-0.0004,-3.104e-05,0.01,50,0,50,4.5
475,0.0004,-3.1e-05,0.01,50,0,50,4.5
476,0.0004,-3.096e-05,0.01,50,0,50,4.5
477,0.0004,-3.092e-05,0.01,50,0,50,4.5
478,0.0,-3.088e-05,0.01,50,0,50,4.5
479,0.0,-3.084e-05,0.01,50,0,50,4.5
480,0.0004,-3.08e-05,0.01,50,0,50,4.5
481,0.002,-3.0760000000000004e-05,0.01,50,0,50,4.5
482,0.0016,-3.0720000000000004e-05,0.01,50,0,50,4.5
483,0.0012000000000000001,-3.068e-05,0.01,50,0,50,4.5
484,0.0004,-3.0640000000000005e-05,0.01,50,0,50,4.5
485,0.0,-3.06e-05,0.01,50,0,50,4.5
486,0.0004,-3.0560000000000006e-05,0.01,50,0,50,4.5
487,0.0024000000000000002,-3.052e-05,0.01,50,0,50,4.5
488,0.0008,-3.0480000000000003e-05,0.01,50,0,50,4.5
489,0.0008,-3.0440000000000003e-05,0.01,50,0,50,4.5
490,0.0004,-3.04e-05,0.01,50,0,50,4.5
491,-0.0008,-3.036e-05,0.01,50,0,50,4.5
492,0.0016,-3.032e-05,0.01,50,0,50,4.5
493,0.0008,-3.028e-05,0.01,50,0,50,4.5
494,0.0008,-3.0240000000000002e-05,0.01,50,0,50,4.5
495,0.0008,-3.0200000000000002e-05,0.01,50,0,50,4.5
496,-0.0004,-3.0160000000000003e-05,0.01,50,0,50,4.5
497,0.0,-3.0120000000000003e-05,0.01,50,0,50,4.5
498,0.0004,-3.0080000000000003e-05,0.01,50,0,50,4.5
499,0.0,-3.004e-05,0.01,50,0,50,4.5
500,0.0008,-3e-05,0.01,50,0,50,4.5
501,0.0008,-2.996e-05,0.01,50,0,50,4.5
502,0.0004,-2.992e-05,0.01,50,0,50,4.5
503,0.0008,-2.9880000000000002e-05,0.01,50,0,50,4.5
504,-0.0008,-2.9840000000000002e-05,0.01,50,0,50,4.5
505,0.0,-2.9800000000000003e-05,0.01,50,0,50,4.5
506,0.0008,-2.9760000000000003e-05,0.01,50,0,50,4.5
507,0.0004,-2.9720000000000003e-05,0.01,50,0,50,4.5
508,0.0012000000000000001,-2.968e-05,0.01,50,0,50,4.5
509,-0.0016,-2.964e-05,0.01,50,0,50,4.5
510,0.0,-2.96e-05,0.01,50,0,50,4.5
511,0.0016,-2.956e-05,0.01,50,0,50,4.5
512,0.002,-2.9520000000000002e-05,0.01,50,0,50,4.5
513,0.0028,-2.9480000000000002e-05,0.01,50,0,50,4.5
514,0.0012000000000000001,-2.9440000000000003e-05,0.01,50,0,50,4.5
515,0.0008,-2.9400000000000003e-05,0.01,50,0,50,4.5
516,0.0004,-2.9360000000000003e-05,0.01,50,0,50,4.5
517,0.0008,-2.932e-05,0.01,50,0,50,4.5
518,0.0012000000000000001,-2.928e-05,0.01,50,0,50,4.5
519,0.0004,-2.924e-05,0.01,50,0,50,4.5
520,0.0004,-2.92e-05,0.01,50,0,50,4.5
521,0.0004,-2.9160000000000002e-05,0.01,50,0,50,4.5
522,0.0,-2.9120000000000002e-05,0.01,50,0,50,4.5
523,0.0008,-2.9080000000000003e-05,0.01,50,0,50,4.5
524,0.0008,-2.9040000000000003e-05,0.01,50,0,50,4.5
525,0.0,-2.9000000000000004e-05,0.01,50,0,50,4.5
526,0.0008,-2.896e-05,0.01,50,0,50,4.5
527,0.0,-2.892e-05,0.01,50,0,50,4.5
528,0.0004,-2.888e-05,0.01,50,0,50,4.5
529,0.0008,-2.8840000000000002e-05,0.01,50,0,50,4.5
530,0.0004,-2.8800000000000002e-05,0.01,50,0,50,4.5
531,0.0016,-2.8760000000000002e-05,0.01,50,0,50,4.5
532,0.0008,-2.8720000000000003e-05,0.01,50,0,50,4.5
533,0.0004,-2.8680000000000003e-05,0.01,50,0,50,4.5
534,0.0004,-2.8640000000000004e-05,0.01,50,0,50,4.5
535,-0.0004,-2.86e-05,0.01,50,0,50,4.5
536,0.0016,-2.856e-05,0.01,50,0,50,4.5
537,0.0008,-2.852e-05,0.01,50,0,50,4.5
538,0.0,-2.8480000000000002e-05,0.01,50,0,50,4.5
539,0.0,-2.8440000000000002e-05,0.01,50,0,50,4.5
540,-0.0012000000000000001,-2.8400000000000003e-05,0.01,50,0,50,4.5
541,0.0012000000000000001,-2.8360000000000003e-05,0.01,50,0,50,4.5
542,0.0024000000000000002,-2.8320000000000003e-05,0.01,50,0,50,4.5
543,0.0012000000000000001,-2.828e-05,0.01,50,0,50,4.5
544,0.0008,-2.824e-05,0.01,50,0,50,4.5
545,0.0,-2.82e-05,0.01,50,0,50,4.5
546,0.0012000000000000001,-2.816e-05,0.01,50,0,50,4.5
547,0.002,-2.8120000000000002e-05,0.01,50,0,50,4.5
548,0.0008,-2.8080000000000002e-05,0.01,50,0,50,4.5
549,0.0008,-2.8040000000000003e-05,0.01,50,0,50,4.5
550,-0.0004,-2.8000000000000003e-05,0.01,50,0,50,4.5
551,-0.0004,-2.7960000000000003e-05,0.01,50,0,50,4.5
552,0.0016,-2.792e-05,0.01,50,0,50,4.5
553,0.0,-2.788e-05,0.01,50,0,50,4.5
554,0.0012000000000000001,-2.784e-05,0.01,50,0,50,4.5
555,0.0008,-2.78e-05,0.01,50,0,50,4.5
556,0.0,-2.7760000000000002e-05,0.01,50,0,50,4.5
557,0.0008,-2.7720000000000002e-05,0.01,50,0,50,4.5
558,-0.0008,-2.7680000000000003e-05,0.01,50,0,50,4.5
559,0.0004,-2.7640000000000003e-05,0.01,50,0,50,4.5
560,0.0008,-2.7600000000000003e-05,0.01,50,0,50,4.5
561,0.0,-2.756e-05,0.01,50,0,50,4.5
562,0.0012000000000000001,-2.752e-05,0.01,50,0,50,4.5
563,-0.0008,-2.748e-05,0.01,50,0,50,4.5
564,0.0004,-2.744e-05,0.01,50,0,50,4.5
565,0.0004,-2.7400000000000002e-05,0.01,50,0,50,4.5
566,0.0,-2.7360000000000002e-05,0.01,50,0,50,4.5
567,0.0012000000000000001,-2.7320000000000003e-05,0.01,50,0,50,4.5
568,0.0,-2.7280000000000003e-05,0.01,50,0,50,4.5
569,0.0,-2.7240000000000003e-05,0.01,50,0,50,4.5
570,0.0004,-2.72e-05,0.01,50,0,50,4.5
571,-0.0004,-2.716e-05,0.01,50,0,50,4.5
572,0.0016,-2.712e-05,0.01,50,0,50,4.5
573,0.0008,-2.708e-05,0.01,50,0,50,4.5
574,0.0008,-2.7040000000000002e-05,0.01,50,0,50,4.5
575,0.0004,-2.7000000000000002e-05,0.01,50,0,50,4.5
576,-0.0008,-2.6960000000000003e-05,0.01,50,0,50,4.5
577,0.0016,-2.6920000000000003e-05,0.01,50,0,50,4.5
578,0.002,-2.6880000000000004e-05,0.01,50,0,50,4.5
579,0.0012000000000000001,-2.684e-05,0.01,50,0,50,4.5
580,0.0004,-2.68e-05,0.01,50,0,50,4.5
581,-0.0004,-2.676e-05,0.01,50,0,50,4.5
582,0.0004,-2.672e-05,0.01,50,0,50,4.5
583,0.0,-2.6680000000000002e-05,0.01,50,0,50,4.5
584,0.0,-2.6640000000000002e-05,0.01,50,0,50,4.5
585,0.0008,-2.6600000000000003e-05,0.01,50,0,50,4.5
586,0.0004,-2.6560000000000003e-05,0.01,50,0,50,4.5
587,0.0,-2.6520000000000004e-05,0.01,50,0,50,4.5
588,0.0008,-2.648e-05,0.01,50,0,50,4.5
589,0.0,-2.644e-05,0.01,50,0,50,4.5
590,0.0008,-2.64e-05,0.01,50,0,50,4.5
591,0.0008,-2.6360000000000002e-05,0.01,50,0,50,4.5
592,0.0,-2.6320000000000002e-05,0.01,50,0,50,4.5
593,0.0004,-2.6280000000000002e-05,0.01,50,0,50,4.5
594,-0.0008,-2.6240000000000003e-05,0.01,50,0,50,4.5
595,0.0,-2.6200000000000003e-05,0.01,50,0,50,4.5
596,0.0012000000000000001,-2.616e-05,0.01,50,0,50,4.5
597,0.0008,-2.612e-05,0.01,50,0,50,4.5
598,0.0012000000000000001,-2.608e-05,0.01,50,0,50,4.5
599,0.0,-2.604e-05,0.01,50,0,50,4.5
600,0.0004,-2.6000000000000002e-05,0.01,50,0,50,4.5
601,0.0012000000000000001,-2.5960000000000002e-05,0.01,50,0,50,4.5
602,0.0008,-2.5920000000000003e-05,0.01,50,0,50,4.5
603,0.002,-2.5880000000000003e-05,0.01,50,0,50,4.5
604,0.0012000000000000001,-2.5840000000000003e-05,0.01,50,0,50,4.5
605,0.0004,-2.58e-05,0.01,50,0,50,4.5
606,0.0004,-2.576e-05,0.01,50,0,50,4.5
607,-0.0012000000000000001,-2.572e-05,0.01,50,0,50,4.5
608,0.0008,-2.568e-05,0.01,50,0,50,4.5
609,0.0016,-2.5640000000000002e-05,0.01,50,0,50,4.5
610,0.0012000000000000001,-2.5600000000000002e-05,0.01,50,0,50,4.5
611,0.0004,-2.5560000000000003e-05,0.01,50,0,50,4.5
612,-0.0008,-2.5520000000000003e-05,0.01,50,0,50,4.5
613,0.0004,-2.5480000000000003e-05,0.01,50,0,50,4.5
614,0.0012000000000000001,-2.544e-05,0.01,50,0,50,4.5
615,0.0,-2.54e-05,0.01,50,0,50,4.5
616,0.0012000000000000001,-2.536e-05,0.01,50,0,50,4.5
617,-0.0008,-2.532e-05,0.01,50,0,50,4.5
618,-0.0008,-2.5280000000000002e-05,0.01,50,0,50,4.5
619,0.0008,-2.5240000000000002e-05,0.01,50,0,50,4.5
620,-0.0008,-2.5200000000000003e-05,0.01,50,0,50,4.5
621,0.0012000000000000001,-2.5160000000000003e-05,0.01,50,0,50,4.5
622,0.0008,-2.5120000000000003e-05,0.01,50,0,50,4.5
623,-0.0004,-2.508e-05,0.01,50,0,50,4.5
624,0.0004,-2.504e-05,0.01,50,0,50,4.5
625,-0.0008,-2.5e-05,0.01,50,0,50,4.5
626,0.0012000000000000001,-2.496e-05,0.01,50,0,50,4.5
627,0.0012000000000000001,-2.4920000000000002e-05,0.01,50,0,50,4.5
628,0.0012000000000000001,-2.4880000000000002e-05,0.01,50,0,50,4.5
629,0.0016,-2.4840000000000003e-05,0.01,50,0,50,4.5
630,0.0012000000000000001,-2.4800000000000003e-05,0.01,50,0,50,4.5
631,0.0012000000000000001,-2.4760000000000003e-05,0.01,50,0,50,4.5
632,-0.0004,-2.472e-05,0.01,50,0,50,4.5
633,0.0,-2.468e-05,0.01,50,0,50,4.5
634,0.002,-2.464e-05,0.01,50,0,50,4.5
635,0.0008,-2.46e-05,0.01,50,0,50,4.5
636,0.0004,-2.4560000000000002e-05,0.01,50,0,50,4.5
637,-0.0008,-2.4520000000000002e-05,0.01,50,0,50,4.5
638,-0.0016,-2.4480000000000003e-05,0.01,50,0,50,4.5
639,0.0004,-2.4440000000000003e-05,0.01,50,0,50,4.5
640,0.0,-2.4400000000000004e-05,0.01,50,0,50,4.5
641,-0.0004,-2.436e-05,0.01,50,0,50,4.5
642,0.0,-2.432e-05,0.01,50,0,50,4.5
643,-0.0004,-2.428e-05,0.01,50,0,50,4.5
644,0.0012000000000000001,-2.4240000000000002e-05,0.01,50,0,50,4.5
645,0.0004,-2.4200000000000002e-05,0.01,50,0,50,4.5
646,0.0004,-2.4160000000000002e-05,0.01,50,0,50,4.5
647,0.0004,-2.4120000000000003e-05,0.01,50,0,50,4.5
648,-0.0008,-2.4080000000000003e-05,0.01,50,0,50,4.5
649,-0.0004,-2.404e-05,0.01,50,0,50,4.5
650,0.0,-2.4e-05,0.01,50,0,50,4.5
651,0.0,-2.396e-05,0.01,50,0,50,4.5
652,0.0004,-2.392e-05,0.01,50,0,50,4.5
653,0.0004,-2.3880000000000002e-05,0.01,50,0,50,4.5
654,0.0008,-2.3840000000000002e-05,0.01,50,0,50,4.5
655,0.0004,-2.3800000000000003e-05,0.01,50,0,50,4.5
656,0.0,-2.3760000000000003e-05,0.01,50,0,50,4.5
657,0.0012000000000000001,-2.3720000000000003e-05,0.01,50,0,50,4.5
658,0.0008,-2.368e-05,0.01,50,0,50,4.5
659,0.0008,-2.364e-05,0.01,50,0,50,4.5
660,0.0,-2.36e-05,0.01,50,0,50,4.5
661,0.0,-2.356e-05,0.01,50,0,50,4.5
662,-0.0008,-2.3520000000000002e-05,0.01,50,0,50,4.5
663,0.0008,-2.3480000000000002e-05,0.01,50,0,50,4.5
664,0.0008,-2.3440000000000003e-05,0.01,50,0,50,4.5
665,0.0016,-2.3400000000000003e-05,0.01,50,0,50,4.5
666,-0.0008,-2.3360000000000003e-05,0.01,50,0,50,4.5
667,-0.0012000000000000001,-2.332e-05,0.01,50,0,50,4.5
668,-0.0008,-2.328e-05,0.01,50,0,50,4.5
669,-0.0008,-2.324e-05,0.01,50,0,50,4.5
670,0.0008,-2.32e-05,0.01,50,0,50,4.5
671,0.0,-2.3160000000000002e-05,0.01,50,0,50,4.5
672,-0.0012000000000000001,-2.3120000000000002e-05,0.01,50,0,50,4.5
673,-0.0004,-2.3080000000000003e-05,0.01,50,0,50,4.5
674,0.0,-2.3040000000000003e-05,0.01,50,0,50,4.5
675,0.002,-2.3000000000000003e-05,0.01,50,0,50,4.5
676,0.0004,-2.296e-05,0.01,50,0,50,4.5
677,0.0,-2.292e-05,0.01,50,0,50,4.5
678,0.0,-2.288e-05,0.01,50,0,50,4.5
679,-0.0012000000000000001,-2.284e-05,0.01,50,0,50,4.5
680,-0.0004,-2.2800000000000002e-05,0.01,50,0,50,4.5
681,0.0004,-2.2760000000000002e-05,0.01,50,0,50,4.5
682,0.0004,-2.2720000000000003e-05,0.01,50,0,50,4.5
683,0.0012000000000000001,-2.2680000000000003e-05,0.01,50,0,50,4.5
684,0.0004,-2.2640000000000003e-05,0.01,50,0,50,4.5
685,0.0008,-2.26e-05,0.01,50,0,50,4.5
686,0.0012000000000000001,-2.256e-05,0.01,50,0,50,4.5
687,-0.0004,-2.252e-05,0.01,50,0,50,4.5
688,0.0008,-2.248e-05,0.01,50,0,50,4.5
689,0.0004,-2.2440000000000002e-05,0.01,50,0,50,4.5
690,0.0004,-2.2400000000000002e-05,0.01,50,0,50,4.5
691,0.0,-2.2360000000000003e-05,0.01,50,0,50,4.5
692,-0.0012000000000000001,-2.2320000000000003e-05,0.01,50,0,50,4.5
693,0.0,-2.228e-05,0.01,50,0,50,4.5
694,0.0012000000000000001,-2.224e-05,0.01,50,0,50,4.5
695,0.0,-2.22e-05,0.01,50,0,50,4.5
696,0.0,-2.216e-05,0.01,50,0,50,4.5
697,-0.0004,-2.212e-05,0.01,50,0,50,4.5
698,-0.0016,-2.2080000000000002e-05,0.01,50,0,50,4.5
699,0.0004,-2.2040000000000002e-05,0.01,50,0,50,4.5
700,0.0,-2.2000000000000003e-05,0.01,50,0,50,4.5
701,0.0012000000000000001,-2.1960000000000003e-05,0.01,50,0,50,4.5
702,-0.0008,-2.192e-05,0.01,50,0,50,4.5
703,-0.0008,-2.188e-05,0.01,50,0,50,4.5
704,0.0004,-2.184e-05,0.01,50,0,50,4.5
705,0.0,-2.18e-05,0.01,50,0,50,4.5
706,0.0008,-2.1760000000000002e-05,0.01,50,0,50,4.5
707,0.0004,-2.1720000000000002e-05,0.01,50,0,50,4.5
708,-0.0008,-2.1680000000000002e-05,0.01,50,0,50,4.5
709,0.0004,-2.1640000000000003e-05,0.01,50,0,50,4.5
710,-0.0004,-2.1600000000000003e-05,0.01,50,0,50,4.5
711,0.0008,-2.156e-05,0.01,50,0,50,4.5
712,0.0008,-2.152e-05,0.01,50,0,50,4.5
713,0.0004,-2.148e-05,0.01,50,0,50,4.5
714,0.0016,-2.144e-05,0.01,50,0,50,4.5
715,0.0008,-2.1400000000000002e-05,0.01,50,0,50,4.5
716,0.0004,-2.1360000000000002e-05,0.01,50,0,50,4.5
717,0.0004,-2.1320000000000003e-05,0.01,50,0,50,4.5
718,0.0008,-2.1280000000000003e-05,0.01,50,0,50,4.5
719,0.0016,-2.1240000000000003e-05,0.01,50,0,50,4.5
720,-0.0004,-2.12e-05,0.01,50,0,50,4.5
721,-0.0004,-2.116e-05,0.01,50,0,50,4.5
722,0.0,-2.112e-05,0.01,50,0,50,4.5
723,-0.0008,-2.108e-05,0.01,50,0,50,4.5
724,0.0008,-2.1040000000000002e-05,0.01,50,0,50,4.5
725,0.0012000000000000001,-2.1000000000000002e-05,0.01,50,0,50,4.5
726,-0.0004,-2.0960000000000003e-05,0.01,50,0,50,4.5
727,0.0012000000000000001,-2.0920000000000003e-05,0.01,50,0,50,4.5
728,0.0,-2.0880000000000003e-05,0.01,50,0,50,4.5
729,0.0004,-2.084e-05,0.01,50,0,50,4.5
730,0.0004,-2.08e-05,0.01,50,0,50,4.5
731,0.0008,-2.076e-05,0.01,50,0,50,4.5
732,0.0008,-2.072e-05,0.01,50,0,50,4.5
733,0.0,-2.0680000000000002e-05,0.01,50,0,50,4.5
734,-0.0004,-2.0640000000000002e-05,0.01,50,0,50,4.5
735,0.0008,-2.0600000000000003e-05,0.01,50,0,50,4.5
736,0.0008,-2.0560000000000003e-05,0.01,50,0,50,4.5
737,0.0016,-2.0520000000000003e-05,0.01,50,0,50,4.5
738,0.0008,-2.048e-05,0.01,50,0,50,4.5
739,0.0004,-2.044e-05,0.01,50,0,50,4.5
740,0.0,-2.04e-05,0.01,50,0,50,4.5
741,0.0008,-2.036e-05,0.01,50,0,50,4.5
742,0.0016,-2.0320000000000002e-05,0.01,50,0,50,4.5
743,0.002,-2.0280000000000002e-05,0.01,50,0,50,4.5
744,0.0004,-2.0240000000000003e-05,0.01,50,0,50,4.5
745,0.0012000000000000001,-2.0200000000000003e-05,0.01,50,0,50,4.5
746,0.0,-2.016e-05,0.01,50,0,50,4.5
747,0.0004,-2.012e-05,0.01,50,0,50,4.5
748,0.0016,-2.008e-05,0.01,50,0,50,4.5
749,0.0004,-2.004e-05,0.01,50,0,50,4.5
750,0.0008,-2e-05,0.01,50,0,50,4.5
751,-0.0004,-1.9960000000000002e-05,0.01,50,0,50,4.5
752,-0.0004,-1.9920000000000002e-05,0.01,50,0,50,4.5
753,0.0004,-1.9880000000000003e-05,0.01,50,0,50,4.5
754,0.0004,-1.9840000000000003e-05,0.01,50,0,50,4.5
755,0.0012000000000000001,-1.98e-05,0.01,50,0,50,4.5
756,0.0004,-1.976e-05,0.01,50,0,50,4.5
757,0.0,-1.972e-05,0.01,50,0,50,4.5
758,0.0,-1.968e-05,0.01,50,0,50,4.5
759,-0.0016,-1.9640000000000002e-05,0.01,50,0,50,4.5
760,0.0004,-1.9600000000000002e-05,0.01,50,0,50,4.5
761,0.0,-1.9560000000000002e-05,0.01,50,0,50,4.5
762,0.0008,-1.9520000000000003e-05,0.01,50,0,50,4.5
763,0.0008,-1.9480000000000003e-05,0.01,50,0,50,4.5
764,-0.0008,-1.9440000000000004e-05,0.01,50,0,50,4.5
765,0.0,-1.9400000000000004e-05,0.01,50,0,50,4.5
766,0.0004,-1.9360000000000004e-05,0.01,50,0,50,4.5
767,0.0004,-1.9320000000000005e-05,0.01,50,0,50,4.5
768,0.0004,-1.928e-05,0.01,50,0,50,4.5
769,-0.0004,-1.924e-05,0.01,50,0,50,4.5
770,0.0,-1.92e-05,0.01,50,0,50,4.5
771,0.0004,-1.916e-05,0.01,50,0,50,4.5
772,0.0004,-1.912e-05,0.01,50,0,50,4.5
773,0.0008,-1.908e-05,0.01,50,0,50,4.5
774,0.0012000000000000001,-1.904e-05,0.01,50,0,50,4.5
775,0.0,-1.9e-05,0.01,50,0,50,4.5
776,0.0016,-1.896e-05,0.01,50,0,50,4.5
777,-0.0004,-1.8920000000000002e-05,0.01,50,0,50,4.5
778,0.0008,-1.8880000000000002e-05,0.01,50,0,50,4.5
779,0.0012000000000000001,-1.8840000000000003e-05,0.01,50,0,50,4.5
780,0.0008,-1.8800000000000003e-05,0.01,50,0,50,4.5
781,0.0012000000000000001,-1.8760000000000003e-05,0.01,50,0,50,4.5
782,-0.0004,-1.8720000000000004e-05,0.01,50,0,50,4.5
783,-0.0004,-1.8680000000000004e-05,0.01,50,0,50,4.5
784,0.0004,-1.8640000000000004e-05,0.01,50,0,50,4.5
785,0.0,-1.8600000000000005e-05,0.01,50,0,50,4.5
786,0.0016,-1.856e-05,0.01,50,0,50,4.5
787,0.0008,-1.852e-05,0.01,50,0,50,4.5
788,-0.0004,-1.848e-05,0.01,50,0,50,4.5
789,0.0,-1.844e-05,0.01,50,0,50,4.5
790,0.0,-1.84e-05,0.01,50,0,50,4.5
791,0.0012000000000000001,-1.836e-05,0.01,50,0,50,4.5
792,0.002,-1.832e-05,0.01,50,0,50,4.5
793,0.002,-1.828e-05,0.01,50,0,50,4.5
794,0.0012000000000000001,-1.824e-05,0.01,50,0,50,4.5
795,0.0,-1.8200000000000002e-05,0.01,50,0,50,4.5
796,0.0008,-1.8160000000000002e-05,0.01,50,0,50,4.5
797,0.002,-1.8120000000000003e-05,0.01,50,0,50,4.5
798,0.0016,-1.8080000000000003e-05,0.01,50,0,50,4.5
799,0.002,-1.8040000000000003e-05,0.01,50,0,50,4.5
800,0.0004,-1.8000000000000004e-05,0.01,50,0,50,4.5
801,0.0,-1.7960000000000004e-05,0.01,50,0,50,4.5
802,0.0016,-1.7920000000000005e-05,0.01,50,0,50,4.5
803,0.0016,-1.7880000000000005e-05,0.01,50,0,50,4.5
804,0.0012000000000000001,-1.784e-05,0.01,50,0,50,4.5
805,0.0008,-1.78e-05,0.01,50,0,50,4.5
806,0.0,-1.776e-05,0.01,50,0,50,4.5
807,0.0008,-1.772e-05,0.01,50,0,50,4.5
808,0.0004,-1.768e-05,0.01,50,0,50,4.5
809,0.0008,-1.764e-05,0.01,50,0,50,4.5
810,0.0,-1.76e-05,0.01,50,0,50,4.5
811,0.0008,-1.756e-05,0.01,50,0,50,4.5
812,-0.0004,-1.752e-05,0.01,50,0,50,4.5
813,-0.0008,-1.7480000000000002e-05,0.01,50,0,50,4.5
814,0.0,-1.7440000000000002e-05,0.01,50,0,50,4.5
815,0.0008,-1.7400000000000003e-05,0.01,50,0,50,4.5
816,0.0008,-1.7360000000000003e-05,0.01,50,0,50,4.5
817,0.0024000000000000002,-1.7320000000000004e-05,0.01,50,0,50,4.5
818,-0.0004,-1.7280000000000004e-05,0.01,50,0,50,4.5
819,-0.0008,-1.7240000000000004e-05,0.01,50,0,50,4.5
820,-0.0004,-1.7200000000000005e-05,0.01,50,0,50,4.5
821,0.0004,-1.716e-05,0.01,50,0,50,4.5
822,0.0004,-1.712e-05,0.01,50,0,50,4.5
823,0.0008,-1.708e-05,0.01,50,0,50,4.5
824,0.0004,-1.704e-05,0.01,50,0,50,4.5
825,0.0008,-1.7e-05,0.01,50,0,50,4.5
826,0.0,-1.696e-05,0.01,50,0,50,4.5
827,0.0024000000000000002,-1.692e-05,0.01,50,0,50,4.5
828,0.0024000000000000002,-1.688e-05,0.01,50,0,50,4.5
829,0.0004,-1.684e-05,0.01,50,0,50,4.5
830,0.0012000000000000001,-1.6800000000000002e-05,0.01,50,0,50,4.5
831,-0.0004,-1.6760000000000002e-05,0.01,50,0,50,4.5
832,0.0008,-1.6720000000000003e-05,0.01,50,0,50,4.5
833,0.0024000000000000002,-1.6680000000000003e-05,0.01,50,0,50,4.5
834,0.0004,-1.6640000000000003e-05,0.01,50,0,50,4.5
835,0.0012000000000000001,-1.6600000000000004e-05,0.01,50,0,50,4.5
836,0.0,-1.6560000000000004e-05,0.01,50,0,50,4.5
837,0.0,-1.6520000000000004e-05,0.01,50,0,50,4.5
838,0.0004,-1.6480000000000005e-05,0.01,50,0,50,4.5
839,-0.0012000000000000001,-1.644e-05,0.01,50,0,50,4.5
840,-0.0004,-1.64e-05,0.01,50,0,50,4.5
841,0.0012000000000000001,-1.636e-05,0.01,50,0,50,4.5
842,0.0,-1.632e-05,0.01,50,0,50,4.5
843,0.0004,-1.628e-05,0.01,50,0,50,4.5
844,0.0,-1.624e-05,0.01,50,0,50,4.5
845,-0.0004,-1.62e-05,0.01,50,0,50,4.5
846,0.0016,-1.616e-05,0.01,50,0,50,4.5
847,0.0004,-1.612e-05,0.01,50,0,50,4.5
848,0.0008,-1.6080000000000002e-05,0.01,50,0,50,4.5
849,0.0,-1.6040000000000002e-05,0.01,50,0,50,4.5
850,0.0,-1.6000000000000003e-05,0.01,50,0,50,4.5
851,0.0004,-1.5960000000000003e-05,0.01,50,0,50,4.5
852,0.0004,-1.5920000000000003e-05,0.01,50,0,50,4.5
853,0.0012000000000000001,-1.5880000000000004e-05,0.01,50,0,50,4.5
854,0.0012000000000000001,-1.5840000000000004e-05,0.01,50,0,50,4.5
855,0.0,-1.5800000000000005e-05,0.01,50,0,50,4.5
856,0.0,-1.5760000000000005e-05,0.01,50,0,50,4.5
857,0.0,-1.572e-05,0.01,50,0,50,4.5
858,0.0008,-1.568e-05,0.01,50,0,50,4.5
859,0.0012000000000000001,-1.564e-05,0.01,50,0,50,4.5
860,-0.0008,-1.56e-05,0.01,50,0,50,4.5
861,0.0008,-1.556e-05,0.01,50,0,50,4.5
862,-0.0012000000000000001,-1.552e-05,0.01,50,0,50,4.5
863,0.0004,-1.548e-05,0.01,50,0,50,4.5
864,0.0012000000000000001,-1.544e-05,0.01,50,0,50,4.5
865,-0.0004,-1.54e-05,0.01,50,0,50,4.5
866,0.0004,-1.5360000000000002e-05,0.01,50,0,50,4.5
867,0.0,-1.5320000000000002e-05,0.01,50,0,50,4.5
868,-0.0012000000000000001,-1.5280000000000003e-05,0.01,50,0,50,4.5
869,0.0004,-1.5240000000000003e-05,0.01,50,0,50,4.5
870,-0.0008,-1.5200000000000004e-05,0.01,50,0,50,4.5
871,0.0004,-1.5160000000000004e-05,0.01,50,0,50,4.5
872,0.0004,-1.5120000000000004e-05,0.01,50,0,50,4.5
873,-0.0012000000000000001,-1.5080000000000005e-05,0.01,50,0,50,4.5
874,0.0,-1.5039999999999998e-05,0.01,50,0,50,4.5
875,0.0,-1.4999999999999999e-05,0.01,50,0,50,4.5
876,0.0008,-1.4959999999999999e-05,0.01,50,0,50,4.5
877,0.0008,-1.492e-05,0.01,50,0,50,4.5
878,0.0,-1.488e-05,0.01,50,0,50,4.5
879,0.0004,-1.484e-05,0.01,50,0,50,4.5
880,-0.0004,-1.48e-05,0.01,50,0,50,4.5
881,0.0,-1.4760000000000001e-05,0.01,50,0,50,4.5
882,0.0,-1.4720000000000001e-05,0.01,50,0,50,4.5
883,0.0,-1.4680000000000002e-05,0.01,50,0,50,4.5
884,0.0008,-1.4640000000000002e-05,0.01,50,0,50,4.5
885,0.0004,-1.4600000000000003e-05,0.01,50,0,50,4.5
886,-0.0012000000000000001,-1.4560000000000003e-05,0.01,50,0,50,4.5
887,0.0004,-1.4520000000000003e-05,0.01,50,0,50,4.5
888,0.0004,-1.4480000000000004e-05,0.01,50,0,50,4.5
889,0.0016,-1.4440000000000004e-05,0.01,50,0,50,4.5
890,0.0016,-1.4400000000000004e-05,0.01,50,0,50,4.5
891,-0.0004,-1.4360000000000005e-05,0.01,50,0,50,4.5
892,0.0004,-1.4319999999999998e-05,0.01,50,0,50,4.5
893,-0.0004,-1.4279999999999999e-05,0.01,50,0,50,4.5
894,0.0008,-1.424e-05,0.01,50,0,50,4.5
895,0.0008,-1.42e-05,0.01,50,0,50,4.5
896,-0.0008,-1.416e-05,0.01,50,0,50,4.5
897,-0.0008,-1.412e-05,0.01,50,0,50,4.5
898,-0.0008,-1.408e-05,0.01,50,0,50,4.5
899,0.0,-1.4040000000000001e-05,0.01,50,0,50,4.5
900,0.0,-1.4000000000000001e-05,0.01,50,0,50,4.5
901,-0.0008,-1.3960000000000002e-05,0.01,50,0,50,4.5
902,0.0004,-1.3920000000000002e-05,0.01,50,0,50,4.5
903,0.0,-1.3880000000000003e-05,0.01,50,0,50,4.5
904,-0.0004,-1.3840000000000003e-05,0.01,50,0,50,4.5
905,0.0004,-1.3800000000000003e-05,0.01,50,0,50,4.5
906,-0.0008,-1.3760000000000004e-05,0.01,50,0,50,4.5
907,0.0004,-1.3720000000000004e-05,0.01,50,0,50,4.5
908,0.0004,-1.3680000000000005e-05,0.01,50,0,50,4.5
909,-0.0004,-1.3640000000000005e-05,0.01,50,0,50,4.5
910,0.0004,-1.3599999999999999e-05,0.01,50,0,50,4.5
911,-0.0004,-1.3559999999999999e-05,0.01,50,0,50,4.5
912,-0.0004,-1.352e-05,0.01,50,0,50,4.5
913,0.0008,-1.348e-05,0.01,50,0,50,4.5
914,0.0,-1.344e-05,0.01,50,0,50,4.5
915,0.0012000000000000001,-1.34e-05,0.01,50,0,50,4.5
916,0.0004,-1.336e-05,0.01,50,0,50,4.5
917,-0.0008,-1.3320000000000001e-05,0.01,50,0,50,4.5
918,0.0008,-1.3280000000000002e-05,0.01,50,0,50,4.5
919,0.0004,-1.3240000000000002e-05,0.01,50,0,50,4.5
920,0.0004,-1.3200000000000002e-05,0.01,50,0,50,4.5
921,0.0004,-1.3160000000000003e-05,0.01,50,0,50,4.5
922,-0.0012000000000000001,-1.3120000000000003e-05,0.01,50,0,50,4.5
923,0.0,-1.3080000000000004e-05,0.01,50,0,50,4.5
924,-0.0008,-1.3040000000000004e-05,0.01,50,0,50,4.5
925,0.0012000000000000001,-1.3000000000000004e-05,0.01,50,0,50,4.5
926,0.0008,-1.2960000000000005e-05,0.01,50,0,50,4.5
927,-0.0012000000000000001,-1.2919999999999998e-05,0.01,50,0,50,4.5
928,-0.0004,-1.2879999999999999e-05,0.01,50,0,50,4.5
929,0.0,-1.2839999999999999e-05,0.01,50,0,50,4.5
930,-0.0008,-1.28e-05,0.01,50,0,50,4.5
931,0.0004,-1.276e-05,0.01,50,0,50,4.5
932,0.0,-1.272e-05,0.01,50,0,50,4.5
933,0.0,-1.268e-05,0.01,50,0,50,4.5
934,-0.0004,-1.2640000000000001e-05,0.01,50,0,50,4.5
935,0.0,-1.2600000000000001e-05,0.01,50,0,50,4.5
936,0.0,-1.2560000000000002e-05,0.01,50,0,50,4.5
937,-0.0004,-1.2520000000000002e-05,0.01,50,0,50,4.5
938,0.0008,-1.2480000000000002e-05,0.01,50,0,50,4.5
939,0.0016,-1.2440000000000003e-05,0.01,50,0,50,4.5
940,-0.0008,-1.2400000000000003e-05,0.01,50,0,50,4.5
941,0.0,-1.2360000000000004e-05,0.01,50,0,50,4.5
942,0.0,-1.2320000000000004e-05,0.01,50,0,50,4.5
943,0.0004,-1.2280000000000004e-05,0.01,50,0,50,4.5
944,0.0012000000000000001,-1.2240000000000005e-05,0.01,50,0,50,4.5
945,0.0004,-1.2199999999999998e-05,0.01,50,0,50,4.5
946,0.0008,-1.2159999999999999e-05,0.01,50,0,50,4.5
947,0.0,-1.212e-05,0.01,50,0,50,4.5
948,0.0,-1.208e-05,0.01,50,0,50,4.5
949,0.0016,-1.204e-05,0.01,50,0,50,4.5
950,0.0004,-1.2e-05,0.01,50,0,50,4.5
951,0.0004,-1.196e-05,0.01,50,0,50,4.5
952,-0.0012000000000000001,-1.1920000000000001e-05,0.01,50,0,50,4.5
953,-0.0024000000000000002,-1.1880000000000001e-05,0.01,50,0,50,4.5
954,-0.0004,-1.1840000000000002e-05,0.01,50,0,50,4.5
955,0.0008,-1.1800000000000002e-05,0.01,50,0,50,4.5
956,-0.0004,-1.1760000000000003e-05,0.01,50,0,50,4.5
957,0.0,-1.1720000000000003e-05,0.01,50,0,50,4.5
958,-0.0004,-1.1680000000000003e-05,0.01,50,0,50,4.5
959,0.0,-1.1640000000000004e-05,0.01,50,0,50,4.5
960,0.0004,-1.1600000000000004e-05,0.01,50,0,50,4.5
961,0.0008,-1.1560000000000005e-05,0.01,50,0,50,4.5
962,0.0008,-1.1520000000000005e-05,0.01,50,0,50,4.5
963,0.0,-1.1479999999999999e-05,0.01,50,0,50,4.5
964,0.0,-1.1439999999999999e-05,0.01,50,0,50,4.5
965,0.0004,-1.14e-05,0.01,50,0,50,4.5
966,-0.0004,-1.136e-05,0.01,50,0,50,4.5
967,0.0016,-1.132e-05,0.01,50,0,50,4.5
968,0.0004,-1.128e-05,0.01,50,0,50,4.5
969,0.0008,-1.124e-05,0.01,50,0,50,4.5
970,0.0004,-1.1200000000000001e-05,0.01,50,0,50,4.5
971,-0.0008,-1.1160000000000002e-05,0.01,50,0,50,4.5
972,0.0,-1.1120000000000002e-05,0.01,50,0,50,4.5
973,0.0004,-1.1080000000000002e-05,0.01,50,0,50,4.5
974,0.0008,-1.1040000000000003e-05,0.01,50,0,50,4.5
975,0.0016,-1.1000000000000003e-05,0.01,50,0,50,4.5
976,0.0008,-1.0960000000000003e-05,0.01,50,0,50,4.5
977,0.0004,-1.0920000000000004e-05,0.01,50,0,50,4.5
978,0.0004,-1.0880000000000004e-05,0.01,50,0,50,4.5
979,0.0004,-1.0840000000000005e-05,0.01,50,0,50,4.5
980,0.0008,-1.0799999999999998e-05,0.01,50,0,50,4.5
981,-0.0004,-1.0759999999999999e-05,0.01,50,0,50,4.5
982,0.0004,-1.0719999999999999e-05,0.01,50,0,50,4.5
983,-0.0016,-1.068e-05,0.01,50,0,50,4.5
984,-0.002,-1.064e-05,0.01,50,0,50,4.5
985,0.0008,-1.06e-05,0.01,50,0,50,4.5
986,0.0004,-1.056e-05,0.01,50,0,50,4.5
987,0.0008,-1.0520000000000001e-05,0.01,50,0,50,4.5
988,0.0004,-1.0480000000000001e-05,0.01,50,0,50,4.5
989,-0.0004,-1.0440000000000002e-05,0.01,50,0,50,4.5
990,0.0004,-1.0400000000000002e-05,0.01,50,0,50,4.5
991,0.0008,-1.0360000000000002e-05,0.01,50,0,50,4.5
992,0.0008,-1.0320000000000003e-05,0.01,50,0,50,4.5
993,0.0012000000000000001,-1.0280000000000003e-05,0.01,50,0,50,4.5
994,-0.0004,-1.0240000000000004e-05,0.01,50,0,50,4.5
995,0.0012000000000000001,-1.0200000000000004e-05,0.01,50,0,50,4.5
996,-0.0004,-1.0160000000000004e-05,0.01,50,0,50,4.5
997,0.0008,-1.0120000000000005e-05,0.01,50,0,50,4.5
998,0.002,-1.0079999999999998e-05,0.01,50,0,50,4.5
999,0.0004,-1.0039999999999999e-05,0.01,50,0,50,4.5
1000,0.0004,-9.999999999999999e-06,0.01,50,0,50,4.5
1001,0.0004,-9.96e-06,0.01,50,0,50,4.5
1002,-0.0012000000000000001,-9.92e-06,0.01,50,0,50,4.5
1003,0.0012000000000000001,-9.88e-06,0.01,50,0,50,4.5
1004,0.0004,-9.84e-06,0.01,50,0,50,4.5
1005,0.0012000000000000001,-9.800000000000001e-06,0.01,50,0,50,4.5
1006,0.0016,-9.760000000000001e-06,0.01,50,0,50,4.5
1007,0.0008,-9.720000000000002e-06,0.01,50,0,50,4.5
1008,0.0004,-9.680000000000002e-06,0.01,50,0,50,4.5
1009,0.0,-9.640000000000003e-06,0.01,50,0,50,4.5
1010,0.0004,-9.600000000000003e-06,0.01,50,0,50,4.5
1011,0.0008,-9.560000000000003e-06,0.01,50,0,50,4.5
1012,-0.0004,-9.520000000000004e-06,0.01,50,0,50,4.5
1013,-0.0008,-9.480000000000004e-06,0.01,50,0,50,4.5
1014,-0.0016,-9.440000000000004e-06,0.01,50,0,50,4.5
1015,-0.0008,-9.400000000000005e-06,0.01,50,0,50,4.5
1016,0.0012000000000000001,-9.359999999999998e-06,0.01,50,0,50,4.5
1017,0.0008,-9.319999999999999e-06,0.01,50,0,50,4.5
1018,0.0012000000000000001,-9.28e-06,0.01,50,0,50,4.5
1019,0.0004,-9.24e-06,0.01,50,0,50,4.5
1020,-0.0008,-9.2e-06,0.01,50,0,50,4.5
1021,0.0008,-9.16e-06,0.01,50,0,50,4.5
1022,0.0008,-9.12e-06,0.01,50,0,50,4.5
1023,0.0016,-9.080000000000001e-06,0.01,50,0,50,4.5
1024,0.0012000000000000001,-9.040000000000002e-06,0.01,50,0,50,4.5
1025,0.0,-9.000000000000002e-06,0.01,50,0,50,4.5
1026,0.0008,-8.960000000000002e-06,0.01,50,0,50,4.5
1027,0.0004,-8.920000000000003e-06,0.01,50,0,50,4.5
1028,0.0012000000000000001,-8.880000000000003e-06,0.01,50,0,50,4.5
1029,0.0024000000000000002,-8.840000000000003e-06,0.01,50,0,50,4.5
1030,0.0008,-8.800000000000004e-06,0.01,50,0,50,4.5
1031,0.0016,-8.760000000000004e-06,0.01,50,0,50,4.5
1032,0.0012000000000000001,-8.720000000000005e-06,0.01,50,0,50,4.5
1033,0.0,-8.679999999999998e-06,0.01,50,0,50,4.5
1034,0.0008,-8.639999999999999e-06,0.01,50,0,50,4.5
1035,0.0008,-8.599999999999999e-06,0.01,50,0,50,4.5
1036,0.0012000000000000001,-8.56e-06,0.01,50,0,50,4.5
1037,0.0012000000000000001,-8.52e-06,0.01,50,0,50,4.5
1038,-0.0004,-8.48e-06,0.01,50,0,50,4.5
1039,0.0004,-8.44e-06,0.01,50,0,50,4.5
1040,0.0004,-8.400000000000001e-06,0.01,50,0,50,4.5
1041,0.0004,-8.360000000000001e-06,0.01,50,0,50,4.5
1042,0.0024000000000000002,-8.320000000000002e-06,0.01,50,0,50,4.5
1043,0.0,-8.280000000000002e-06,0.01,50,0,50,4.5
1044,0.0004,-8.240000000000002e-06,0.01,50,0,50,4.5
1045,-0.0004,-8.200000000000003e-06,0.01,50,0,50,4.5
1046,0.0004,-8.160000000000003e-06,0.01,50,0,50,4.5
1047,0.0028,-8.120000000000004e-06,0.01,50,0,50,4.5
1048,0.0016,-8.080000000000004e-06,0.01,50,0,50,4.5
1049,0.0008,-8.040000000000004e-06,0.01,50,0,50,4.5
1050,-0.0004,-8.000000000000005e-06,0.01,50,0,50,4.5
1051,-0.0008,-7.959999999999998e-06,0.01,50,0,50,4.5
1052,0.0012000000000000001,-7.919999999999999e-06,0.01,50,0,50,4.5
1053,0.0,-7.879999999999999e-06,0.01,50,0,50,4.5
1054,0.0008,-7.84e-06,0.01,50,0,50,4.5
1055,0.0004,-7.8e-06,0.01,50,0,50,4.5
1056,0.0,-7.76e-06,0.01,50,0,50,4.5
1057,0.0012000000000000001,-7.72e-06,0.01,50,0,50,4.5
1058,0.0012000000000000001,-7.680000000000001e-06,0.01,50,0,50,4.5
1059,0.0008,-7.640000000000001e-06,0.01,50,0,50,4.5
1060,0.0024000000000000002,-7.600000000000002e-06,0.01,50,0,50,4.5
1061,0.0012000000000000001,-7.560000000000002e-06,0.01,50,0,50,4.5
1062,0.0012000000000000001,-7.5200000000000025e-06,0.01,50,0,50,4.5
1063,0.0004,-7.480000000000003e-06,0.01,50,0,50,4.5
1064,0.0004,-7.440000000000003e-06,0.01,50,0,50,4.5
1065,0.002,-7.400000000000004e-06,0.01,50,0,50,4.5
1066,0.0008,-7.360000000000004e-06,0.01,50,0,50,4.5
1067,0.0004,-7.3200000000000045e-06,0.01,50,0,50,4.5
1068,0.0012000000000000001,-7.280000000000005e-06,0.01,50,0,50,4.5
1069,0.0,-7.2399999999999984e-06,0.01,50,0,50,4.5
1070,0.0004,-7.199999999999999e-06,0.01,50,0,50,4.5
1071,0.0008,-7.159999999999999e-06,0.01,50,0,50,4.5
1072,0.0004,-7.12e-06,0.01,50,0,50,4.5
1073,0.0016,-7.08e-06,0.01,50,0,50,4.5
1074,-0.0008,-7.04e-06,0.01,50,0,50,4.5
1075,0.0,-7.000000000000001e-06,0.01,50,0,50,4.5
1076,0.0008,-6.960000000000001e-06,0.01,50,0,50,4.5
1077,0.0008,-6.9200000000000015e-06,0.01,50,0,50,4.5
1078,0.0012000000000000001,-6.880000000000002e-06,0.01,50,0,50,4.5
1079,0.0004,-6.840000000000002e-06,0.01,50,0,50,4.5
1080,0.0004,-6.800000000000003e-06,0.01,50,0,50,4.5
1081,0.0008,-6.760000000000003e-06,0.01,50,0,50,4.5
1082,0.0004,-6.720000000000003e-06,0.01,50,0,50,4.5
1083,0.0016,-6.680000000000004e-06,0.01,50,0,50,4.5
1084,0.0008,-6.640000000000004e-06,0.01,50,0,50,4.5
1085,0.0004,-6.6000000000000046e-06,0.01,50,0,50,4.5
1086,0.0008,-6.559999999999998e-06,0.01,50,0,50,4.5
1087,0.0,-6.5199999999999986e-06,0.01,50,0,50,4.5
1088,0.0016,-6.479999999999999e-06,0.01,50,0,50,4.5
1089,0.0008,-6.439999999999999e-06,0.01,50,0,50,4.5
1090,0.0012000000000000001,-6.4e-06,0.01,50,0,50,4.5
1091,0.0016,-6.36e-06,0.01,50,0,50,4.5
1092,0.0,-6.3200000000000005e-06,0.01,50,0,50,4.5
1093,0.0004,-6.280000000000001e-06,0.01,50,0,50,4.5
1094,-0.0004,-6.240000000000001e-06,0.01,50,0,50,4.5
1095,0.0,-6.200000000000002e-06,0.01,50,0,50,4.5
1096,0.0004,-6.160000000000002e-06,0.01,50,0,50,4.5
1097,0.0008,-6.120000000000002e-06,0.01,50,0,50,4.5
1098,0.0,-6.080000000000003e-06,0.01,50,0,50,4.5
1099,-0.0012000000000000001,-6.040000000000003e-06,0.01,50,0,50,4.5
1100,-0.0008,-6.0000000000000035e-06,0.01,50,0,50,4.5
1101,0.0004,-5.960000000000004e-06,0.01,50,0,50,4.5
1102,0.0012000000000000001,-5.920000000000004e-06,0.01,50,0,50,4.5
1103,-0.0004,-5.880000000000005e-06,0.01,50,0,50,4.5
1104,0.0,-5.839999999999998e-06,0.01,50,0,50,4.5
1105,-0.0008,-5.799999999999999e-06,0.01,50,0,50,4.5
1106,0.0,-5.759999999999999e-06,0.01,50,0,50,4.5
1107,0.0008,-5.7199999999999994e-06,0.01,50,0,50,4.5
1108,0.0004,-5.68e-06,0.01,50,0,50,4.5
1109,0.002,-5.64e-06,0.01,50,0,50,4.5
1110,0.0004,-5.600000000000001e-06,0.01,50,0,50,4.5
1111,0.0,-5.560000000000001e-06,0.01,50,0,50,4.5
1112,0.0,-5.520000000000001e-06,0.01,50,0,50,4.5
1113,0.0004,-5.480000000000002e-06,0.01,50,0,50,4.5
1114,0.0016,-5.440000000000002e-06,0.01,50,0,50,4.5
1115,0.0004,-5.4000000000000025e-06,0.01,50,0,50,4.5
1116,0.0,-5.360000000000003e-06,0.01,50,0,50,4.5
1117,0.0,-5.320000000000003e-06,0.01,50,0,50,4.5
1118,0.0004,-5.280000000000004e-06,0.01,50,0,50,4.5
1119,0.0004,-5.240000000000004e-06,0.01,50,0,50,4.5
1120,0.0004,-5.200000000000004e-06,0.01,50,0,50,4.5
1121,0.0008,-5.160000000000005e-06,0.01,50,0,50,4.5
1122,0.0012000000000000001,-5.119999999999998e-06,0.01,50,0,50,4.5
1123,0.0,-5.079999999999999e-06,0.01,50,0,50,4.5
1124,-0.0008,-5.039999999999999e-06,0.01,50,0,50,4.5
1125,-0.0004,-4.9999999999999996e-06,0.01,50,0,50,4.5
1126,0.0,-4.96e-06,0.01,50,0,50,4.5
1127,0.0008,-4.92e-06,0.01,50,0,50,4.5
1128,0.0008,-4.880000000000001e-06,0.01,50,0,50,4.5
1129,0.0,-4.840000000000001e-06,0.01,50,0,50,4.5
1130,0.0008,-4.8000000000000015e-06,0.01,50,0,50,4.5
1131,-0.0004,-4.760000000000002e-06,0.01,50,0,50,4.5
1132,0.0004,-4.720000000000002e-06,0.01,50,0,50,4.5
1133,0.0008,-4.680000000000003e-06,0.01,50,0,50,4.5
1134,0.0008,-4.640000000000003e-06,0.01,50,0,50,4.5
1135,0.0,-4.600000000000003e-06,0.01,50,0,50,4.5
1136,-0.0012000000000000001,-4.560000000000004e-06,0.01,50,0,50,4.5
1137,0.0,-4.520000000000004e-06,0.01,50,0,50,4.5
1138,0.0012000000000000001,-4.4800000000000045e-06,0.01,50,0,50,4.5
1139,0.0008,-4.439999999999998e-06,0.01,50,0,50,4.5
1140,0.0008,-4.3999999999999985e-06,0.01,50,0,50,4.5
1141,-0.0004,-4.359999999999999e-06,0.01,50,0,50,4.5
1142,-0.0004,-4.319999999999999e-06,0.01,50,0,50,4.5
1143,0.0,-4.28e-06,0.01,50,0,50,4.5
1144,0.0008,-4.24e-06,0.01,50,0,50,4.5
1145,0.0012000000000000001,-4.2000000000000004e-06,0.01,50,0,50,4.5
1146,0.0004,-4.160000000000001e-06,0.01,50,0,50,4.5
1147,0.0,-4.120000000000001e-06,0.01,50,0,50,4.5
1148,0.0004,-4.080000000000002e-06,0.01,50,0,50,4.5
1149,0.0004,-4.040000000000002e-06,0.01,50,0,50,4.5
1150,0.0008,-4.000000000000002e-06,0.01,50,0,50,4.5
1151,0.0008,-3.960000000000003e-06,0.01,50,0,50,4.5
1152,0.0008,-3.920000000000003e-06,0.01,50,0,50,4.5
1153,0.0012000000000000001,-3.8800000000000035e-06,0.01,50,0,50,4.5
1154,0.0,-3.840000000000004e-06,0.01,50,0,50,4.5
1155,-0.0004,-3.8000000000000043e-06,0.01,50,0,50,4.5
1156,-0.0004,-3.7600000000000047e-06,0.01,50,0,50,4.5
1157,-0.0008,-3.7199999999999983e-06,0.01,50,0,50,4.5
1158,0.0012000000000000001,-3.6799999999999986e-06,0.01,50,0,50,4.5
1159,0.0,-3.639999999999999e-06,0.01,50,0,50,4.5
1160,-0.0004,-3.5999999999999994e-06,0.01,50,0,50,4.5
1161,0.0008,-3.56e-06,0.01,50,0,50,4.5
1162,0.0,-3.52e-06,0.01,50,0,50,4.5
1163,0.0016,-3.4800000000000006e-06,0.01,50,0,50,4.5
1164,0.0012000000000000001,-3.440000000000001e-06,0.01,50,0,50,4.5
1165,0.0004,-3.4000000000000013e-06,0.01,50,0,50,4.5
1166,0.0,-3.3600000000000017e-06,0.01,50,0,50,4.5
1167,-0.0008,-3.320000000000002e-06,0.01,50,0,50,4.5
1168,0.0004,-3.2800000000000025e-06,0.01,50,0,50,4.5
1169,0.0004,-3.240000000000003e-06,0.01,50,0,50,4.5
1170,0.0,-3.2000000000000032e-06,0.01,50,0,50,4.5
1171,0.0004,-3.1600000000000036e-06,0.01,50,0,50,4.5
1172,-0.0004,-3.120000000000004e-06,0.01,50,0,50,4.5
1173,-0.0004,-3.0800000000000044e-06,0.01,50,0,50,4.5
1174,0.0016,-3.0400000000000048e-06,0.01,50,0,50,4.5
1175,0.0008,-2.9999999999999984e-06,0.01,50,0,50,4.5
1176,0.0016,-2.9599999999999988e-06,0.01,50,0,50,4.5
1177,0.0008,-2.919999999999999e-06,0.01,50,0,50,4.5
1178,0.0004,-2.8799999999999995e-06,0.01,50,0,50,4.5
1179,0.0008,-2.84e-06,0.01,50,0,50,4.5
1180,0.0,-2.8000000000000003e-06,0.01,50,0,50,4.5
1181,-0.0004,-2.7600000000000007e-06,0.01,50,0,50,4.5
1182,-0.0004,-2.720000000000001e-06,0.01,50,0,50,4.5
1183,-0.0008,-2.6800000000000014e-06,0.01,50,0,50,4.5
1184,0.0,-2.640000000000002e-06,0.01,50,0,50,4.5
1185,-0.0008,-2.600000000000002e-06,0.01,50,0,50,4.5
1186,-0.0004,-2.5600000000000026e-06,0.01,50,0,50,4.5
1187,0.0012000000000000001,-2.520000000000003e-06,0.01,50,0,50,4.5
1188,0.0,-2.4800000000000034e-06,0.01,50,0,50,4.5
1189,0.0016,-2.4400000000000037e-06,0.01,50,0,50,4.5
1190,-0.0004,-2.400000000000004e-06,0.01,50,0,50,4.5
1191,-0.0012000000000000001,-2.3600000000000045e-06,0.01,50,0,50,4.5
1192,0.0,-2.319999999999998e-06,0.01,50,0,50,4.5
1193,0.0,-2.2799999999999985e-06,0.01,50,0,50,4.5
1194,0.0008,-2.239999999999999e-06,0.01,50,0,50,4.5
1195,-0.0004,-2.1999999999999993e-06,0.01,50,0,50,4.5
1196,-0.0004,-2.1599999999999996e-06,0.01,50,0,50,4.5
1197,-0.0004,-2.12e-06,0.01,50,0,50,4.5
1198,-0.0008,-2.0800000000000004e-06,0.01,50,0,50,4.5
1199,0.0016,-2.040000000000001e-06,0.01,50,0,50,4.5
1200,0.0012000000000000001,-2.000000000000001e-06,0.01,50,0,50,4.5
1201,0.0004,-1.9600000000000016e-06,0.01,50,0,50,4.5
1202,0.0,-1.920000000000002e-06,0.01,50,0,50,4.5
1203,0.0,-1.8800000000000023e-06,0.01,50,0,50,4.5
1204,0.0012000000000000001,-1.8400000000000027e-06,0.01,50,0,50,4.5
1205,0.0012000000000000001,-1.800000000000003e-06,0.01,50,0,50,4.5
1206,0.0004,-1.7600000000000035e-06,0.01,50,0,50,4.5
1207,0.0012000000000000001,-1.7200000000000039e-06,0.01,50,0,50,4.5
1208,0.0,-1.6800000000000042e-06,0.01,50,0,50,4.5
1209,0.0008,-1.6400000000000046e-06,0.01,50,0,50,4.5
1210,0.0008,-1.5999999999999982e-06,0.01,50,0,50,4.5
1211,-0.0004,-1.5599999999999986e-06,0.01,50,0,50,4.5
1212,0.0,-1.519999999999999e-06,0.01,50,0,50,4.5
1213,0.0008,-1.4799999999999994e-06,0.01,50,0,50,4.5
1214,-0.0008,-1.4399999999999998e-06,0.01,50,0,50,4.5
1215,0.0,-1.4000000000000001e-06,0.01,50,0,50,4.5
1216,-0.0012000000000000001,-1.3600000000000005e-06,0.01,50,0,50,4.5
1217,0.0004,-1.320000000000001e-06,0.01,50,0,50,4.5
1218,0.0004,-1.2800000000000013e-06,0.01,50,0,50,4.5
1219,0.0004,-1.2400000000000017e-06,0.01,50,0,50,4.5
1220,0.0,-1.200000000000002e-06,0.01,50,0,50,4.5
1221,-0.0004,-1.1600000000000024e-06,0.01,50,0,50,4.5
1222,-0.0004,-1.1200000000000028e-06,0.01,50,0,50,4.5
1223,0.0012000000000000001,-1.0800000000000032e-06,0.01,50,0,50,4.5
1224,0.0008,-1.0400000000000036e-06,0.01,50,0,50,4.5
1225,0.002,-1.000000000000004e-06,0.01,50,0,50,4.5
1226,0.0012000000000000001,-9.600000000000044e-07,0.01,50,0,50,4.5
1227,-0.0008,-9.200000000000047e-07,0.01,50,0,50,4.5
1228,0.0004,-8.799999999999984e-07,0.01,50,0,50,4.5
1229,0.0012000000000000001,-8.399999999999987e-07,0.01,50,0,50,4.5
1230,0.0024000000000000002,-7.999999999999991e-07,0.01,50,0,50,4.5
1231,0.0012000000000000001,-7.599999999999995e-07,0.01,50,0,50,4.5
1232,0.0008,-7.199999999999999e-07,0.01,50,0,50,4.5
1233,0.0008,-6.800000000000003e-07,0.01,50,0,50,4.5
1234,0.0004,-6.400000000000006e-07,0.01,50,0,50,4.5
1235,0.0012000000000000001,-6.00000000000001e-07,0.01,50,0,50,4.5
1236,0.0004,-5.600000000000014e-07,0.01,50,0,50,4.5
1237,0.0,-5.200000000000018e-07,0.01,50,0,50,4.5
1238,0.0008,-4.800000000000022e-07,0.01,50,0,50,4.5
1239,0.0008,-4.4000000000000256e-07,0.01,50,0,50,4.5
1240,0.0004,-4.0000000000000295e-07,0.01,50,0,50,4.5
1241,0.0004,-3.6000000000000333e-07,0.01,50,0,50,4.5
1242,-0.0004,-3.200000000000037e-07,0.01,50,0,50,4.5
1243,0.0012000000000000001,-2.800000000000041e-07,0.01,50,0,50,4.5
1244,0.0008,-2.400000000000045e-07,0.01,50,0,50,4.5
1245,0.0004,-1.9999999999999809e-07,0.01,50,0,50,4.5
1246,0.0004,-1.5999999999999847e-07,0.01,50,0,50,4.5
1247,-0.0004,-1.1999999999999885e-07,0.01,50,0,50,4.5
1248,0.0012000000000000001,-7.999999999999923e-08,0.01,50,0,50,4.5
1249,0.0008,-3.999999999999962e-08,0.01,50,0,50,4.5
1250,0.0004,0.0,0.01,50,0,50,4.5
1251,0.0008,3.999999999999962e-08,0.01,50,0,50,4.5
1252,-0.0004,7.999999999999923e-08,0.01,50,0,50,4.5
1253,0.0,1.1999999999999885e-07,0.01,50,0,50,4.5
1254,0.0008,1.5999999999999847e-07,0.01,50,0,50,4.5
1255,0.0012000000000000001,1.9999999999999809e-07,0.01,50,0,50,4.5
1256,0.0008,2.399999999999977e-07,0.01,50,0,50,4.5
1257,-0.0024000000000000002,2.799999999999973e-07,0.01,50,0,50,4.5
1258,0.0004,3.1999999999999694e-07,0.01,50,0,50,4.5
1259,0.0012000000000000001,3.5999999999999655e-07,0.01,50,0,50,4.5
1260,0.0012000000000000001,3.9999999999999617e-07,0.01,50,0,50,4.5
1261,0.0016,4.399999999999958e-07,0.01,50,0,50,4.5
1262,0.002,4.799999999999954e-07,0.01,50,0,50,4.5
1263,0.0004,5.200000000000018e-07,0.01,50,0,50,4.5
1264,0.0008,5.600000000000014e-07,0.01,50,0,50,4.5
1265,-0.0004,6.00000000000001e-07,0.01,50,0,50,4.5
1266,0.0008,6.400000000000006e-07,0.01,50,0,50,4.5
1267,0.0012000000000000001,6.800000000000003e-07,0.01,50,0,50,4.5
1268,-0.0004,7.199999999999999e-07,0.01,50,0,50,4.5
1269,0.0008,7.599999999999995e-07,0.01,50,0,50,4.5
1270,0.0,7.999999999999991e-07,0.01,50,0,50,4.5
1271,0.0016,8.399999999999987e-07,0.01,50,0,50,4.5
1272,0.0012000000000000001,8.799999999999984e-07,0.01,50,0,50,4.5
1273,0.0008,9.19999999999998e-07,0.01,50,0,50,4.5
1274,0.0008,9.599999999999976e-07,0.01,50,0,50,4.5
1275,0.0004,9.999999999999972e-07,0.01,50,0,50,4.5
1276,0.0,1.0399999999999968e-06,0.01,50,0,50,4.5
1277,0.0,1.0799999999999964e-06,0.01,50,0,50,4.5
1278,-0.0008,1.119999999999996e-06,0.01,50,0,50,4.5
1279,0.0012000000000000001,1.1599999999999957e-06,0.01,50,0,50,4.5
1280,0.0012000000000000001,1.1999999999999953e-06,0.01,50,0,50,4.5
1281,0.0004,1.2400000000000017e-06,0.01,50,0,50,4.5
1282,0.0004,1.2800000000000013e-06,0.01,50,0,50,4.5
1283,0.0,1.320000000000001e-06,0.01,50,0,50,4.5
1284,0.0012000000000000001,1.3600000000000005e-06,0.01,50,0,50,4.5
1285,0.0016,1.4000000000000001e-06,0.01,50,0,50,4.5
1286,0.0008,1.4399999999999998e-06,0.01,50,0,50,4.5
1287,0.0008,1.4799999999999994e-06,0.01,50,0,50,4.5
1288,0.0,1.519999999999999e-06,0.01,50,0,50,4.5
1289,0.0008,1.5599999999999986e-06,0.01,50,0,50,4.5
1290,0.0016,1.5999999999999982e-06,0.01,50,0,50,4.5
1291,0.0012000000000000001,1.6399999999999979e-06,0.01,50,0,50,4.5
1292,0.0016,1.6799999999999975e-06,0.01,50,0,50,4.5
1293,0.0008,1.719999999999997e-06,0.01,50,0,50,4.5
1294,0.0008,1.7599999999999967e-06,0.01,50,0,50,4.5
1295,0.0008,1.7999999999999963e-06,0.01,50,0,50,4.5
1296,-0.0004,1.839999999999996e-06,0.01,50,0,50,4.5
1297,0.0012000000000000001,1.8799999999999956e-06,0.01,50,0,50,4.5
1298,0.0012000000000000001,1.920000000000002e-06,0.01,50,0,50,4.5
1299,0.0,1.9600000000000016e-06,0.01,50,0,50,4.5
1300,0.0,2.000000000000001e-06,0.01,50,0,50,4.5
1301,-0.0004,2.040000000000001e-06,0.01,50,0,50,4.5
1302,0.0012000000000000001,2.0800000000000004e-06,0.01,50,0,50,4.5
1303,0.0016,2.12e-06,0.01,50,0,50,4.5
1304,0.0,2.1599999999999996e-06,0.01,50,0,50,4.5
1305,0.0016,2.1999999999999993e-06,0.01,50,0,50,4.5
1306,0.0004,2.239999999999999e-06,0.01,50,0,50,4.5
1307,0.0004,2.2799999999999985e-06,0.01,50,0,50,4.5
1308,0.0004,2.319999999999998e-06,0.01,50,0,50,4.5
1309,0.0,2.3599999999999977e-06,0.01,50,0,50,4.5
1310,0.0012000000000000001,2.3999999999999974e-06,0.01,50,0,50,4.5
1311,0.0016,2.439999999999997e-06,0.01,50,0,50,4.5
1312,0.0008,2.4799999999999966e-06,0.01,50,0,50,4.5
1313,0.0004,2.519999999999996e-06,0.01,50,0,50,4.5
1314,-0.0004,2.559999999999996e-06,0.01,50,0,50,4.5
1315,0.0008,2.5999999999999954e-06,0.01,50,0,50,4.5
1316,0.0028,2.640000000000002e-06,0.01,50,0,50,4.5
1317,0.0008,2.6800000000000014e-06,0.01,50,0,50,4.5
1318,0.0004,2.720000000000001e-06,0.01,50,0,50,4.5
1319,0.0004,2.7600000000000007e-06,0.01,50,0,50,4.5
1320,0.0004,2.8000000000000003e-06,0.01,50,0,50,4.5
1321,0.0024000000000000002,2.84e-06,0.01,50,0,50,4.5
1322,0.0016,2.8799999999999995e-06,0.01,50,0,50,4.5
1323,0.0012000000000000001,2.919999999999999e-06,0.01,50,0,50,4.5
1324,0.0004,2.9599999999999988e-06,0.01,50,0,50,4.5
1325,0.0,2.9999999999999984e-06,0.01,50,0,50,4.5
1326,0.0008,3.039999999999998e-06,0.01,50,0,50,4.5
1327,0.0,3.0799999999999976e-06,0.01,50,0,50,4.5
1328,0.0016,3.1199999999999972e-06,0.01,50,0,50,4.5
1329,0.0004,3.159999999999997e-06,0.01,50,0,50,4.5
1330,-0.0008,3.1999999999999965e-06,0.01,50,0,50,4.5
1331,0.0004,3.239999999999996e-06,0.01,50,0,50,4.5
1332,0.0,3.2799999999999957e-06,0.01,50,0,50,4.5
1333,0.0004,3.320000000000002e-06,0.01,50,0,50,4.5
1334,0.0008,3.3600000000000017e-06,0.01,50,0,50,4.5
1335,-0.0004,3.4000000000000013e-06,0.01,50,0,50,4.5
1336,0.0008,3.440000000000001e-06,0.01,50,0,50,4.5
1337,-0.0008,3.4800000000000006e-06,0.01,50,0,50,4.5
1338,0.0,3.52e-06,0.01,50,0,50,4.5
1339,0.0012000000000000001,3.56e-06,0.01,50,0,50,4.5
1340,0.0,3.5999999999999994e-06,0.01,50,0,50,4.5
1341,0.0016,3.639999999999999e-06,0.01,50,0,50,4.5
1342,0.0008,3.6799999999999986e-06,0.01,50,0,50,4.5
1343,0.0,3.7199999999999983e-06,0.01,50,0,50,4.5
1344,0.0008,3.759999999999998e-06,0.01,50,0,50,4.5
1345,0.0012000000000000001,3.7999999999999975e-06,0.01,50,0,50,4.5
1346,0.0028,3.839999999999997e-06,0.01,50,0,50,4.5
1347,0.0016,3.879999999999997e-06,0.01,50,0,50,4.5
1348,0.0,3.919999999999996e-06,0.01,50,0,50,4.5
1349,0.0004,3.959999999999996e-06,0.01,50,0,50,4.5
1350,0.0004,3.999999999999996e-06,0.01,50,0,50,4.5
1351,0.0016,4.040000000000002e-06,0.01,50,0,50,4.5
1352,0.002,4.080000000000002e-06,0.01,50,0,50,4.5
1353,-0.0004,4.120000000000001e-06,0.01,50,0,50,4.5
1354,0.0,4.160000000000001e-06,0.01,50,0,50,4.5
1355,-0.0008,4.2000000000000004e-06,0.01,50,0,50,4.5
1356,-0.0004,4.24e-06,0.01,50,0,50,4.5
1357,0.0008,4.28e-06,0.01,50,0,50,4.5
1358,0.0004,4.319999999999999e-06,0.01,50,0,50,4.5
1359,0.0012000000000000001,4.359999999999999e-06,0.01,50,0,50,4.5
1360,0.0004,4.3999999999999985e-06,0.01,50,0,50,4.5
1361,0.0,4.439999999999998e-06,0.01,50,0,50,4.5
1362,0.0008,4.479999999999998e-06,0.01,50,0,50,4.5
1363,0.0004,4.519999999999997e-06,0.01,50,0,50,4.5
1364,0.0012000000000000001,4.559999999999997e-06,0.01,50,0,50,4.5
1365,0.0008,4.599999999999997e-06,0.01,50,0,50,4.5
1366,-0.0008,4.639999999999996e-06,0.01,50,0,50,4.5
1367,-0.0004,4.679999999999996e-06,0.01,50,0,50,4.5
1368,-0.0008,4.7199999999999955e-06,0.01,50,0,50,4.5
1369,0.0,4.760000000000002e-06,0.01,50,0,50,4.5
1370,0.0012000000000000001,4.8000000000000015e-06,0.01,50,0,50,4.5
1371,0.0008,4.840000000000001e-06,0.01,50,0,50,4.5
1372,0.0012000000000000001,4.880000000000001e-06,0.01,50,0,50,4.5
1373,0.0008,4.92e-06,0.01,50,0,50,4.5
1374,-0.0004,4.96e-06,0.01,50,0,50,4.5
1375,0.0012000000000000001,4.9999999999999996e-06,0.01,50,0,50,4.5
1376,0.0008,5.039999999999999e-06,0.01,50,0,50,4.5
1377,0.0016,5.079999999999999e-06,0.01,50,0,50,4.5
1378,0.0012000000000000001,5.119999999999998e-06,0.01,50,0,50,4.5
1379,-0.0008,5.159999999999998e-06,0.01,50,0,50,4.5
1380,0.0008,5.199999999999998e-06,0.01,50,0,50,4.5
1381,0.0004,5.239999999999997e-06,0.01,50,0,50,4.5
1382,0.0012000000000000001,5.279999999999997e-06,0.01,50,0,50,4.5
1383,0.0004,5.3199999999999965e-06,0.01,50,0,50,4.5
1384,-0.0012000000000000001,5.359999999999996e-06,0.01,50,0,50,4.5
1385,0.0004,5.399999999999996e-06,0.01,50,0,50,4.5
1386,-0.0008,5.440000000000002e-06,0.01,50,0,50,4.5
1387,-0.0008,5.480000000000002e-06,0.01,50,0,50,4.5
1388,0.0,5.520000000000001e-06,0.01,50,0,50,4.5
1389,0.0,5.560000000000001e-06,0.01,50,0,50,4.5
1390,-0.0004,5.600000000000001e-06,0.01,50,0,50,4.5
1391,0.0,5.64e-06,0.01,50,0,50,4.5
1392,0.0,5.68e-06,0.01,50,0,50,4.5
1393,0.0004,5.7199999999999994e-06,0.01,50,0,50,4.5
1394,0.0,5.759999999999999e-06,0.01,50,0,50,4.5
1395,0.0004,5.799999999999999e-06,0.01,50,0,50,4.5
1396,0.0012000000000000001,5.839999999999998e-06,0.01,50,0,50,4.5
1397,0.0,5.879999999999998e-06,0.01,50,0,50,4.5
1398,0.0004,5.9199999999999975e-06,0.01,50,0,50,4.5
1399,-0.0004,5.959999999999997e-06,0.01,50,0,50,4.5
1400,0.0,5.999999999999997e-06,0.01,50,0,50,4.5
1401,0.0016,6.039999999999996e-06,0.01,50,0,50,4.5
1402,0.0008,6.079999999999996e-06,0.01,50,0,50,4.5
1403,0.0008,6.119999999999996e-06,0.01,50,0,50,4.5
1404,0.0004,6.160000000000002e-06,0.01,50,0,50,4.5
1405,0.0004,6.200000000000002e-06,0.01,50,0,50,4.5
1406,0.002,6.240000000000001e-06,0.01,50,0,50,4.5
1407,0.0004,6.280000000000001e-06,0.01,50,0,50,4.5
1408,0.0008,6.3200000000000005e-06,0.01,50,0,50,4.5
1409,-0.0004,6.36e-06,0.01,50,0,50,4.5
1410,-0.0012000000000000001,6.4e-06,0.01,50,0,50,4.5
1411,0.0004,6.439999999999999e-06,0.01,50,0,50,4.5
1412,-0.0004,6.479999999999999e-06,0.01,50,0,50,4.5
1413,0.0012000000000000001,6.5199999999999986e-06,0.01,50,0,50,4.5
1414,0.0004,6.559999999999998e-06,0.01,50,0,50,4.5
1415,0.0004,6.599999999999998e-06,0.01,50,0,50,4.5
1416,0.0,6.639999999999997e-06,0.01,50,0,50,4.5
1417,0.0,6.679999999999997e-06,0.01,50,0,50,4.5
1418,-0.0004,6.719999999999997e-06,0.01,50,0,50,4.5
1419,-0.0004,6.759999999999996e-06,0.01,50,0,50,4.5
1420,0.0008,6.799999999999996e-06,0.01,50,0,50,4.5
1421,0.0004,6.8399999999999955e-06,0.01,50,0,50,4.5
1422,-0.0008,6.880000000000002e-06,0.01,50,0,50,4.5
1423,0.0004,6.9200000000000015e-06,0.01,50,0,50,4.5
1424,0.0016,6.960000000000001e-06,0.01,50,0,50,4.5
1425,0.0008,7.000000000000001e-06,0.01,50,0,50,4.5
1426,0.0004,7.04e-06,0.01,50,0,50,4.5
1427,0.0008,7.08e-06,0.01,50,0,50,4.5
1428,-0.0012000000000000001,7.12e-06,0.01,50,0,50,4.5
1429,0.0008,7.159999999999999e-06,0.01,50,0,50,4.5
1430,0.0004,7.199999999999999e-06,0.01,50,0,50,4.5
1431,0.0004,7.2399999999999984e-06,0.01,50,0,50,4.5
1432,0.0016,7.279999999999998e-06,0.01,50,0,50,4.5
1433,0.0,7.319999999999998e-06,0.01,50,0,50,4.5
1434,0.0012000000000000001,7.359999999999997e-06,0.01,50,0,50,4.5
1435,0.0004,7.399999999999997e-06,0.01,50,0,50,4.5
1436,-0.0004,7.4399999999999965e-06,0.01,50,0,50,4.5
1437,0.0016,7.479999999999996e-06,0.01,50,0,50,4.5
1438,0.0004,7.519999999999996e-06,0.01,50,0,50,4.5
1439,0.0008,7.560000000000002e-06,0.01,50,0,50,4.5
1440,0.0,7.600000000000002e-06,0.01,50,0,50,4.5
1441,-0.0008,7.640000000000001e-06,0.01,50,0,50,4.5
1442,0.0004,7.680000000000001e-06,0.01,50,0,50,4.5
1443,0.0004,7.72e-06,0.01,50,0,50,4.5
1444,0.0004,7.76e-06,0.01,50,0,50,4.5
1445,0.0,7.8e-06,0.01,50,0,50,4.5
1446,-0.0016,7.84e-06,0.01,50,0,50,4.5
1447,-0.0008,7.879999999999999e-06,0.01,50,0,50,4.5
1448,-0.0004,7.919999999999999e-06,0.01,50,0,50,4.5
1449,-0.0004,7.959999999999998e-06,0.01,50,0,50,4.5
1450,0.0008,7.999999999999998e-06,0.01,50,0,50,4.5
1451,-0.0012000000000000001,8.039999999999998e-06,0.01,50,0,50,4.5
1452,0.0,8.079999999999997e-06,0.01,50,0,50,4.5
1453,-0.0004,8.119999999999997e-06,0.01,50,0,50,4.5
1454,-0.0004,8.159999999999996e-06,0.01,50,0,50,4.5
1455,0.0008,8.199999999999996e-06,0.01,50,0,50,4.5
1456,0.0004,8.239999999999996e-06,0.01,50,0,50,4.5
1457,0.0008,8.280000000000002e-06,0.01,50,0,50,4.5
1458,0.0008,8.320000000000002e-06,0.01,50,0,50,4.5
1459,-0.0004,8.360000000000001e-06,0.01,50,0,50,4.5
1460,0.0008,8.400000000000001e-06,0.01,50,0,50,4.5
1461,0.0004,8.44e-06,0.01,50,0,50,4.5
1462,0.002,8.48e-06,0.01,50,0,50,4.5
1463,0.002,8.52e-06,0.01,50,0,50,4.5
1464,0.0,8.56e-06,0.01,50,0,50,4.5
1465,0.0012000000000000001,8.599999999999999e-06,0.01,50,0,50,4.5
1466,-0.0012000000000000001,8.639999999999999e-06,0.01,50,0,50,4.5
1467,0.0,8.679999999999998e-06,0.01,50,0,50,4.5
1468,0.0012000000000000001,8.719999999999998e-06,0.01,50,0,50,4.5
1469,0.0,8.759999999999997e-06,0.01,50,0,50,4.5
1470,0.0,8.799999999999997e-06,0.01,50,0,50,4.5
1471,-0.0012000000000000001,8.839999999999997e-06,0.01,50,0,50,4.5
1472,-0.0008,8.879999999999996e-06,0.01,50,0,50,4.5
1473,0.002,8.919999999999996e-06,0.01,50,0,50,4.5
1474,0.0012000000000000001,8.959999999999996e-06,0.01,50,0,50,4.5
1475,0.0,9.000000000000002e-06,0.01,50,0,50,4.5
1476,0.0004,9.040000000000002e-06,0.01,50,0,50,4.5
1477,-0.0008,9.080000000000001e-06,0.01,50,0,50,4.5
1478,0.0008,9.12e-06,0.01,50,0,50,4.5
1479,0.0,9.16e-06,0.01,50,0,50,4.5
1480,0.0004,9.2e-06,0.01,50,0,50,4.5
1481,0.0,9.24e-06,0.01,50,0,50,4.5
1482,-0.0004,9.28e-06,0.01,50,0,50,4.5
1483,0.0004,9.319999999999999e-06,0.01,50,0,50,4.5
1484,0.0,9.359999999999998e-06,0.01,50,0,50,4.5
1485,0.0004,9.399999999999998e-06,0.01,50,0,50,4.5
1486,0.0008,9.439999999999998e-06,0.01,50,0,50,4.5
1487,0.0,9.479999999999997e-06,0.01,50,0,50,4.5
1488,0.0004,9.519999999999997e-06,0.01,50,0,50,4.5
1489,0.0004,9.559999999999997e-06,0.01,50,0,50,4.5
1490,-0.0008,9.599999999999996e-06,0.01,50,0,50,4.5
1491,0.0016,9.639999999999996e-06,0.01,50,0,50,4.5
1492,0.0016,9.680000000000002e-06,0.01,50,0,50,4.5
1493,0.0012000000000000001,9.720000000000002e-06,0.01,50,0,50,4.5
1494,0.0004,9.760000000000001e-06,0.01,50,0,50,4.5
1495,-0.0004,9.800000000000001e-06,0.01,50,0,50,4.5
1496,0.0004,9.84e-06,0.01,50,0,50,4.5
1497,-0.0008,9.88e-06,0.01,50,0,50,4.5
1498,0.0,9.92e-06,0.01,50,0,50,4.5
1499,0.0004,9.96e-06,0.01,50,0,50,4.5
1500,-0.0012000000000000001,9.999999999999999e-06,0.01,50,0,50,4.5
1501,-0.0004,1.0039999999999999e-05,0.01,50,0,50,4.5
1502,-0.0008,1.0079999999999998e-05,0.01,50,0,50,4.5
1503,0.0004,1.0119999999999998e-05,0.01,50,0,50,4.5
1504,0.0012000000000000001,1.0159999999999998e-05,0.01,50,0,50,4.5
1505,-0.0004,1.0199999999999997e-05,0.01,50,0,50,4.5
1506,-0.0004,1.0239999999999997e-05,0.01,50,0,50,4.5
1507,-0.0004,1.0279999999999996e-05,0.01,50,0,50,4.5
1508,0.0004,1.0319999999999996e-05,0.01,50,0,50,4.5
1509,0.0012000000000000001,1.0359999999999996e-05,0.01,50,0,50,4.5
1510,0.0,1.0400000000000002e-05,0.01,50,0,50,4.5
1511,0.0004,1.0440000000000002e-05,0.01,50,0,50,4.5
1512,0.0,1.0480000000000001e-05,0.01,50,0,50,4.5
1513,-0.0008,1.0520000000000001e-05,0.01,50,0,50,4.5
1514,0.0004,1.056e-05,0.01,50,0,50,4.5
1515,-0.0008,1.06e-05,0.01,50,0,50,4.5
1516,0.0008,1.064e-05,0.01,50,0,50,4.5
1517,0.0012000000000000001,1.068e-05,0.01,50,0,50,4.5
1518,0.0004,1.0719999999999999e-05,0.01,50,0,50,4.5
1519,0.0008,1.0759999999999999e-05,0.01,50,0,50,4.5
1520,0.0,1.0799999999999998e-05,0.01,50,0,50,4.5
1521,-0.0008,1.0839999999999998e-05,0.01,50,0,50,4.5
1522,0.0016,1.0879999999999997e-05,0.01,50,0,50,4.5
1523,0.0008,1.0919999999999997e-05,0.01,50,0,50,4.5
1524,0.0012000000000000001,1.0959999999999997e-05,0.01,50,0,50,4.5
1525,0.0,1.0999999999999996e-05,0.01,50,0,50,4.5
1526,-0.0004,1.1039999999999996e-05,0.01,50,0,50,4.5
1527,0.0008,1.1080000000000002e-05,0.01,50,0,50,4.5
1528,-0.0004,1.1119999999999995e-05,0.01,50,0,50,4.5
1529,0.0012000000000000001,1.1160000000000002e-05,0.01,50,0,50,4.5
1530,-0.0004,1.1199999999999994e-05,0.01,50,0,50,4.5
1531,-0.0012000000000000001,1.124e-05,0.01,50,0,50,4.5
1532,0.0008,1.1279999999999994e-05,0.01,50,0,50,4.5
1533,-0.0004,1.132e-05,0.01,50,0,50,4.5
1534,0.0012000000000000001,1.1359999999999993e-05,0.01,50,0,50,4.5
1535,0.002,1.14e-05,0.01,50,0,50,4.5
1536,0.0,1.1440000000000006e-05,0.01,50,0,50,4.5
1537,0.0004,1.1479999999999999e-05,0.01,50,0,50,4.5
1538,-0.0004,1.1520000000000005e-05,0.01,50,0,50,4.5
1539,-0.0004,1.1559999999999998e-05,0.01,50,0,50,4.5
1540,0.0012000000000000001,1.1600000000000004e-05,0.01,50,0,50,4.5
1541,0.0008,1.1639999999999997e-05,0.01,50,0,50,4.5
1542,0.0008,1.1680000000000003e-05,0.01,50,0,50,4.5
1543,0.002,1.1719999999999996e-05,0.01,50,0,50,4.5
1544,0.0004,1.1760000000000003e-05,0.01,50,0,50,4.5
1545,0.0008,1.1799999999999995e-05,0.01,50,0,50,4.5
1546,0.0008,1.1840000000000002e-05,0.01,50,0,50,4.5
1547,0.0012000000000000001,1.1879999999999995e-05,0.01,50,0,50,4.5
1548,0.0016,1.1920000000000001e-05,0.01,50,0,50,4.5
1549,0.0004,1.1959999999999994e-05,0.01,50,0,50,4.5
1550,0.0008,1.2e-05,0.01,50,0,50,4.5
1551,0.0004,1.2039999999999993e-05,0.01,50,0,50,4.5
1552,0.0012000000000000001,1.208e-05,0.01,50,0,50,4.5
1553,0.0012000000000000001,1.2119999999999992e-05,0.01,50,0,50,4.5
1554,0.0,1.2159999999999999e-05,0.01,50,0,50,4.5
1555,0.0008,1.2200000000000005e-05,0.01,50,0,50,4.5
1556,0.0008,1.2239999999999998e-05,0.01,50,0,50,4.5
1557,0.0004,1.2280000000000004e-05,0.01,50,0,50,4.5
1558,0.0,1.2319999999999997e-05,0.01,50,0,50,4.5
1559,0.0008,1.2360000000000004e-05,0.01,50,0,50,4.5
1560,0.0004,1.2399999999999996e-05,0.01,50,0,50,4.5
1561,0.0004,1.2440000000000003e-05,0.01,50,0,50,4.5
1562,-0.0008,1.2479999999999996e-05,0.01,50,0,50,4.5
1563,0.0,1.2520000000000002e-05,0.01,50,0,50,4.5
1564,0.0004,1.2559999999999995e-05,0.01,50,0,50,4.5
1565,0.0016,1.2600000000000001e-05,0.01,50,0,50,4.5
1566,0.002,1.2639999999999994e-05,0.01,50,0,50,4.5
1567,0.0008,1.268e-05,0.01,50,0,50,4.5
1568,0.0004,1.2719999999999993e-05,0.01,50,0,50,4.5
1569,0.0,1.276e-05,0.01,50,0,50,4.5
1570,0.0008,1.2799999999999993e-05,0.01,50,0,50,4.5
1571,0.0016,1.2839999999999999e-05,0.01,50,0,50,4.5
1572,0.0,1.2880000000000005e-05,0.01,50,0,50,4.5
1573,0.0004,1.2919999999999998e-05,0.01,50,0,50,4.5
1574,0.0008,1.2960000000000005e-05,0.01,50,0,50,4.5
1575,0.0004,1.2999999999999998e-05,0.01,50,0,50,4.5
1576,0.0016,1.3040000000000004e-05,0.01,50,0,50,4.5
1577,0.0012000000000000001,1.3079999999999997e-05,0.01,50,0,50,4.5
1578,0.0016,1.3120000000000003e-05,0.01,50,0,50,4.5
1579,0.0012000000000000001,1.3159999999999996e-05,0.01,50,0,50,4.5
1580,0.0004,1.3200000000000002e-05,0.01,50,0,50,4.5
1581,0.0008,1.3239999999999995e-05,0.01,50,0,50,4.5
1582,0.0004,1.3280000000000002e-05,0.01,50,0,50,4.5
1583,0.0004,1.3319999999999994e-05,0.01,50,0,50,4.5
1584,0.0016,1.336e-05,0.01,50,0,50,4.5
1585,0.0008,1.3399999999999994e-05,0.01,50,0,50,4.5
1586,0.0004,1.344e-05,0.01,50,0,50,4.5
1587,0.0,1.3479999999999993e-05,0.01,50,0,50,4.5
1588,-0.0004,1.352e-05,0.01,50,0,50,4.5
1589,0.0016,1.3560000000000006e-05,0.01,50,0,50,4.5
1590,0.0012000000000000001,1.3599999999999999e-05,0.01,50,0,50,4.5
1591,0.0012000000000000001,1.3640000000000005e-05,0.01,50,0,50,4.5
1592,0.0012000000000000001,1.3679999999999998e-05,0.01,50,0,50,4.5
1593,-0.0008,1.3720000000000004e-05,0.01,50,0,50,4.5
1594,0.0004,1.3759999999999997e-05,0.01,50,0,50,4.5
1595,0.0008,1.3800000000000003e-05,0.01,50,0,50,4.5
1596,0.0028,1.3839999999999996e-05,0.01,50,0,50,4.5
1597,0.002,1.3880000000000003e-05,0.01,50,0,50,4.5
1598,0.0,1.3919999999999995e-05,0.01,50,0,50,4.5
1599,0.0008,1.3960000000000002e-05,0.01,50,0,50,4.5
1600,0.0008,1.3999999999999995e-05,0.01,50,0,50,4.5
1601,0.0008,1.4040000000000001e-05,0.01,50,0,50,4.5
1602,0.0012000000000000001,1.4079999999999994e-05,0.01,50,0,50,4.5
1603,0.0004,1.412e-05,0.01,50,0,50,4.5
1604,0.0004,1.4159999999999993e-05,0.01,50,0,50,4.5
1605,0.0016,1.42e-05,0.01,50,0,50,4.5
1606,0.0012000000000000001,1.4239999999999992e-05,0.01,50,0,50,4.5
1607,0.002,1.4279999999999999e-05,0.01,50,0,50,4.5
1608,0.0008,1.4320000000000005e-05,0.01,50,0,50,4.5
1609,0.0016,1.4359999999999998e-05,0.01,50,0,50,4.5
1610,0.002,1.4400000000000004e-05,0.01,50,0,50,4.5
1611,0.0004,1.4439999999999997e-05,0.01,50,0,50,4.5
1612,0.0004,1.4480000000000004e-05,0.01,50,0,50,4.5
1613,0.0004,1.4519999999999997e-05,0.01,50,0,50,4.5
1614,-0.0004,1.4560000000000003e-05,0.01,50,0,50,4.5
1615,0.0012000000000000001,1.4599999999999996e-05,0.01,50,0,50,4.5
1616,-0.0008,1.4640000000000002e-05,0.01,50,0,50,4.5
1617,-0.0004,1.4679999999999995e-05,0.01,50,0,50,4.5
1618,0.0,1.4720000000000001e-05,0.01,50,0,50,4.5
1619,0.0,1.4759999999999994e-05,0.01,50,0,50,4.5
1620,0.0016,1.48e-05,0.01,50,0,50,4.5
1621,0.0008,1.4839999999999993e-05,0.01,50,0,50,4.5
1622,0.0,1.488e-05,0.01,50,0,50,4.5
1623,0.0004,1.4919999999999993e-05,0.01,50,0,50,4.5
1624,-0.0004,1.4959999999999999e-05,0.01,50,0,50,4.5
1625,0.0016,1.5000000000000005e-05,0.01,50,0,50,4.5
1626,0.0012000000000000001,1.5039999999999998e-05,0.01,50,0,50,4.5
1627,0.0016,1.5080000000000005e-05,0.01,50,0,50,4.5
1628,0.0004,1.5119999999999998e-05,0.01,50,0,50,4.5
1629,-0.0004,1.5160000000000004e-05,0.01,50,0,50,4.5
1630,0.0,1.5199999999999997e-05,0.01,50,0,50,4.5
1631,0.0012000000000000001,1.5240000000000003e-05,0.01,50,0,50,4.5
1632,0.0008,1.5279999999999996e-05,0.01,50,0,50,4.5
1633,0.0008,1.5320000000000002e-05,0.01,50,0,50,4.5
1634,-0.0008,1.5359999999999995e-05,0.01,50,0,50,4.5
1635,0.0004,1.54e-05,0.01,50,0,50,4.5
1636,0.0004,1.5439999999999994e-05,0.01,50,0,50,4.5
1637,0.0008,1.548e-05,0.01,50,0,50,4.5
1638,0.0012000000000000001,1.5519999999999994e-05,0.01,50,0,50,4.5
1639,0.0008,1.556e-05,0.01,50,0,50,4.5
1640,0.0004,1.5599999999999993e-05,0.01,50,0,50,4.5
1641,0.0004,1.564e-05,0.01,50,0,50,4.5
1642,-0.0008,1.5680000000000006e-05,0.01,50,0,50,4.5
1643,0.0,1.572e-05,0.01,50,0,50,4.5
1644,-0.0004,1.5760000000000005e-05,0.01,50,0,50,4.5
1645,0.0,1.5799999999999998e-05,0.01,50,0,50,4.5
1646,0.0004,1.5840000000000004e-05,0.01,50,0,50,4.5
1647,-0.0016,1.5879999999999997e-05,0.01,50,0,50,4.5
1648,-0.0012000000000000001,1.5920000000000003e-05,0.01,50,0,50,4.5
1649,0.0,1.5959999999999996e-05,0.01,50,0,50,4.5
1650,0.0,1.6000000000000003e-05,0.01,50,0,50,4.5
1651,0.0016,1.6039999999999996e-05,0.01,50,0,50,4.5
1652,0.0,1.6080000000000002e-05,0.01,50,0,50,4.5
1653,0.0,1.6119999999999995e-05,0.01,50,0,50,4.5
1654,0.0004,1.616e-05,0.01,50,0,50,4.5
1655,0.0012000000000000001,1.6199999999999994e-05,0.01,50,0,50,4.5
1656,0.0024000000000000002,1.624e-05,0.01,50,0,50,4.5
1657,0.0012000000000000001,1.6279999999999993e-05,0.01,50,0,50,4.5
1658,0.0012000000000000001,1.632e-05,0.01,50,0,50,4.5
1659,0.0004,1.6359999999999992e-05,0.01,50,0,50,4.5
1660,0.0004,1.64e-05,0.01,50,0,50,4.5
1661,0.0012000000000000001,1.6440000000000005e-05,0.01,50,0,50,4.5
1662,0.0012000000000000001,1.6479999999999998e-05,0.01,50,0,50,4.5
1663,0.002,1.6520000000000004e-05,0.01,50,0,50,4.5
1664,0.0004,1.6559999999999997e-05,0.01,50,0,50,4.5
1665,0.0004,1.6600000000000004e-05,0.01,50,0,50,4.5
1666,0.0008,1.6639999999999997e-05,0.01,50,0,50,4.5
1667,0.0004,1.6680000000000003e-05,0.01,50,0,50,4.5
1668,0.0008,1.6719999999999996e-05,0.01,50,0,50,4.5
1669,0.0012000000000000001,1.6760000000000002e-05,0.01,50,0,50,4.5
1670,0.0,1.6799999999999995e-05,0.01,50,0,50,4.5
1671,0.0012000000000000001,1.684e-05,0.01,50,0,50,4.5
1672,0.0004,1.6879999999999994e-05,0.01,50,0,50,4.5
1673,-0.0012000000000000001,1.692e-05,0.01,50,0,50,4.5
1674,0.0004,1.6959999999999993e-05,0.01,50,0,50,4.5
1675,0.0008,1.7e-05,0.01,50,0,50,4.5
1676,0.0008,1.7039999999999993e-05,0.01,50,0,50,4.5
1677,0.0012000000000000001,1.708e-05,0.01,50,0,50,4.5
1678,-0.0004,1.7120000000000005e-05,0.01,50,0,50,4.5
1679,0.0004,1.716e-05,0.01,50,0,50,4.5
1680,0.0008,1.7200000000000005e-05,0.01,50,0,50,4.5
1681,0.0,1.7239999999999998e-05,0.01,50,0,50,4.5
1682,0.0016,1.7280000000000004e-05,0.01,50,0,50,4.5
1683,-0.0008,1.7319999999999997e-05,0.01,50,0,50,4.5
1684,0.0,1.7360000000000003e-05,0.01,50,0,50,4.5
1685,0.0008,1.7399999999999996e-05,0.01,50,0,50,4.5
1686,0.0008,1.7440000000000002e-05,0.01,50,0,50,4.5
1687,0.0012000000000000001,1.7479999999999995e-05,0.01,50,0,50,4.5
1688,0.0008,1.752e-05,0.01,50,0,50,4.5
1689,0.0012000000000000001,1.7559999999999995e-05,0.01,50,0,50,4.5
1690,0.0004,1.76e-05,0.01,50,0,50,4.5
1691,-0.0012000000000000001,1.7639999999999994e-05,0.01,50,0,50,4.5
1692,0.0016,1.768e-05,0.01,50,0,50,4.5
1693,0.0008,1.7719999999999993e-05,0.01,50,0,50,4.5
1694,0.0004,1.776e-05,0.01,50,0,50,4.5
1695,0.0008,1.7800000000000006e-05,0.01,50,0,50,4.5
1696,-0.0012000000000000001,1.784e-05,0.01,50,0,50,4.5
1697,0.0004,1.7880000000000005e-05,0.01,50,0,50,4.5
1698,0.0004,1.7919999999999998e-05,0.01,50,0,50,4.5
1699,0.0,1.7960000000000004e-05,0.01,50,0,50,4.5
1700,0.0004,1.7999999999999997e-05,0.01,50,0,50,4.5
1701,-0.0012000000000000001,1.8040000000000003e-05,0.01,50,0,50,4.5
1702,0.0,1.8079999999999996e-05,0.01,50,0,50,4.5
1703,0.0,1.8120000000000003e-05,0.01,50,0,50,4.5
1704,-0.0012000000000000001,1.8159999999999996e-05,0.01,50,0,50,4.5
1705,0.0004,1.8200000000000002e-05,0.01,50,0,50,4.5
1706,-0.0008,1.8239999999999995e-05,0.01,50,0,50,4.5
1707,0.0004,1.828e-05,0.01,50,0,50,4.5
1708,0.0008,1.8319999999999994e-05,0.01,50,0,50,4.5
1709,0.0,1.836e-05,0.01,50,0,50,4.5
1710,0.0004,1.8399999999999993e-05,0.01,50,0,50,4.5
1711,0.0008,1.844e-05,0.01,50,0,50,4.5
1712,0.0012000000000000001,1.8479999999999992e-05,0.01,50,0,50,4.5
1713,0.0004,1.852e-05,0.01,50,0,50,4.5
1714,-0.0008,1.8560000000000005e-05,0.01,50,0,50,4.5
1715,0.0,1.8599999999999998e-05,0.01,50,0,50,4.5
1716,-0.0004,1.8640000000000004e-05,0.01,50,0,50,4.5
1717,0.0012000000000000001,1.8679999999999997e-05,0.01,50,0,50,4.5
1718,0.0016,1.8720000000000004e-05,0.01,50,0,50,4.5
1719,0.0004,1.8759999999999997e-05,0.01,50,0,50,4.5
1720,0.0012000000000000001,1.8800000000000003e-05,0.01,50,0,50,4.5
1721,0.0,1.8839999999999996e-05,0.01,50,0,50,4.5
1722,0.0,1.8880000000000002e-05,0.01,50,0,50,4.5
1723,0.0016,1.8919999999999995e-05,0.01,50,0,50,4.5
1724,0.0012000000000000001,1.896e-05,0.01,50,0,50,4.5
1725,0.0,1.8999999999999994e-05,0.01,50,0,50,4.5
1726,0.0,1.904e-05,0.01,50,0,50,4.5
1727,-0.002,1.9079999999999994e-05,0.01,50,0,50,4.5
1728,0.0008,1.912e-05,0.01,50,0,50,4.5
1729,0.0004,1.9159999999999993e-05,0.01,50,0,50,4.5
1730,0.0,1.92e-05,0.01,50,0,50,4.5
1731,-0.0004,1.9240000000000006e-05,0.01,50,0,50,4.5
1732,-0.0016,1.928e-05,0.01,50,0,50,4.5
1733,-0.0004,1.9320000000000005e-05,0.01,50,0,50,4.5
1734,-0.0004,1.9359999999999998e-05,0.01,50,0,50,4.5
1735,-0.0004,1.9400000000000004e-05,0.01,50,0,50,4.5
1736,0.0,1.9439999999999997e-05,0.01,50,0,50,4.5
1737,0.0004,1.9480000000000003e-05,0.01,50,0,50,4.5
1738,0.0,1.9519999999999996e-05,0.01,50,0,50,4.5
1739,-0.0008,1.9560000000000002e-05,0.01,50,0,50,4.5
1740,0.0,1.9599999999999995e-05,0.01,50,0,50,4.5
1741,0.0016,1.9640000000000002e-05,0.01,50,0,50,4.5
1742,0.0004,1.9679999999999995e-05,0.01,50,0,50,4.5
1743,0.0012000000000000001,1.972e-05,0.01,50,0,50,4.5
1744,0.0012000000000000001,1.9759999999999994e-05,0.01,50,0,50,4.5
1745,-0.0012000000000000001,1.98e-05,0.01,50,0,50,4.5
1746,0.0004,1.9839999999999993e-05,0.01,50,0,50,4.5
1747,0.0004,1.988e-05,0.01,50,0,50,4.5
1748,0.0016,1.9920000000000006e-05,0.01,50,0,50,4.5
1749,0.0012000000000000001,1.996e-05,0.01,50,0,50,4.5
1750,0.0004,2.0000000000000005e-05,0.01,50,0,50,4.5
1751,0.0,2.0039999999999998e-05,0.01,50,0,50,4.5
1752,0.0,2.0080000000000004e-05,0.01,50,0,50,4.5
1753,0.0004,2.0119999999999997e-05,0.01,50,0,50,4.5
1754,0.002,2.0160000000000003e-05,0.01,50,0,50,4.5
1755,0.0,2.0199999999999996e-05,0.01,50,0,50,4.5
1756,-0.0004,2.0240000000000003e-05,0.01,50,0,50,4.5
1757,0.0004,2.0279999999999996e-05,0.01,50,0,50,4.5
1758,0.0,2.0320000000000002e-05,0.01,50,0,50,4.5
1759,0.0016,2.0359999999999995e-05,0.01,50,0,50,4.5
1760,0.0,2.04e-05,0.01,50,0,50,4.5
1761,0.0,2.0439999999999994e-05,0.01,50,0,50,4.5
1762,0.0,2.048e-05,0.01,50,0,50,4.5
1763,-0.0004,2.0519999999999993e-05,0.01,50,0,50,4.5
1764,0.0,2.056e-05,0.01,50,0,50,4.5
1765,-0.0004,2.0599999999999993e-05,0.01,50,0,50,4.5
1766,0.0004,2.064e-05,0.01,50,0,50,4.5
1767,0.0012000000000000001,2.0680000000000005e-05,0.01,50,0,50,4.5
1768,0.0004,2.0719999999999998e-05,0.01,50,0,50,4.5
1769,0.0008,2.0760000000000005e-05,0.01,50,0,50,4.5
1770,0.0004,2.0799999999999997e-05,0.01,50,0,50,4.5
1771,0.0,2.0840000000000004e-05,0.01,50,0,50,4.5
1772,0.002,2.0879999999999997e-05,0.01,50,0,50,4.5
1773,0.0016,2.0920000000000003e-05,0.01,50,0,50,4.5
1774,0.0012000000000000001,2.0959999999999996e-05,0.01,50,0,50,4.5
1775,-0.0004,2.1000000000000002e-05,0.01,50,0,50,4.5
1776,0.0,2.1039999999999995e-05,0.01,50,0,50,4.5
1777,0.0012000000000000001,2.108e-05,0.01,50,0,50,4.5
1778,0.0008,2.1119999999999994e-05,0.01,50,0,50,4.5
1779,0.0004,2.116e-05,0.01,50,0,50,4.5
1780,0.0,2.1199999999999994e-05,0.01,50,0,50,4.5
1781,-0.0004,2.124e-05,0.01,50,0,50,4.5
1782,0.0,2.1279999999999993e-05,0.01,50,0,50,4.5
1783,0.0008,2.132e-05,0.01,50,0,50,4.5
1784,0.0008,2.1360000000000006e-05,0.01,50,0,50,4.5
1785,-0.0004,2.14e-05,0.01,50,0,50,4.5
1786,-0.0008,2.1440000000000005e-05,0.01,50,0,50,4.5
1787,-0.0004,2.1479999999999998e-05,0.01,50,0,50,4.5
1788,-0.0004,2.1520000000000004e-05,0.01,50,0,50,4.5
1789,0.0004,2.1559999999999997e-05,0.01,50,0,50,4.5
1790,0.002,2.1600000000000003e-05,0.01,50,0,50,4.5
1791,0.0004,2.1639999999999996e-05,0.01,50,0,50,4.5
1792,0.0008,2.1680000000000002e-05,0.01,50,0,50,4.5
1793,0.0004,2.1719999999999995e-05,0.01,50,0,50,4.5
1794,0.0,2.1760000000000002e-05,0.01,50,0,50,4.5
1795,0.0008,2.1799999999999995e-05,0.01,50,0,50,4.5
1796,-0.0004,2.184e-05,0.01,50,0,50,4.5
1797,0.0012000000000000001,2.1879999999999994e-05,0.01,50,0,50,4.5
1798,0.0016,2.192e-05,0.01,50,0,50,4.5
1799,-0.0004,2.1959999999999993e-05,0.01,50,0,50,4.5
1800,0.0008,2.2e-05,0.01,50,0,50,4.5
1801,0.0004,2.2040000000000006e-05,0.01,50,0,50,4.5
1802,0.0016,2.208e-05,0.01,50,0,50,4.5
1803,0.0012000000000000001,2.2120000000000005e-05,0.01,50,0,50,4.5
1804,0.0,2.2159999999999998e-05,0.01,50,0,50,4.5
1805,-0.0008,2.2200000000000004e-05,0.01,50,0,50,4.5
1806,0.0004,2.2239999999999997e-05,0.01,50,0,50,4.5
1807,0.0,2.2280000000000004e-05,0.01,50,0,50,4.5
1808,0.0016,2.2319999999999996e-05,0.01,50,0,50,4.5
1809,0.0004,2.2360000000000003e-05,0.01,50,0,50,4.5
1810,0.0,2.2399999999999996e-05,0.01,50,0,50,4.5
1811,0.0008,2.2440000000000002e-05,0.01,50,0,50,4.5
1812,0.0,2.2479999999999995e-05,0.01,50,0,50,4.5
1813,0.0008,2.252e-05,0.01,50,0,50,4.5
1814,0.0008,2.2559999999999994e-05,0.01,50,0,50,4.5
1815,0.0004,2.26e-05,0.01,50,0,50,4.5
1816,0.0012000000000000001,2.2639999999999993e-05,0.01,50,0,50,4.5
1817,-0.0008,2.268e-05,0.01,50,0,50,4.5
1818,-0.0008,2.2719999999999993e-05,0.01,50,0,50,4.5
1819,0.0,2.276e-05,0.01,50,0,50,4.5
1820,0.0004,2.2800000000000005e-05,0.01,50,0,50,4.5
1821,0.002,2.2839999999999998e-05,0.01,50,0,50,4.5
1822,0.0004,2.2880000000000005e-05,0.01,50,0,50,4.5
1823,0.0008,2.2919999999999997e-05,0.01,50,0,50,4.5
1824,0.0008,2.2960000000000004e-05,0.01,50,0,50,4.5
1825,-0.0004,2.2999999999999997e-05,0.01,50,0,50,4.5
1826,0.002,2.3040000000000003e-05,0.01,50,0,50,4.5
1827,0.0,2.3079999999999996e-05,0.01,50,0,50,4.5
1828,0.0016,2.3120000000000002e-05,0.01,50,0,50,4.5
1829,0.002,2.3159999999999995e-05,0.01,50,0,50,4.5
1830,-0.0004,2.32e-05,0.01,50,0,50,4.5
1831,0.0008,2.3239999999999994e-05,0.01,50,0,50,4.5
1832,0.0008,2.328e-05,0.01,50,0,50,4.5
1833,-0.0004,2.3319999999999994e-05,0.01,50,0,50,4.5
1834,0.002,2.336e-05,0.01,50,0,50,4.5
1835,0.0,2.3399999999999993e-05,0.01,50,0,50,4.5
1836,-0.0008,2.344e-05,0.01,50,0,50,4.5
1837,0.0,2.3480000000000006e-05,0.01,50,0,50,4.5
1838,-0.0004,2.352e-05,0.01,50,0,50,4.5
1839,0.002,2.3560000000000005e-05,0.01,50,0,50,4.5
1840,0.0,2.3599999999999998e-05,0.01,50,0,50,4.5
1841,0.0008,2.3640000000000004e-05,0.01,50,0,50,4.5
1842,0.0016,2.3679999999999997e-05,0.01,50,0,50,4.5
1843,0.0004,2.3720000000000003e-05,0.01,50,0,50,4.5
1844,0.0008,2.3759999999999996e-05,0.01,50,0,50,4.5
1845,-0.0004,2.3800000000000003e-05,0.01,50,0,50,4.5
1846,0.0004,2.3839999999999995e-05,0.01,50,0,50,4.5
1847,-0.0004,2.3880000000000002e-05,0.01,50,0,50,4.5
1848,-0.002,2.3919999999999995e-05,0.01,50,0,50,4.5
1849,-0.0008,2.396e-05,0.01,50,0,50,4.5
1850,0.0004,2.3999999999999994e-05,0.01,50,0,50,4.5
1851,0.0,2.404e-05,0.01,50,0,50,4.5
1852,0.0016,2.4079999999999993e-05,0.01,50,0,50,4.5
1853,0.0,2.412e-05,0.01,50,0,50,4.5
1854,0.0004,2.4160000000000006e-05,0.01,50,0,50,4.5
1855,0.0012000000000000001,2.42e-05,0.01,50,0,50,4.5
1856,0.0016,2.4240000000000005e-05,0.01,50,0,50,4.5
1857,0.0016,2.4279999999999998e-05,0.01,50,0,50,4.5
1858,0.0008,2.4320000000000004e-05,0.01,50,0,50,4.5
1859,0.0016,2.4359999999999997e-05,0.01,50,0,50,4.5
1860,0.0012000000000000001,2.4400000000000004e-05,0.01,50,0,50,4.5
1861,-0.0004,2.4439999999999996e-05,0.01,50,0,50,4.5
1862,0.0004,2.4480000000000003e-05,0.01,50,0,50,4.5
1863,0.0004,2.4519999999999996e-05,0.01,50,0,50,4.5
1864,0.0004,2.4560000000000002e-05,0.01,50,0,50,4.5
1865,0.0008,2.4599999999999995e-05,0.01,50,0,50,4.5
1866,-0.0008,2.464e-05,0.01,50,0,50,4.5
1867,0.0008,2.4679999999999994e-05,0.01,50,0,50,4.5
1868,0.0,2.472e-05,0.01,50,0,50,4.5
1869,0.0008,2.4759999999999993e-05,0.01,50,0,50,4.5
1870,0.0016,2.48e-05,0.01,50,0,50,4.5
1871,0.0,2.4839999999999993e-05,0.01,50,0,50,4.5
1872,0.0,2.488e-05,0.01,50,0,50,4.5
1873,0.0,2.4920000000000005e-05,0.01,50,0,50,4.5
1874,-0.0008,2.4959999999999998e-05,0.01,50,0,50,4.5
1875,0.0016,2.5000000000000005e-05,0.01,50,0,50,4.5
1876,0.0012000000000000001,2.5039999999999997e-05,0.01,50,0,50,4.5
1877,0.0,2.5080000000000004e-05,0.01,50,0,50,4.5
1878,0.0,2.5119999999999997e-05,0.01,50,0,50,4.5
1879,-0.0004,2.5160000000000003e-05,0.01,50,0,50,4.5
1880,0.0016,2.5199999999999996e-05,0.01,50,0,50,4.5
1881,0.0012000000000000001,2.5240000000000002e-05,0.01,50,0,50,4.5
1882,0.0012000000000000001,2.5279999999999995e-05,0.01,50,0,50,4.5
1883,0.0012000000000000001,2.532e-05,0.01,50,0,50,4.5
1884,-0.0008,2.5359999999999994e-05,0.01,50,0,50,4.5
1885,-0.0036000000000000003,2.54e-05,0.01,50,0,50,4.5
1886,0.0012000000000000001,2.5439999999999994e-05,0.01,50,0,50,4.5
1887,0.0012000000000000001,2.548e-05,0.01,50,0,50,4.5
1888,0.0012000000000000001,2.5519999999999993e-05,0.01,50,0,50,4.5
1889,0.0004,2.556e-05,0.01,50,0,50,4.5
1890,0.0008,2.5600000000000006e-05,0.01,50,0,50,4.5
1891,0.0016,2.564e-05,0.01,50,0,50,4.5
1892,-0.0004,2.5680000000000005e-05,0.01,50,0,50,4.5
1893,0.0008,2.5719999999999998e-05,0.01,50,0,50,4.5
1894,0.0,2.5760000000000004e-05,0.01,50,0,50,4.5
1895,0.0008,2.5799999999999997e-05,0.01,50,0,50,4.5
1896,0.0012000000000000001,2.5840000000000003e-05,0.01,50,0,50,4.5
1897,-0.0008,2.5879999999999996e-05,0.01,50,0,50,4.5
1898,-0.0004,2.5920000000000003e-05,0.01,50,0,50,4.5
1899,0.0,2.5959999999999995e-05,0.01,50,0,50,4.5
1900,0.0016,2.6000000000000002e-05,0.01,50,0,50,4.5
1901,0.0016,2.6039999999999995e-05,0.01,50,0,50,4.5
1902,-0.0008,2.608e-05,0.01,50,0,50,4.5
1903,-0.0004,2.6119999999999994e-05,0.01,50,0,50,4.5
1904,0.0,2.616e-05,0.01,50,0,50,4.5
1905,0.0,2.6199999999999993e-05,0.01,50,0,50,4.5
1906,0.0012000000000000001,2.624e-05,0.01,50,0,50,4.5
1907,0.0,2.6280000000000006e-05,0.01,50,0,50,4.5
1908,-0.0004,2.632e-05,0.01,50,0,50,4.5
1909,-0.0004,2.6360000000000005e-05,0.01,50,0,50,4.5
1910,-0.0004,2.6399999999999998e-05,0.01,50,0,50,4.5
1911,0.0016,2.6440000000000004e-05,0.01,50,0,50,4.5
1912,0.0008,2.6479999999999997e-05,0.01,50,0,50,4.5
1913,0.0,2.6520000000000004e-05,0.01,50,0,50,4.5
1914,0.0004,2.6559999999999996e-05,0.01,50,0,50,4.5
1915,-0.0004,2.6600000000000003e-05,0.01,50,0,50,4.5
1916,0.0,2.6639999999999996e-05,0.01,50,0,50,4.5
1917,0.0,2.6680000000000002e-05,0.01,50,0,50,4.5
1918,0.0,2.6719999999999995e-05,0.01,50,0,50,4.5
1919,0.0012000000000000001,2.676e-05,0.01,50,0,50,4.5
1920,-0.0004,2.6799999999999994e-05,0.01,50,0,50,4.5
1921,0.0,2.684e-05,0.01,50,0,50,4.5
1922,0.0004,2.6879999999999993e-05,0.01,50,0,50,4.5
1923,-0.0004,2.692e-05,0.01,50,0,50,4.5
1924,0.0016,2.6959999999999993e-05,0.01,50,0,50,4.5
1925,0.0008,2.7e-05,0.01,50,0,50,4.5
1926,0.0008,2.7040000000000005e-05,0.01,50,0,50,4.5
1927,0.0,2.7079999999999998e-05,0.01,50,0,50,4.5
1928,-0.0008,2.7120000000000005e-05,0.01,50,0,50,4.5
1929,-0.0008,2.7159999999999997e-05,0.01,50,0,50,4.5
1930,0.0012000000000000001,2.7200000000000004e-05,0.01,50,0,50,4.5
1931,0.0004,2.7239999999999997e-05,0.01,50,0,50,4.5
1932,0.0004,2.7280000000000003e-05,0.01,50,0,50,4.5
1933,-0.0016,2.7319999999999996e-05,0.01,50,0,50,4.5
1934,0.0,2.7360000000000002e-05,0.01,50,0,50,4.5
1935,0.0004,2.7399999999999995e-05,0.01,50,0,50,4.5
1936,0.0,2.744e-05,0.01,50,0,50,4.5
1937,0.0004,2.7479999999999994e-05,0.01,50,0,50,4.5
1938,0.0,2.752e-05,0.01,50,0,50,4.5
1939,0.0004,2.7559999999999994e-05,0.01,50,0,50,4.5
1940,0.0004,2.76e-05,0.01,50,0,50,4.5
1941,0.0004,2.7639999999999993e-05,0.01,50,0,50,4.5
1942,0.0024000000000000002,2.768e-05,0.01,50,0,50,4.5
1943,0.0016,2.7720000000000006e-05,0.01,50,0,50,4.5
1944,0.0012000000000000001,2.776e-05,0.01,50,0,50,4.5
1945,0.0012000000000000001,2.7800000000000005e-05,0.01,50,0,50,4.5
1946,-0.0012000000000000001,2.7839999999999998e-05,0.01,50,0,50,4.5
1947,0.0,2.7880000000000004e-05,0.01,50,0,50,4.5
1948,-0.0004,2.7919999999999997e-05,0.01,50,0,50,4.5
1949,0.0004,2.7960000000000003e-05,0.01,50,0,50,4.5
1950,0.0004,2.7999999999999996e-05,0.01,50,0,50,4.5
1951,-0.0016,2.8040000000000003e-05,0.01,50,0,50,4.5
1952,-0.0004,2.8079999999999995e-05,0.01,50,0,50,4.5
1953,0.0004,2.8120000000000002e-05,0.01,50,0,50,4.5
1954,-0.0004,2.8159999999999995e-05,0.01,50,0,50,4.5
1955,0.0004,2.82e-05,0.01,50,0,50,4.5
1956,-0.0004,2.8239999999999994e-05,0.01,50,0,50,4.5
1957,-0.0004,2.828e-05,0.01,50,0,50,4.5
1958,0.0,2.8319999999999993e-05,0.01,50,0,50,4.5
1959,-0.0008,2.836e-05,0.01,50,0,50,4.5
1960,0.0004,2.8400000000000006e-05,0.01,50,0,50,4.5
1961,0.0004,2.844e-05,0.01,50,0,50,4.5
1962,0.0004,2.8480000000000005e-05,0.01,50,0,50,4.5
1963,0.0004,2.8519999999999998e-05,0.01,50,0,50,4.5
1964,-0.0008,2.8560000000000004e-05,0.01,50,0,50,4.5
1965,-0.0004,2.8599999999999997e-05,0.01,50,0,50,4.5
1966,0.0012000000000000001,2.8640000000000004e-05,0.01,50,0,50,4.5
1967,0.0004,2.8679999999999996e-05,0.01,50,0,50,4.5
1968,0.0008,2.8720000000000003e-05,0.01,50,0,50,4.5
1969,0.0,2.8759999999999996e-05,0.01,50,0,50,4.5
1970,0.0004,2.8800000000000002e-05,0.01,50,0,50,4.5
1971,0.0008,2.8839999999999995e-05,0.01,50,0,50,4.5
1972,0.0008,2.888e-05,0.01,50,0,50,4.5
1973,0.002,2.8919999999999994e-05,0.01,50,0,50,4.5
1974,0.0012000000000000001,2.896e-05,0.01,50,0,50,4.5
1975,0.0008,2.8999999999999993e-05,0.01,50,0,50,4.5
1976,-0.0004,2.904e-05,0.01,50,0,50,4.5
1977,-0.0012000000000000001,2.9079999999999993e-05,0.01,50,0,50,4.5
1978,0.0004,2.912e-05,0.01,50,0,50,4.5
1979,0.0,2.9160000000000005e-05,0.01,50,0,50,4.5
1980,0.0,2.9199999999999998e-05,0.01,50,0,50,4.5
1981,0.0,2.9240000000000005e-05,0.01,50,0,50,4.5
1982,-0.0008,2.9279999999999997e-05,0.01,50,0,50,4.5
1983,0.0,2.9320000000000004e-05,0.01,50,0,50,4.5
1984,-0.0004,2.9359999999999997e-05,0.01,50,0,50,4.5
1985,-0.0008,2.9400000000000003e-05,0.01,50,0,50,4.5
1986,0.0004,2.9439999999999996e-05,0.01,50,0,50,4.5
1987,0.0,2.9480000000000002e-05,0.01,50,0,50,4.5
1988,0.0,2.9519999999999995e-05,0.01,50,0,50,4.5
1989,0.0004,2.956e-05,0.01,50,0,50,4.5
1990,-0.0012000000000000001,2.9599999999999994e-05,0.01,50,0,50,4.5
1991,0.0012000000000000001,2.964e-05,0.01,50,0,50,4.5
1992,-0.0004,2.9679999999999994e-05,0.01,50,0,50,4.5
1993,0.0,2.972e-05,0.01,50,0,50,4.5
1994,0.0,2.9759999999999993e-05,0.01,50,0,50,4.5
1995,-0.0004,2.98e-05,0.01,50,0,50,4.5
1996,0.0016,2.9840000000000006e-05,0.01,50,0,50,4.5
1997,0.0004,2.988e-05,0.01,50,0,50,4.5
1998,0.0008,2.9920000000000005e-05,0.01,50,0,50,4.5
1999,0.0012000000000000001,2.9959999999999998e-05,0.01,50,0,50,4.5
2000,-0.0008,3.0000000000000004e-05,0.01,50,0,50,4.5
2001,0.0004,3.0039999999999997e-05,0.01,50,0,50,4.5
2002,0.0008,3.0080000000000003e-05,0.01,50,0,50,4.5
2003,0.0008,3.0119999999999996e-05,0.01,50,0,50,4.5
2004,0.0008,3.0160000000000003e-05,0.01,50,0,50,4.5
2005,0.0004,3.0199999999999995e-05,0.01,50,0,50,4.5
2006,-0.0004,3.0240000000000002e-05,0.01,50,0,50,4.5
2007,0.0004,3.0279999999999995e-05,0.01,50,0,50,4.5
2008,-0.0004,3.032e-05,0.01,50,0,50,4.5
2009,0.0008,3.0359999999999994e-05,0.01,50,0,50,4.5
2010,0.0,3.04e-05,0.01,50,0,50,4.5
2011,-0.0008,3.0439999999999993e-05,0.01,50,0,50,4.5
2012,0.0012000000000000001,3.048e-05,0.01,50,0,50,4.5
2013,-0.0004,3.0520000000000006e-05,0.01,50,0,50,4.5
2014,0.0008,3.056e-05,0.01,50,0,50,4.5
2015,0.0008,3.0600000000000005e-05,0.01,50,0,50,4.5
2016,0.0,3.064e-05,0.01,50,0,50,4.5
2017,0.0,3.0680000000000004e-05,0.01,50,0,50,4.5
2018,0.0004,3.072e-05,0.01,50,0,50,4.5
2019,0.0,3.0760000000000004e-05,0.01,50,0,50,4.5
2020,0.0004,3.0799999999999996e-05,0.01,50,0,50,4.5
2021,0.0,3.084e-05,0.01,50,0,50,4.5
2022,0.0016,3.0879999999999996e-05,0.01,50,0,50,4.5
2023,0.0008,3.092e-05,0.01,50,0,50,4.5
2024,0.0008,3.0959999999999995e-05,0.01,50,0,50,4.5
2025,0.0008,3.1e-05,0.01,50,0,50,4.5
2026,0.0,3.1039999999999994e-05,0.01,50,0,50,4.5
2027,0.002,3.108e-05,0.01,50,0,50,4.5
2028,0.0024000000000000002,3.1119999999999993e-05,0.01,50,0,50,4.5
2029,0.0008,3.116e-05,0.01,50,0,50,4.5
2030,0.0008,3.119999999999999e-05,0.01,50,0,50,4.5
2031,-0.0004,3.124e-05,0.01,50,0,50,4.5
2032,0.002,3.1280000000000005e-05,0.01,50,0,50,4.5
2033,0.0016,3.132e-05,0.01,50,0,50,4.5
2034,0.0,3.1360000000000005e-05,0.01,50,0,50,4.5
2035,0.0004,3.14e-05,0.01,50,0,50,4.5
2036,-0.0008,3.1440000000000004e-05,0.01,50,0,50,4.5
2037,0.0004,3.148e-05,0.01,50,0,50,4.5
2038,0.0016,3.152e-05,0.01,50,0,50,4.5
2039,0.0004,3.1559999999999996e-05,0.01,50,0,50,4.5
2040,0.002,3.16e-05,0.01,50,0,50,4.5
2041,0.0004,3.1639999999999995e-05,0.01,50,0,50,4.5
2042,0.0012000000000000001,3.168e-05,0.01,50,0,50,4.5
2043,0.0004,3.1719999999999994e-05,0.01,50,0,50,4.5
2044,0.0,3.176e-05,0.01,50,0,50,4.5
2045,0.0008,3.1799999999999994e-05,0.01,50,0,50,4.5
2046,0.0008,3.184e-05,0.01,50,0,50,4.5
2047,0.0,3.187999999999999e-05,0.01,50,0,50,4.5
2048,0.0008,3.192e-05,0.01,50,0,50,4.5
2049,-0.0012000000000000001,3.1960000000000006e-05,0.01,50,0,50,4.5
2050,0.0,3.2e-05,0.01,50,0,50,4.5
2051,0.0004,3.2040000000000005e-05,0.01,50,0,50,4.5
2052,0.0008,3.208e-05,0.01,50,0,50,4.5
2053,0.0016,3.2120000000000004e-05,0.01,50,0,50,4.5
2054,0.0012000000000000001,3.216e-05,0.01,50,0,50,4.5
2055,0.0004,3.2200000000000003e-05,0.01,50,0,50,4.5
2056,0.0012000000000000001,3.2239999999999996e-05,0.01,50,0,50,4.5
2057,0.0004,3.228e-05,0.01,50,0,50,4.5
2058,0.0016,3.2319999999999995e-05,0.01,50,0,50,4.5
2059,0.0016,3.236e-05,0.01,50,0,50,4.5
2060,0.0012000000000000001,3.2399999999999995e-05,0.01,50,0,50,4.5
2061,0.0004,3.244e-05,0.01,50,0,50,4.5
2062,0.0004,3.2479999999999994e-05,0.01,50,0,50,4.5
2063,0.002,3.252e-05,0.01,50,0,50,4.5
2064,0.0008,3.255999999999999e-05,0.01,50,0,50,4.5
2065,0.0004,3.26e-05,0.01,50,0,50,4.5
2066,0.0008,3.2640000000000006e-05,0.01,50,0,50,4.5
2067,-0.0004,3.268e-05,0.01,50,0,50,4.5
2068,0.0008,3.2720000000000005e-05,0.01,50,0,50,4.5
2069,0.0004,3.276e-05,0.01,50,0,50,4.5
2070,-0.0004,3.2800000000000004e-05,0.01,50,0,50,4.5
2071,0.0016,3.284e-05,0.01,50,0,50,4.5
2072,0.0008,3.2880000000000004e-05,0.01,50,0,50,4.5
2073,0.0012000000000000001,3.2919999999999997e-05,0.01,50,0,50,4.5
2074,0.0008,3.296e-05,0.01,50,0,50,4.5
2075,-0.0004,3.2999999999999996e-05,0.01,50,0,50,4.5
2076,0.002,3.304e-05,0.01,50,0,50,4.5
2077,0.0008,3.3079999999999995e-05,0.01,50,0,50,4.5
2078,0.0008,3.312e-05,0.01,50,0,50,4.5
2079,0.0008,3.3159999999999994e-05,0.01,50,0,50,4.5
2080,0.0,3.32e-05,0.01,50,0,50,4.5
2081,0.0012000000000000001,3.3239999999999993e-05,0.01,50,0,50,4.5
2082,0.0008,3.328e-05,0.01,50,0,50,4.5
2083,0.0016,3.331999999999999e-05,0.01,50,0,50,4.5
2084,0.0012000000000000001,3.336e-05,0.01,50,0,50,4.5
2085,0.0008,3.3400000000000005e-05,0.01,50,0,50,4.5
2086,0.0008,3.344e-05,0.01,50,0,50,4.5
2087,0.0008,3.3480000000000005e-05,0.01,50,0,50,4.5
2088,0.0008,3.352e-05,0.01,50,0,50,4.5
2089,0.0008,3.3560000000000004e-05,0.01,50,0,50,4.5
2090,0.0008,3.36e-05,0.01,50,0,50,4.5
2091,-0.0008,3.364e-05,0.01,50,0,50,4.5
2092,0.0004,3.3679999999999996e-05,0.01,50,0,50,4.5
2093,0.0004,3.372e-05,0.01,50,0,50,4.5
2094,0.002,3.3759999999999995e-05,0.01,50,0,50,4.5
2095,0.0012000000000000001,3.38e-05,0.01,50,0,50,4.5
2096,0.0004,3.3839999999999994e-05,0.01,50,0,50,4.5
2097,-0.0004,3.388e-05,0.01,50,0,50,4.5
2098,-0.0004,3.3919999999999994e-05,0.01,50,0,50,4.5
2099,0.0,3.396e-05,0.01,50,0,50,4.5
2100,0.0004,3.399999999999999e-05,0.01,50,0,50,4.5
2101,0.0004,3.404e-05,0.01,50,0,50,4.5
2102,0.0012000000000000001,3.4080000000000006e-05,0.01,50,0,50,4.5
2103,0.0,3.412e-05,0.01,50,0,50,4.5
2104,0.0,3.4160000000000005e-05,0.01,50,0,50,4.5
2105,0.0004,3.42e-05,0.01,50,0,50,4.5
2106,0.0004,3.4240000000000004e-05,0.01,50,0,50,4.5
2107,0.0012000000000000001,3.428e-05,0.01,50,0,50,4.5
2108,0.0008,3.4320000000000003e-05,0.01,50,0,50,4.5
2109,0.0,3.4359999999999996e-05,0.01,50,0,50,4.5
2110,0.0004,3.44e-05,0.01,50,0,50,4.5
2111,0.0,3.4439999999999996e-05,0.01,50,0,50,4.5
2112,0.0016,3.448e-05,0.01,50,0,50,4.5
2113,0.0012000000000000001,3.4519999999999995e-05,0.01,50,0,50,4.5
2114,0.0008,3.456e-05,0.01,50,0,50,4.5
2115,0.0016,3.4599999999999994e-05,0.01,50,0,50,4.5
2116,0.0004,3.464e-05,0.01,50,0,50,4.5
2117,0.0008,3.467999999999999e-05,0.01,50,0,50,4.5
2118,0.0,3.472e-05,0.01,50,0,50,4.5
2119,0.0004,3.4760000000000006e-05,0.01,50,0,50,4.5
2120,0.0004,3.48e-05,0.01,50,0,50,4.5
2121,-0.0008,3.4840000000000005e-05,0.01,50,0,50,4.5
2122,-0.0012000000000000001,3.488e-05,0.01,50,0,50,4.5
2123,0.0,3.4920000000000004e-05,0.01,50,0,50,4.5
2124,0.0004,3.496e-05,0.01,50,0,50,4.5
2125,0.002,3.5000000000000004e-05,0.01,50,0,50,4.5
2126,0.0008,3.5039999999999997e-05,0.01,50,0,50,4.5
2127,-0.0004,3.508e-05,0.01,50,0,50,4.5
2128,0.0,3.5119999999999996e-05,0.01,50,0,50,4.5
2129,-0.0008,3.516e-05,0.01,50,0,50,4.5
2130,0.0008,3.5199999999999995e-05,0.01,50,0,50,4.5
2131,0.0008,3.524e-05,0.01,50,0,50,4.5
2132,0.0004,3.5279999999999994e-05,0.01,50,0,50,4.5
2133,0.0004,3.532e-05,0.01,50,0,50,4.5
2134,-0.0004,3.5359999999999993e-05,0.01,50,0,50,4.5
2135,0.0,3.54e-05,0.01,50,0,50,4.5
2136,0.0016,3.543999999999999e-05,0.01,50,0,50,4.5
2137,0.0012000000000000001,3.548e-05,0.01,50,0,50,4.5
2138,0.0016,3.5520000000000006e-05,0.01,50,0,50,4.5
2139,0.0012000000000000001,3.556e-05,0.01,50,0,50,4.5
2140,0.0004,3.5600000000000005e-05,0.01,50,0,50,4.5
2141,0.002,3.564e-05,0.01,50,0,50,4.5
2142,0.0008,3.5680000000000004e-05,0.01,50,0,50,4.5
2143,0.0008,3.572e-05,0.01,50,0,50,4.5
2144,0.0008,3.576e-05,0.01,50,0,50,4.5
2145,0.0008,3.5799999999999996e-05,0.01,50,0,50,4.5
2146,0.0016,3.584e-05,0.01,50,0,50,4.5
2147,-0.0012000000000000001,3.5879999999999995e-05,0.01,50,0,50,4.5
2148,0.0,3.592e-05,0.01,50,0,50,4.5
2149,0.0004,3.5959999999999995e-05,0.01,50,0,50,4.5
2150,0.0012000000000000001,3.6e-05,0.01,50,0,50,4.5
2151,0.0004,3.6039999999999994e-05,0.01,50,0,50,4.5
2152,-0.0012000000000000001,3.608e-05,0.01,50,0,50,4.5
2153,-0.0008,3.611999999999999e-05,0.01,50,0,50,4.5
2154,0.0,3.616e-05,0.01,50,0,50,4.5
2155,0.0012000000000000001,3.6200000000000006e-05,0.01,50,0,50,4.5
2156,0.0008,3.624e-05,0.01,50,0,50,4.5
2157,-0.0004,3.6280000000000005e-05,0.01,50,0,50,4.5
2158,-0.0004,3.632e-05,0.01,50,0,50,4.5
2159,-0.0004,3.6360000000000004e-05,0.01,50,0,50,4.5
2160,0.0,3.64e-05,0.01,50,0,50,4.5
2161,0.0008,3.6440000000000003e-05,0.01,50,0,50,4.5
2162,0.0012000000000000001,3.6479999999999996e-05,0.01,50,0,50,4.5
2163,0.0,3.652e-05,0.01,50,0,50,4.5
2164,0.0004,3.6559999999999996e-05,0.01,50,0,50,4.5
2165,-0.0004,3.66e-05,0.01,50,0,50,4.5
2166,0.0,3.6639999999999995e-05,0.01,50,0,50,4.5
2167,0.0008,3.668e-05,0.01,50,0,50,4.5
2168,-0.0004,3.6719999999999994e-05,0.01,50,0,50,4.5
2169,0.0008,3.676e-05,0.01,50,0,50,4.5
2170,0.0008,3.679999999999999e-05,0.01,50,0,50,4.5
2171,0.0004,3.684e-05,0.01,50,0,50,4.5
2172,0.0012000000000000001,3.6880000000000006e-05,0.01,50,0,50,4.5
2173,-0.0004,3.692e-05,0.01,50,0,50,4.5
2174,0.0004,3.6960000000000005e-05,0.01,50,0,50,4.5
2175,0.0004,3.7e-05,0.01,50,0,50,4.5
2176,0.0,3.7040000000000005e-05,0.01,50,0,50,4.5
2177,0.0004,3.708e-05,0.01,50,0,50,4.5
2178,-0.0008,3.7120000000000004e-05,0.01,50,0,50,4.5
2179,-0.0004,3.7159999999999997e-05,0.01,50,0,50,4.5
2180,0.0008,3.72e-05,0.01,50,0,50,4.5
2181,-0.0004,3.7239999999999996e-05,0.01,50,0,50,4.5
2182,-0.0004,3.728e-05,0.01,50,0,50,4.5
2183,-0.0008,3.7319999999999995e-05,0.01,50,0,50,4.5
2184,0.0,3.736e-05,0.01,50,0,50,4.5
2185,0.0012000000000000001,3.7399999999999994e-05,0.01,50,0,50,4.5
2186,0.0004,3.744e-05,0.01,50,0,50,4.5
2187,0.0008,3.7479999999999994e-05,0.01,50,0,50,4.5
2188,-0.0008,3.752e-05,0.01,50,0,50,4.5
2189,0.0,3.755999999999999e-05,0.01,50,0,50,4.5
2190,0.0004,3.76e-05,0.01,50,0,50,4.5
2191,0.0004,3.7640000000000006e-05,0.01,50,0,50,4.5
2192,0.0004,3.768e-05,0.01,50,0,50,4.5
2193,0.0004,3.7720000000000005e-05,0.01,50,0,50,4.5
2194,-0.0004,3.776e-05,0.01,50,0,50,4.5
2195,0.0008,3.7800000000000004e-05,0.01,50,0,50,4.5
2196,0.0,3.784e-05,0.01,50,0,50,4.5
2197,0.0012000000000000001,3.788e-05,0.01,50,0,50,4.5
2198,0.0012000000000000001,3.7919999999999996e-05,0.01,50,0,50,4.5
2199,0.0,3.796e-05,0.01,50,0,50,4.5
2200,0.0008,3.7999999999999995e-05,0.01,50,0,50,4.5
2201,-0.0008,3.804e-05,0.01,50,0,50,4.5
2202,-0.0008,3.8079999999999995e-05,0.01,50,0,50,4.5
2203,0.0008,3.812e-05,0.01,50,0,50,4.5
2204,0.0,3.8159999999999994e-05,0.01,50,0,50,4.5
2205,0.0008,3.82e-05,0.01,50,0,50,4.5
2206,0.0008,3.823999999999999e-05,0.01,50,0,50,4.5
2207,-0.0008,3.828e-05,0.01,50,0,50,4.5
2208,-0.0004,3.8320000000000006e-05,0.01,50,0,50,4.5
2209,-0.0008,3.836e-05,0.01,50,0,50,4.5
2210,0.0008,3.8400000000000005e-05,0.01,50,0,50,4.5
2211,0.0004,3.844e-05,0.01,50,0,50,4.5
2212,0.0,3.8480000000000004e-05,0.01,50,0,50,4.5
2213,0.0004,3.852e-05,0.01,50,0,50,4.5
2214,-0.0012000000000000001,3.8560000000000004e-05,0.01,50,0,50,4.5
2215,0.0,3.8599999999999996e-05,0.01,50,0,50,4.5
2216,0.0016,3.864e-05,0.01,50,0,50,4.5
2217,0.0,3.8679999999999996e-05,0.01,50,0,50,4.5
2218,0.0008,3.872e-05,0.01,50,0,50,4.5
2219,-0.0008,3.8759999999999995e-05,0.01,50,0,50,4.5
2220,0.0,3.88e-05,0.01,50,0,50,4.5
2221,0.0004,3.8839999999999994e-05,0.01,50,0,50,4.5
2222,0.0008,3.888e-05,0.01,50,0,50,4.5
2223,0.0008,3.891999999999999e-05,0.01,50,0,50,4.5
2224,0.0012000000000000001,3.896e-05,0.01,50,0,50,4.5
2225,0.0004,3.9000000000000006e-05,0.01,50,0,50,4.5
2226,0.0004,3.904e-05,0.01,50,0,50,4.5
2227,-0.0004,3.9080000000000005e-05,0.01,50,0,50,4.5
2228,0.0016,3.912e-05,0.01,50,0,50,4.5
2229,0.0008,3.9160000000000005e-05,0.01,50,0,50,4.5
2230,0.0012000000000000001,3.92e-05,0.01,50,0,50,4.5
2231,0.0004,3.9240000000000004e-05,0.01,50,0,50,4.5
2232,-0.0008,3.928e-05,0.01,50,0,50,4.5
2233,0.0,3.932e-05,0.01,50,0,50,4.5
2234,0.0008,3.9359999999999996e-05,0.01,50,0,50,4.5
2235,-0.0004,3.94e-05,0.01,50,0,50,4.5
2236,0.0012000000000000001,3.9439999999999995e-05,0.01,50,0,50,4.5
2237,0.0,3.948e-05,0.01,50,0,50,4.5
2238,-0.0004,3.9519999999999994e-05,0.01,50,0,50,4.5
2239,0.0004,3.956e-05,0.01,50,0,50,4.5
2240,-0.0008,3.9599999999999994e-05,0.01,50,0,50,4.5
2241,0.0008,3.964e-05,0.01,50,0,50,4.5
2242,0.0012000000000000001,3.967999999999999e-05,0.01,50,0,50,4.5
2243,-0.0008,3.972e-05,0.01,50,0,50,4.5
2244,0.0,3.9760000000000006e-05,0.01,50,0,50,4.5
2245,0.0004,3.98e-05,0.01,50,0,50,4.5
2246,0.0008,3.9840000000000005e-05,0.01,50,0,50,4.5
2247,0.0004,3.988e-05,0.01,50,0,50,4.5
2248,0.0008,3.9920000000000004e-05,0.01,50,0,50,4.5
2249,0.0008,3.996e-05,0.01,50,0,50,4.5
2250,-0.0008,4e-05,0.01,50,0,50,4.5
2251,-0.0004,4.0039999999999996e-05,0.01,50,0,50,4.5
2252,0.0012000000000000001,4.008e-05,0.01,50,0,50,4.5
2253,0.0012000000000000001,4.0119999999999995e-05,0.01,50,0,50,4.5
2254,0.002,4.016e-05,0.01,50,0,50,4.5
2255,0.0004,4.0199999999999995e-05,0.01,50,0,50,4.5
2256,0.0004,4.024e-05,0.01,50,0,50,4.5
2257,0.002,4.0279999999999994e-05,0.01,50,0,50,4.5
2258,0.0004,4.032e-05,0.01,50,0,50,4.5
2259,0.0012000000000000001,4.035999999999999e-05,0.01,50,0,50,4.5
2260,0.0004,4.04e-05,0.01,50,0,50,4.5
2261,-0.0008,4.0440000000000006e-05,0.01,50,0,50,4.5
2262,-0.0008,4.048e-05,0.01,50,0,50,4.5
2263,0.0,4.0520000000000005e-05,0.01,50,0,50,4.5
2264,-0.0004,4.056e-05,0.01,50,0,50,4.5
2265,0.0008,4.0600000000000004e-05,0.01,50,0,50,4.5
2266,-0.0004,4.064e-05,0.01,50,0,50,4.5
2267,0.0004,4.0680000000000004e-05,0.01,50,0,50,4.5
2268,0.0008,4.0719999999999996e-05,0.01,50,0,50,4.5
2269,0.0004,4.076e-05,0.01,50,0,50,4.5
2270,0.0008,4.0799999999999996e-05,0.01,50,0,50,4.5
2271,-0.0004,4.084e-05,0.01,50,0,50,4.5
2272,0.0008,4.0879999999999995e-05,0.01,50,0,50,4.5
2273,0.0004,4.092e-05,0.01,50,0,50,4.5
2274,0.0,4.0959999999999994e-05,0.01,50,0,50,4.5
2275,0.0008,4.1e-05,0.01,50,0,50,4.5
2276,0.0008,4.103999999999999e-05,0.01,50,0,50,4.5
2277,0.0016,4.108e-05,0.01,50,0,50,4.5
2278,0.0028,4.1120000000000006e-05,0.01,50,0,50,4.5
2279,0.0,4.116e-05,0.01,50,0,50,4.5
2280,0.0,4.1200000000000005e-05,0.01,50,0,50,4.5
2281,-0.0008,4.124e-05,0.01,50,0,50,4.5
2282,0.0,4.1280000000000005e-05,0.01,50,0,50,4.5
2283,0.0024000000000000002,4.132e-05,0.01,50,0,50,4.5
2284,0.0008,4.1360000000000004e-05,0.01,50,0,50,4.5
2285,0.0012000000000000001,4.14e-05,0.01,50,0,50,4.5
2286,0.0004,4.144e-05,0.01,50,0,50,4.5
2287,0.0004,4.1479999999999996e-05,0.01,50,0,50,4.5
2288,0.0024000000000000002,4.152e-05,0.01,50,0,50,4.5
2289,0.0016,4.1559999999999995e-05,0.01,50,0,50,4.5
2290,0.0016,4.16e-05,0.01,50,0,50,4.5
2291,-0.0004,4.1639999999999994e-05,0.01,50,0,50,4.5
2292,-0.0004,4.168e-05,0.01,50,0,50,4.5
2293,0.0004,4.1719999999999994e-05,0.01,50,0,50,4.5
2294,0.0,4.176e-05,0.01,50,0,50,4.5
2295,0.0008,4.179999999999999e-05,0.01,50,0,50,4.5
2296,0.0012000000000000001,4.184e-05,0.01,50,0,50,4.5
2297,0.0008,4.1880000000000006e-05,0.01,50,0,50,4.5
2298,0.0004,4.192e-05,0.01,50,0,50,4.5
2299,0.0,4.1960000000000005e-05,0.01,50,0,50,4.5
2300,0.0,4.2e-05,0.01,50,0,50,4.5
2301,0.002,4.2040000000000004e-05,0.01,50,0,50,4.5
2302,0.0008,4.208e-05,0.01,50,0,50,4.5
2303,0.0016,4.212e-05,0.01,50,0,50,4.5
2304,0.0012000000000000001,4.2159999999999996e-05,0.01,50,0,50,4.5
2305,0.0,4.22e-05,0.01,50,0,50,4.5
2306,0.0012000000000000001,4.2239999999999995e-05,0.01,50,0,50,4.5
2307,0.0008,4.228e-05,0.01,50,0,50,4.5
2308,0.0024000000000000002,4.2319999999999995e-05,0.01,50,0,50,4.5
2309,0.0024000000000000002,4.236e-05,0.01,50,0,50,4.5
2310,0.0004,4.2399999999999994e-05,0.01,50,0,50,4.5
2311,0.0012000000000000001,4.244e-05,0.01,50,0,50,4.5
2312,0.0004,4.247999999999999e-05,0.01,50,0,50,4.5
2313,0.0016,4.252e-05,0.01,50,0,50,4.5
2314,0.002,4.2560000000000006e-05,0.01,50,0,50,4.5
2315,0.0004,4.26e-05,0.01,50,0,50,4.5
2316,0.0016,4.2640000000000005e-05,0.01,50,0,50,4.5
2317,0.0004,4.268e-05,0.01,50,0,50,4.5
2318,0.0,4.2720000000000004e-05,0.01,50,0,50,4.5
2319,0.0012000000000000001,4.276e-05,0.01,50,0,50,4.5
2320,0.0,4.2800000000000004e-05,0.01,50,0,50,4.5
2321,0.0004,4.2839999999999996e-05,0.01,50,0,50,4.5
2322,0.0004,4.288e-05,0.01,50,0,50,4.5
2323,0.0,4.2919999999999996e-05,0.01,50,0,50,4.5
2324,0.0004,4.296e-05,0.01,50,0,50,4.5
2325,0.0012000000000000001,4.2999999999999995e-05,0.01,50,0,50,4.5
2326,0.0016,4.304e-05,0.01,50,0,50,4.5
2327,0.0012000000000000001,4.3079999999999994e-05,0.01,50,0,50,4.5
2328,0.0004,4.312e-05,0.01,50,0,50,4.5
2329,0.0012000000000000001,4.315999999999999e-05,0.01,50,0,50,4.5
2330,0.0004,4.32e-05,0.01,50,0,50,4.5
2331,0.0004,4.3240000000000006e-05,0.01,50,0,50,4.5
2332,0.0016,4.328e-05,0.01,50,0,50,4.5
2333,0.0008,4.3320000000000005e-05,0.01,50,0,50,4.5
2334,0.002,4.336e-05,0.01,50,0,50,4.5
2335,0.0008,4.3400000000000005e-05,0.01,50,0,50,4.5
2336,-0.0004,4.344e-05,0.01,50,0,50,4.5
2337,0.0016,4.3480000000000004e-05,0.01,50,0,50,4.5
2338,0.002,4.352e-05,0.01,50,0,50,4.5
2339,0.002,4.356e-05,0.01,50,0,50,4.5
2340,0.0012000000000000001,4.3599999999999996e-05,0.01,50,0,50,4.5
2341,0.0,4.364e-05,0.01,50,0,50,4.5
2342,0.0004,4.3679999999999995e-05,0.01,50,0,50,4.5
2343,0.0004,4.372e-05,0.01,50,0,50,4.5
2344,0.0008,4.3759999999999994e-05,0.01,50,0,50,4.5
2345,0.0004,4.38e-05,0.01,50,0,50,4.5
2346,0.0004,4.3839999999999994e-05,0.01,50,0,50,4.5
2347,0.0008,4.388e-05,0.01,50,0,50,4.5
2348,0.0004,4.391999999999999e-05,0.01,50,0,50,4.5
2349,0.0004,4.396e-05,0.01,50,0,50,4.5
2350,0.0004,4.4000000000000006e-05,0.01,50,0,50,4.5
2351,0.0,4.404e-05,0.01,50,0,50,4.5
2352,0.0,4.4080000000000005e-05,0.01,50,0,50,4.5
2353,0.0008,4.412e-05,0.01,50,0,50,4.5
2354,-0.0004,4.4160000000000004e-05,0.01,50,0,50,4.5
2355,0.0008,4.42e-05,0.01,50,0,50,4.5
2356,0.0008,4.424e-05,0.01,50,0,50,4.5
2357,0.0016,4.4279999999999996e-05,0.01,50,0,50,4.5
2358,0.002,4.432e-05,0.01,50,0,50,4.5
2359,0.0,4.4359999999999995e-05,0.01,50,0,50,4.5
2360,0.0008,4.44e-05,0.01,50,0,50,4.5
2361,0.0,4.4439999999999995e-05,0.01,50,0,50,4.5
2362,0.0016,4.448e-05,0.01,50,0,50,4.5
2363,0.0012000000000000001,4.4519999999999994e-05,0.01,50,0,50,4.5
2364,0.0004,4.456e-05,0.01,50,0,50,4.5
2365,0.0012000000000000001,4.459999999999999e-05,0.01,50,0,50,4.5
2366,0.0,4.464e-05,0.01,50,0,50,4.5
2367,0.0,4.4680000000000006e-05,0.01,50,0,50,4.5
2368,0.0016,4.472e-05,0.01,50,0,50,4.5
2369,0.0008,4.4760000000000005e-05,0.01,50,0,50,4.5
2370,0.0016,4.48e-05,0.01,50,0,50,4.5
2371,0.0,4.4840000000000004e-05,0.01,50,0,50,4.5
2372,-0.0004,4.488e-05,0.01,50,0,50,4.5
2373,0.0008,4.4920000000000004e-05,0.01,50,0,50,4.5
2374,0.0008,4.4959999999999996e-05,0.01,50,0,50,4.5
2375,0.0008,4.5e-05,0.01,50,0,50,4.5
2376,0.0008,4.5039999999999996e-05,0.01,50,0,50,4.5
2377,-0.0004,4.508e-05,0.01,50,0,50,4.5
2378,0.0008,4.5119999999999995e-05,0.01,50,0,50,4.5
2379,-0.0004,4.516e-05,0.01,50,0,50,4.5
2380,0.0004,4.5199999999999994e-05,0.01,50,0,50,4.5
2381,0.0004,4.524e-05,0.01,50,0,50,4.5
2382,-0.0008,4.527999999999999e-05,0.01,50,0,50,4.5
2383,-0.0004,4.532e-05,0.01,50,0,50,4.5
2384,-0.0008,4.5360000000000006e-05,0.01,50,0,50,4.5
2385,-0.0004,4.54e-05,0.01,50,0,50,4.5
2386,0.0012000000000000001,4.5440000000000005e-05,0.01,50,0,50,4.5
2387,0.0016,4.548e-05,0.01,50,0,50,4.5
2388,0.0012000000000000001,4.5520000000000005e-05,0.01,50,0,50,4.5
2389,0.0012000000000000001,4.556e-05,0.01,50,0,50,4.5
2390,0.0,4.5600000000000004e-05,0.01,50,0,50,4.5
2391,0.0012000000000000001,4.564e-05,0.01,50,0,50,4.5
2392,0.0,4.568e-05,0.01,50,0,50,4.5
2393,0.0,4.5719999999999996e-05,0.01,50,0,50,4.5
2394,0.0004,4.576e-05,0.01,50,0,50,4.5
2395,-0.0004,4.5799999999999995e-05,0.01,50,0,50,4.5
2396,0.0008,4.584e-05,0.01,50,0,50,4.5
2397,0.0008,4.5879999999999994e-05,0.01,50,0,50,4.5
2398,0.0004,4.592e-05,0.01,50,0,50,4.5
2399,0.0016,4.5959999999999994e-05,0.01,50,0,50,4.5
2400,0.0008,4.6e-05,0.01,50,0,50,4.5
2401,0.0008,4.603999999999999e-05,0.01,50,0,50,4.5
2402,-0.0008,4.608e-05,0.01,50,0,50,4.5
2403,-0.0028,4.6120000000000006e-05,0.01,50,0,50,4.5
2404,0.0004,4.616e-05,0.01,50,0,50,4.5
2405,0.0004,4.6200000000000005e-05,0.01,50,0,50,4.5
2406,-0.0004,4.624e-05,0.01,50,0,50,4.5
2407,0.0004,4.6280000000000004e-05,0.01,50,0,50,4.5
2408,-0.0016,4.632e-05,0.01,50,0,50,4.5
2409,-0.0004,4.636e-05,0.01,50,0,50,4.5
2410,0.0004,4.6399999999999996e-05,0.01,50,0,50,4.5
2411,-0.0004,4.644e-05,0.01,50,0,50,4.5
2412,0.0008,4.6479999999999995e-05,0.01,50,0,50,4.5
2413,-0.0012000000000000001,4.652e-05,0.01,50,0,50,4.5
2414,0.0004,4.6559999999999995e-05,0.01,50,0,50,4.5
2415,0.0004,4.66e-05,0.01,50,0,50,4.5
2416,-0.0004,4.6639999999999994e-05,0.01,50,0,50,4.5
2417,0.0012000000000000001,4.668e-05,0.01,50,0,50,4.5
2418,-0.0004,4.671999999999999e-05,0.01,50,0,50,4.5
2419,0.0,4.676e-05,0.01,50,0,50,4.5
2420,0.0004,4.6800000000000006e-05,0.01,50,0,50,4.5
2421,0.0008,4.684e-05,0.01,50,0,50,4.5
2422,0.0012000000000000001,4.6880000000000005e-05,0.01,50,0,50,4.5
2423,0.0004,4.692e-05,0.01,50,0,50,4.5
2424,-0.0004,4.6960000000000004e-05,0.01,50,0,50,4.5
2425,0.002,4.7e-05,0.01,50,0,50,4.5
2426,0.0,4.7040000000000004e-05,0.01,50,0,50,4.5
2427,0.0008,4.7079999999999996e-05,0.01,50,0,50,4.5
2428,0.0,4.712e-05,0.01,50,0,50,4.5
2429,0.0004,4.7159999999999996e-05,0.01,50,0,50,4.5
2430,0.0016,4.72e-05,0.01,50,0,50,4.5
2431,-0.0004,4.7239999999999995e-05,0.01,50,0,50,4.5
2432,-0.0008,4.728e-05,0.01,50,0,50,4.5
2433,-0.0012000000000000001,4.7319999999999994e-05,0.01,50,0,50,4.5
2434,-0.0016,4.736e-05,0.01,50,0,50,4.5
2435,0.0008,4.7399999999999993e-05,0.01,50,0,50,4.5
2436,0.0004,4.744e-05,0.01,50,0,50,4.5
2437,0.0,4.7480000000000006e-05,0.01,50,0,50,4.5
2438,0.0,4.752e-05,0.01,50,0,50,4.5
2439,-0.0008,4.7560000000000005e-05,0.01,50,0,50,4.5
2440,0.0016,4.76e-05,0.01,50,0,50,4.5
2441,0.0008,4.7640000000000005e-05,0.01,50,0,50,4.5
2442,0.0,4.768e-05,0.01,50,0,50,4.5
2443,0.0,4.7720000000000004e-05,0.01,50,0,50,4.5
2444,-0.0008,4.776e-05,0.01,50,0,50,4.5
2445,0.0,4.78e-05,0.01,50,0,50,4.5
2446,0.0004,4.7839999999999996e-05,0.01,50,0,50,4.5
2447,0.0,4.788e-05,0.01,50,0,50,4.5
2448,0.0008,4.7919999999999995e-05,0.01,50,0,50,4.5
2449,0.0004,4.796e-05,0.01,50,0,50,4.5
2450,0.0004,4.7999999999999994e-05,0.01,50,0,50,4.5
2451,0.0004,4.804e-05,0.01,50,0,50,4.5
2452,-0.0004,4.8079999999999994e-05,0.01,50,0,50,4.5
2453,0.0016,4.812e-05,0.01,50,0,50,4.5
2454,0.0004,4.815999999999999e-05,0.01,50,0,50,4.5
2455,0.0004,4.82e-05,0.01,50,0,50,4.5
2456,0.0004,4.8240000000000006e-05,0.01,50,0,50,4.5
2457,0.0,4.828e-05,0.01,50,0,50,4.5
2458,0.0,4.8320000000000005e-05,0.01,50,0,50,4.5
2459,0.0004,4.836e-05,0.01,50,0,50,4.5
2460,0.0,4.8400000000000004e-05,0.01,50,0,50,4.5
2461,0.0012000000000000001,4.844e-05,0.01,50,0,50,4.5
2462,-0.0008,4.8480000000000003e-05,0.01,50,0,50,4.5
2463,-0.0012000000000000001,4.8519999999999996e-05,0.01,50,0,50,4.5
2464,-0.0012000000000000001,4.856e-05,0.01,50,0,50,4.5
2465,-0.0008,4.8599999999999995e-05,0.01,50,0,50,4.5
2466,0.0008,4.864e-05,0.01,50,0,50,4.5
2467,0.0008,4.8679999999999995e-05,0.01,50,0,50,4.5
2468,0.0008,4.872e-05,0.01,50,0,50,4.5
2469,0.0016,4.8759999999999994e-05,0.01,50,0,50,4.5
2470,-0.0008,4.88e-05,0.01,50,0,50,4.5
2471,0.0008,4.883999999999999e-05,0.01,50,0,50,4.5
2472,0.0004,4.888e-05,0.01,50,0,50,4.5
2473,0.0,4.8920000000000006e-05,0.01,50,0,50,4.5
2474,0.0012000000000000001,4.896e-05,0.01,50,0,50,4.5
2475,0.0,4.9000000000000005e-05,0.01,50,0,50,4.5
2476,0.0004,4.904e-05,0.01,50,0,50,4.5
2477,0.0004,4.9080000000000004e-05,0.01,50,0,50,4.5
2478,0.0,4.912e-05,0.01,50,0,50,4.5
2479,0.0016,4.9160000000000004e-05,0.01,50,0,50,4.5
2480,0.0,4.9199999999999997e-05,0.01,50,0,50,4.5
2481,0.0004,4.924e-05,0.01,50,0,50,4.5
2482,0.0,4.9279999999999996e-05,0.01,50,0,50,4.5
2483,0.0,4.932e-05,0.01,50,0,50,4.5
2484,0.0004,4.9359999999999995e-05,0.01,50,0,50,4.5
2485,0.0004,4.94e-05,0.01,50,0,50,4.5
2486,0.0004,4.9439999999999994e-05,0.01,50,0,50,4.5
2487,0.0004,4.948e-05,0.01,50,0,50,4.5
2488,-0.0008,4.9519999999999993e-05,0.01,50,0,50,4.5
2489,0.0004,4.956e-05,0.01,50,0,50,4.5
2490,0.0004,4.9600000000000006e-05,0.01,50,0,50,4.5
2491,0.0004,4.964e-05,0.01,50,0,50,4.5
2492,0.0016,4.9680000000000005e-05,0.01,50,0,50,4.5
2493,-0.0016,4.972e-05,0.01,50,0,50,4.5
2494,-0.0012000000000000001,4.9760000000000005e-05,0.01,50,0,50,4.5
2495,-0.0004,4.98e-05,0.01,50,0,50,4.5
2496,0.0,4.9840000000000004e-05,0.01,50,0,50,4.5
2497,0.0008,4.988e-05,0.01,50,0,50,4.5
2498,-0.0004,4.992e-05,0.01,50,0,50,4.5
2499,-0.0004,4.9959999999999996e-05,0.01,50,0,50,4.5
