,Mediciónes,Tiempo,Tiempo de integración [ms],Polarizacion grande,Polarizacion chica,Resistencia,Voltaje disco
0,-0.0004,-5e-05,0.01,50,0,50,0
1,0.0004,-4.996e-05,0.01,50,0,50,0
2,0.0008,-4.992e-05,0.01,50,0,50,0
3,0.0,-4.9880000000000004e-05,0.01,50,0,50,0
4,0.0,-4.9840000000000004e-05,0.01,50,0,50,0
5,0.0004,-4.9800000000000004e-05,0.01,50,0,50,0
6,0.0004,-4.9760000000000005e-05,0.01,50,0,50,0
7,0.002,-4.9720000000000005e-05,0.01,50,0,50,0
8,0.0,-4.9680000000000005e-05,0.01,50,0,50,0
9,-0.0004,-4.964e-05,0.01,50,0,50,0
10,0.0004,-4.96e-05,0.01,50,0,50,0
11,-0.0004,-4.956e-05,0.01,50,0,50,0
12,0.0012000000000000001,-4.952e-05,0.01,50,0,50,0
13,0.0,-4.948e-05,0.01,50,0,50,0
14,0.0008,-4.944e-05,0.01,50,0,50,0
15,0.0008,-4.94e-05,0.01,50,0,50,0
16,0.0,-4.936e-05,0.01,50,0,50,0
17,0.0004,-4.932e-05,0.01,50,0,50,0
18,0.0004,-4.928e-05,0.01,50,0,50,0
19,0.0004,-4.924e-05,0.01,50,0,50,0
20,0.002,-4.92e-05,0.01,50,0,50,0
21,0.0016,-4.9160000000000004e-05,0.01,50,0,50,0
22,0.0012000000000000001,-4.9120000000000004e-05,0.01,50,0,50,0
23,0.0004,-4.9080000000000004e-05,0.01,50,0,50,0
24,0.0,-4.9040000000000005e-05,0.01,50,0,50,0
25,0.0008,-4.9000000000000005e-05,0.01,50,0,50,0
26,0.0004,-4.8960000000000006e-05,0.01,50,0,50,0
27,0.0004,-4.892e-05,0.01,50,0,50,0
28,0.0004,-4.888e-05,0.01,50,0,50,0
29,-0.0004,-4.884e-05,0.01,50,0,50,0
30,0.0,-4.88e-05,0.01,50,0,50,0
31,0.0004,-4.876e-05,0.01,50,0,50,0
32,0.0012000000000000001,-4.872e-05,0.01,50,0,50,0
33,0.0012000000000000001,-4.868e-05,0.01,50,0,50,0
34,-0.0012000000000000001,-4.864e-05,0.01,50,0,50,0
35,0.0004,-4.86e-05,0.01,50,0,50,0
36,0.0004,-4.856e-05,0.01,50,0,50,0
37,-0.0004,-4.852e-05,0.01,50,0,50,0
38,0.0012000000000000001,-4.8480000000000003e-05,0.01,50,0,50,0
39,0.0004,-4.8440000000000004e-05,0.01,50,0,50,0
40,0.0,-4.8400000000000004e-05,0.01,50,0,50,0
41,0.0008,-4.8360000000000005e-05,0.01,50,0,50,0
42,0.0004,-4.8320000000000005e-05,0.01,50,0,50,0
43,0.0024000000000000002,-4.8280000000000005e-05,0.01,50,0,50,0
44,0.002,-4.824e-05,0.01,50,0,50,0
45,0.0008,-4.82e-05,0.01,50,0,50,0
46,0.0004,-4.816e-05,0.01,50,0,50,0
47,0.0,-4.812e-05,0.01,50,0,50,0
48,0.0004,-4.808e-05,0.01,50,0,50,0
49,0.0008,-4.804e-05,0.01,50,0,50,0
50,0.0,-4.8e-05,0.01,50,0,50,0
51,0.002,-4.796e-05,0.01,50,0,50,0
52,0.0004,-4.792e-05,0.01,50,0,50,0
53,0.0008,-4.788e-05,0.01,50,0,50,0
54,0.0004,-4.784e-05,0.01,50,0,50,0
55,0.0004,-4.78e-05,0.01,50,0,50,0
56,0.0016,-4.7760000000000004e-05,0.01,50,0,50,0
57,0.0004,-4.7720000000000004e-05,0.01,50,0,50,0
58,0.0004,-4.7680000000000004e-05,0.01,50,0,50,0
59,-0.0004,-4.7640000000000005e-05,0.01,50,0,50,0
60,-0.0004,-4.7600000000000005e-05,0.01,50,0,50,0
61,0.0008,-4.7560000000000005e-05,0.01,50,0,50,0
62,0.0012000000000000001,-4.7520000000000006e-05,0.01,50,0,50,0
63,0.002,-4.748e-05,0.01,50,0,50,0
64,0.0008,-4.744e-05,0.01,50,0,50,0
65,0.0,-4.74e-05,0.01,50,0,50,0
66,0.002,-4.736e-05,0.01,50,0,50,0
67,0.0016,-4.732e-05,0.01,50,0,50,0
68,0.0016,-4.728e-05,0.01,50,0,50,0
69,0.0016,-4.724e-05,0.01,50,0,50,0
70,-0.0004,-4.72e-05,0.01,50,0,50,0
71,-0.0008,-4.716e-05,0.01,50,0,50,0
72,0.0008,-4.712e-05,0.01,50,0,50,0
73,0.0004,-4.708e-05,0.01,50,0,50,0
74,0.0012000000000000001,-4.7040000000000004e-05,0.01,50,0,50,0
75,0.0004,-4.7000000000000004e-05,0.01,50,0,50,0
76,0.0008,-4.6960000000000004e-05,0.01,50,0,50,0
77,0.0004,-4.6920000000000005e-05,0.01,50,0,50,0
78,0.0004,-4.6880000000000005e-05,0.01,50,0,50,0
79,0.0008,-4.6840000000000006e-05,0.01,50,0,50,0
80,-0.0004,-4.68e-05,0.01,50,0,50,0
81,0.0,-4.676e-05,0.01,50,0,50,0
82,0.0012000000000000001,-4.672e-05,0.01,50,0,50,0
83,-0.0004,-4.668e-05,0.01,50,0,50,0
84,0.0008,-4.664e-05,0.01,50,0,50,0
85,-0.0004,-4.66e-05,0.01,50,0,50,0
86,0.0,-4.656e-05,0.01,50,0,50,0
87,0.0016,-4.652e-05,0.01,50,0,50,0
88,0.0004,-4.648e-05,0.01,50,0,50,0
89,-0.0008,-4.644e-05,0.01,50,0,50,0
90,-0.0016,-4.64e-05,0.01,50,0,50,0
91,0.0,-4.636e-05,0.01,50,0,50,0
92,0.0012000000000000001,-4.6320000000000004e-05,0.01,50,0,50,0
93,0.0012000000000000001,-4.6280000000000004e-05,0.01,50,0,50,0
94,0.0012000000000000001,-4.6240000000000005e-05,0.01,50,0,50,0
95,0.0004,-4.6200000000000005e-05,0.01,50,0,50,0
96,0.0,-4.6160000000000005e-05,0.01,50,0,50,0
97,0.0012000000000000001,-4.612e-05,0.01,50,0,50,0
98,0.0,-4.6080000000000006e-05,0.01,50,0,50,0
99,0.0012000000000000001,-4.604e-05,0.01,50,0,50,0
100,0.0016,-4.6e-05,0.01,50,0,50,0
101,-0.0004,-4.596e-05,0.01,50,0,50,0
102,0.0004,-4.592e-05,0.01,50,0,50,0
103,0.0,-4.588e-05,0.01,50,0,50,0
104,-0.0004,-4.584e-05,0.01,50,0,50,0
105,0.0008,-4.58e-05,0.01,50,0,50,0
106,-0.0004,-4.576e-05,0.01,50,0,50,0
107,0.0004,-4.572e-05,0.01,50,0,50,0
108,0.0,-4.568e-05,0.01,50,0,50,0
109,0.0,-4.5640000000000003e-05,0.01,50,0,50,0
110,0.0008,-4.5600000000000004e-05,0.01,50,0,50,0
111,0.0,-4.5560000000000004e-05,0.01,50,0,50,0
112,0.0004,-4.5520000000000005e-05,0.01,50,0,50,0
113,0.0008,-4.5480000000000005e-05,0.01,50,0,50,0
114,0.0,-4.544e-05,0.01,50,0,50,0
115,0.0004,-4.5400000000000006e-05,0.01,50,0,50,0
116,-0.0004,-4.536e-05,0.01,50,0,50,0
117,0.0004,-4.532e-05,0.01,50,0,50,0
118,0.0004,-4.528e-05,0.01,50,0,50,0
119,0.0008,-4.524e-05,0.01,50,0,50,0
120,0.0004,-4.52e-05,0.01,50,0,50,0
121,-0.0004,-4.516e-05,0.01,50,0,50,0
122,0.0,-4.512e-05,0.01,50,0,50,0
123,0.002,-4.508e-05,0.01,50,0,50,0
124,0.0004,-4.504e-05,0.01,50,0,50,0
125,0.0012000000000000001,-4.5e-05,0.01,50,0,50,0
126,0.0008,-4.496e-05,0.01,50,0,50,0
127,-0.0004,-4.4920000000000004e-05,0.01,50,0,50,0
128,0.0016,-4.4880000000000004e-05,0.01,50,0,50,0
129,0.0008,-4.4840000000000004e-05,0.01,50,0,50,0
130,0.0008,-4.4800000000000005e-05,0.01,50,0,50,0
131,0.0,-4.4760000000000005e-05,0.01,50,0,50,0
132,-0.0008,-4.4720000000000006e-05,0.01,50,0,50,0
133,0.0,-4.468e-05,0.01,50,0,50,0
134,-0.0008,-4.464e-05,0.01,50,0,50,0
135,0.0,-4.46e-05,0.01,50,0,50,0
136,-0.0008,-4.456e-05,0.01,50,0,50,0
137,-0.0012000000000000001,-4.452e-05,0.01,50,0,50,0
138,-0.0004,-4.448e-05,0.01,50,0,50,0
139,0.0004,-4.444e-05,0.01,50,0,50,0
140,0.0004,-4.44e-05,0.01,50,0,50,0
141,0.0004,-4.436e-05,0.01,50,0,50,0
142,0.0008,-4.432e-05,0.01,50,0,50,0
143,0.0004,-4.428e-05,0.01,50,0,50,0
144,0.0,-4.424e-05,0.01,50,0,50,0
145,0.0004,-4.4200000000000004e-05,0.01,50,0,50,0
146,0.0,-4.4160000000000004e-05,0.01,50,0,50,0
147,-0.0004,-4.4120000000000004e-05,0.01,50,0,50,0
148,0.0008,-4.4080000000000005e-05,0.01,50,0,50,0
149,0.0004,-4.4040000000000005e-05,0.01,50,0,50,0
150,-0.0008,-4.4e-05,0.01,50,0,50,0
151,0.0008,-4.3960000000000006e-05,0.01,50,0,50,0
152,0.0,-4.392e-05,0.01,50,0,50,0
153,0.0008,-4.388e-05,0.01,50,0,50,0
154,0.0016,-4.384e-05,0.01,50,0,50,0
155,0.0004,-4.38e-05,0.01,50,0,50,0
156,0.0016,-4.376e-05,0.01,50,0,50,0
157,-0.0012000000000000001,-4.372e-05,0.01,50,0,50,0
158,0.0,-4.368e-05,0.01,50,0,50,0
159,0.0008,-4.364e-05,0.01,50,0,50,0
160,0.0004,-4.36e-05,0.01,50,0,50,0
161,0.0008,-4.356e-05,0.01,50,0,50,0
162,0.0,-4.3520000000000003e-05,0.01,50,0,50,0
163,-0.0012000000000000001,-4.3480000000000004e-05,0.01,50,0,50,0
164,0.0004,-4.3440000000000004e-05,0.01,50,0,50,0
165,0.0,-4.3400000000000005e-05,0.01,50,0,50,0
166,0.0012000000000000001,-4.3360000000000005e-05,0.01,50,0,50,0
167,0.0,-4.332e-05,0.01,50,0,50,0
168,-0.0008,-4.3280000000000006e-05,0.01,50,0,50,0
169,0.0008,-4.324e-05,0.01,50,0,50,0
170,0.0004,-4.32e-05,0.01,50,0,50,0
171,0.0012000000000000001,-4.316e-05,0.01,50,0,50,0
172,0.0004,-4.312e-05,0.01,50,0,50,0
173,0.0012000000000000001,-4.308e-05,0.01,50,0,50,0
174,0.0016,-4.304e-05,0.01,50,0,50,0
175,0.0008,-4.3e-05,0.01,50,0,50,0
176,0.0004,-4.296e-05,0.01,50,0,50,0
177,0.0004,-4.292e-05,0.01,50,0,50,0
178,0.0,-4.288e-05,0.01,50,0,50,0
179,0.0008,-4.284e-05,0.01,50,0,50,0
180,0.0008,-4.2800000000000004e-05,0.01,50,0,50,0
181,0.0004,-4.2760000000000004e-05,0.01,50,0,50,0
182,0.0004,-4.2720000000000004e-05,0.01,50,0,50,0
183,0.0004,-4.2680000000000005e-05,0.01,50,0,50,0
184,0.0,-4.2640000000000005e-05,0.01,50,0,50,0
185,0.0012000000000000001,-4.2600000000000005e-05,0.01,50,0,50,0
186,0.0,-4.256e-05,0.01,50,0,50,0
187,-0.0008,-4.252e-05,0.01,50,0,50,0
188,0.0,-4.248e-05,0.01,50,0,50,0
189,0.0004,-4.244e-05,0.01,50,0,50,0
190,0.0008,-4.24e-05,0.01,50,0,50,0
191,0.0,-4.236e-05,0.01,50,0,50,0
192,0.0008,-4.232e-05,0.01,50,0,50,0
193,-0.0004,-4.228e-05,0.01,50,0,50,0
194,-0.0004,-4.224e-05,0.01,50,0,50,0
195,0.0008,-4.22e-05,0.01,50,0,50,0
196,0.0008,-4.216e-05,0.01,50,0,50,0
197,0.0004,-4.212e-05,0.01,50,0,50,0
198,-0.0008,-4.2080000000000004e-05,0.01,50,0,50,0
199,-0.0004,-4.2040000000000004e-05,0.01,50,0,50,0
200,0.0,-4.2000000000000004e-05,0.01,50,0,50,0
201,0.0012000000000000001,-4.196e-05,0.01,50,0,50,0
202,0.0016,-4.1920000000000005e-05,0.01,50,0,50,0
203,0.0008,-4.188e-05,0.01,50,0,50,0
204,0.0012000000000000001,-4.1840000000000006e-05,0.01,50,0,50,0
205,0.0012000000000000001,-4.18e-05,0.01,50,0,50,0
206,0.0012000000000000001,-4.176e-05,0.01,50,0,50,0
207,0.0,-4.172e-05,0.01,50,0,50,0
208,0.0004,-4.168e-05,0.01,50,0,50,0
209,0.0,-4.164e-05,0.01,50,0,50,0
210,0.0012000000000000001,-4.16e-05,0.01,50,0,50,0
211,0.0004,-4.156e-05,0.01,50,0,50,0
212,-0.0004,-4.152e-05,0.01,50,0,50,0
213,-0.0004,-4.148e-05,0.01,50,0,50,0
214,-0.0008,-4.144e-05,0.01,50,0,50,0
215,0.0012000000000000001,-4.1400000000000003e-05,0.01,50,0,50,0
216,0.0008,-4.1360000000000004e-05,0.01,50,0,50,0
217,-0.0012000000000000001,-4.1320000000000004e-05,0.01,50,0,50,0
218,0.0,-4.1280000000000005e-05,0.01,50,0,50,0
219,0.0,-4.1240000000000005e-05,0.01,50,0,50,0
220,0.0008,-4.12e-05,0.01,50,0,50,0
221,0.0012000000000000001,-4.1160000000000006e-05,0.01,50,0,50,0
222,0.0004,-4.112e-05,0.01,50,0,50,0
223,0.0004,-4.108e-05,0.01,50,0,50,0
224,0.0008,-4.104e-05,0.01,50,0,50,0
225,0.0004,-4.1e-05,0.01,50,0,50,0
226,0.002,-4.096e-05,0.01,50,0,50,0
227,0.0004,-4.092e-05,0.01,50,0,50,0
228,0.0008,-4.088e-05,0.01,50,0,50,0
229,0.0012000000000000001,-4.084e-05,0.01,50,0,50,0
230,0.0004,-4.08e-05,0.01,50,0,50,0
231,0.0016,-4.076e-05,0.01,50,0,50,0
232,0.0,-4.072e-05,0.01,50,0,50,0
233,0.0012000000000000001,-4.0680000000000004e-05,0.01,50,0,50,0
234,0.0008,-4.0640000000000004e-05,0.01,50,0,50,0
235,-0.0004,-4.0600000000000004e-05,0.01,50,0,50,0
236,0.0012000000000000001,-4.0560000000000005e-05,0.01,50,0,50,0
237,0.0,-4.052e-05,0.01,50,0,50,0
238,0.0016,-4.0480000000000005e-05,0.01,50,0,50,0
239,0.0016,-4.044e-05,0.01,50,0,50,0
240,-0.0004,-4.0400000000000006e-05,0.01,50,0,50,0
241,0.0012000000000000001,-4.036e-05,0.01,50,0,50,0
242,-0.0004,-4.032e-05,0.01,50,0,50,0
243,-0.0004,-4.028e-05,0.01,50,0,50,0
244,0.0,-4.024e-05,0.01,50,0,50,0
245,0.0,-4.02e-05,0.01,50,0,50,0
246,0.0008,-4.016e-05,0.01,50,0,50,0
247,0.0,-4.012e-05,0.01,50,0,50,0
248,0.0,-4.008e-05,0.01,50,0,50,0
249,0.0004,-4.004e-05,0.01,50,0,50,0
250,0.0016,-4e-05,0.01,50,0,50,0
251,0.002,-3.9960000000000004e-05,0.01,50,0,50,0
252,0.0016,-3.9920000000000004e-05,0.01,50,0,50,0
253,0.0016,-3.9880000000000004e-05,0.01,50,0,50,0
254,0.0008,-3.984e-05,0.01,50,0,50,0
255,0.0004,-3.9800000000000005e-05,0.01,50,0,50,0
256,0.0012000000000000001,-3.976e-05,0.01,50,0,50,0
257,0.002,-3.9720000000000006e-05,0.01,50,0,50,0
258,0.0012000000000000001,-3.968e-05,0.01,50,0,50,0
259,0.0012000000000000001,-3.964e-05,0.01,50,0,50,0
260,0.0012000000000000001,-3.96e-05,0.01,50,0,50,0
261,0.0008,-3.956e-05,0.01,50,0,50,0
262,0.0016,-3.952e-05,0.01,50,0,50,0
263,0.0008,-3.948e-05,0.01,50,0,50,0
264,0.0012000000000000001,-3.944e-05,0.01,50,0,50,0
265,0.0,-3.94e-05,0.01,50,0,50,0
266,-0.0008,-3.936e-05,0.01,50,0,50,0
267,0.0016,-3.932e-05,0.01,50,0,50,0
268,0.0004,-3.9280000000000003e-05,0.01,50,0,50,0
269,0.0008,-3.9240000000000004e-05,0.01,50,0,50,0
270,0.0008,-3.9200000000000004e-05,0.01,50,0,50,0
271,0.0,-3.9160000000000005e-05,0.01,50,0,50,0
272,0.002,-3.9120000000000005e-05,0.01,50,0,50,0
273,0.0,-3.908e-05,0.01,50,0,50,0
274,0.0008,-3.9040000000000006e-05,0.01,50,0,50,0
275,0.0004,-3.9e-05,0.01,50,0,50,0
276,0.0004,-3.896e-05,0.01,50,0,50,0
277,0.002,-3.892e-05,0.01,50,0,50,0
278,0.0008,-3.888e-05,0.01,50,0,50,0
279,0.0008,-3.884e-05,0.01,50,0,50,0
280,0.0008,-3.88e-05,0.01,50,0,50,0
281,0.0012000000000000001,-3.876e-05,0.01,50,0,50,0
282,0.0024000000000000002,-3.872e-05,0.01,50,0,50,0
283,0.0012000000000000001,-3.868e-05,0.01,50,0,50,0
284,0.0,-3.864e-05,0.01,50,0,50,0
285,0.0004,-3.86e-05,0.01,50,0,50,0
286,0.0,-3.8560000000000004e-05,0.01,50,0,50,0
287,0.0008,-3.8520000000000004e-05,0.01,50,0,50,0
288,0.0012000000000000001,-3.8480000000000004e-05,0.01,50,0,50,0
289,0.0,-3.8440000000000005e-05,0.01,50,0,50,0
290,0.0004,-3.84e-05,0.01,50,0,50,0
291,0.0,-3.8360000000000005e-05,0.01,50,0,50,0
292,0.0004,-3.832e-05,0.01,50,0,50,0
293,0.0004,-3.8280000000000006e-05,0.01,50,0,50,0
294,0.0004,-3.824e-05,0.01,50,0,50,0
295,0.0004,-3.82e-05,0.01,50,0,50,0
296,-0.0008,-3.816e-05,0.01,50,0,50,0
297,0.0004,-3.812e-05,0.01,50,0,50,0
298,0.0012000000000000001,-3.808e-05,0.01,50,0,50,0
299,0.0012000000000000001,-3.804e-05,0.01,50,0,50,0
300,0.0016,-3.8e-05,0.01,50,0,50,0
301,0.0008,-3.796e-05,0.01,50,0,50,0
302,0.0,-3.792e-05,0.01,50,0,50,0
303,0.0004,-3.788e-05,0.01,50,0,50,0
304,0.0004,-3.7840000000000004e-05,0.01,50,0,50,0
305,0.0004,-3.7800000000000004e-05,0.01,50,0,50,0
306,0.0012000000000000001,-3.7760000000000004e-05,0.01,50,0,50,0
307,0.0012000000000000001,-3.772e-05,0.01,50,0,50,0
308,0.0016,-3.7680000000000005e-05,0.01,50,0,50,0
309,0.0004,-3.764e-05,0.01,50,0,50,0
310,-0.0004,-3.7600000000000006e-05,0.01,50,0,50,0
311,0.0012000000000000001,-3.756e-05,0.01,50,0,50,0
312,0.0012000000000000001,-3.752e-05,0.01,50,0,50,0
313,0.0016,-3.748e-05,0.01,50,0,50,0
314,-0.0004,-3.744e-05,0.01,50,0,50,0
315,0.0,-3.74e-05,0.01,50,0,50,0
316,0.0004,-3.736e-05,0.01,50,0,50,0
317,0.0004,-3.732e-05,0.01,50,0,50,0
318,0.0012000000000000001,-3.728e-05,0.01,50,0,50,0
319,0.0008,-3.724e-05,0.01,50,0,50,0
320,-0.0004,-3.72e-05,0.01,50,0,50,0
321,0.0004,-3.716e-05,0.01,50,0,50,0
322,-0.0004,-3.7120000000000004e-05,0.01,50,0,50,0
323,0.0012000000000000001,-3.7080000000000004e-05,0.01,50,0,50,0
324,0.0008,-3.7040000000000005e-05,0.01,50,0,50,0
325,0.0004,-3.7000000000000005e-05,0.01,50,0,50,0
326,0.0016,-3.696e-05,0.01,50,0,50,0
327,0.0004,-3.6920000000000006e-05,0.01,50,0,50,0
328,0.0012000000000000001,-3.688e-05,0.01,50,0,50,0
329,0.0012000000000000001,-3.684e-05,0.01,50,0,50,0
330,0.0004,-3.68e-05,0.01,50,0,50,0
331,0.0008,-3.676e-05,0.01,50,0,50,0
332,0.0004,-3.672e-05,0.01,50,0,50,0
333,0.0004,-3.668e-05,0.01,50,0,50,0
334,0.0004,-3.664e-05,0.01,50,0,50,0
335,-0.0008,-3.66e-05,0.01,50,0,50,0
336,0.0016,-3.656e-05,0.01,50,0,50,0
337,0.0012000000000000001,-3.652e-05,0.01,50,0,50,0
338,0.0004,-3.648e-05,0.01,50,0,50,0
339,0.0008,-3.6440000000000003e-05,0.01,50,0,50,0
340,0.0,-3.6400000000000004e-05,0.01,50,0,50,0
341,-0.0008,-3.6360000000000004e-05,0.01,50,0,50,0
342,0.0004,-3.6320000000000005e-05,0.01,50,0,50,0
343,0.0,-3.628e-05,0.01,50,0,50,0
344,0.0,-3.6240000000000005e-05,0.01,50,0,50,0
345,-0.0004,-3.62e-05,0.01,50,0,50,0
346,-0.0008,-3.6160000000000006e-05,0.01,50,0,50,0
347,-0.0004,-3.612e-05,0.01,50,0,50,0
348,0.0,-3.608e-05,0.01,50,0,50,0
349,0.0008,-3.604e-05,0.01,50,0,50,0
350,-0.0004,-3.6e-05,0.01,50,0,50,0
351,-0.0012000000000000001,-3.596e-05,0.01,50,0,50,0
352,0.0,-3.592e-05,0.01,50,0,50,0
353,-0.0004,-3.588e-05,0.01,50,0,50,0
354,0.0016,-3.584e-05,0.01,50,0,50,0
355,-0.0004,-3.58e-05,0.01,50,0,50,0
356,0.0008,-3.576e-05,0.01,50,0,50,0
357,0.0012000000000000001,-3.5720000000000004e-05,0.01,50,0,50,0
358,0.0,-3.5680000000000004e-05,0.01,50,0,50,0
359,0.002,-3.5640000000000004e-05,0.01,50,0,50,0
360,0.0012000000000000001,-3.56e-05,0.01,50,0,50,0
361,0.0004,-3.5560000000000005e-05,0.01,50,0,50,0
362,0.0004,-3.552e-05,0.01,50,0,50,0
363,-0.0004,-3.5480000000000006e-05,0.01,50,0,50,0
364,-0.0004,-3.544e-05,0.01,50,0,50,0
365,0.0004,-3.54e-05,0.01,50,0,50,0
366,0.0,-3.536e-05,0.01,50,0,50,0
367,0.0008,-3.532e-05,0.01,50,0,50,0
368,0.0004,-3.528e-05,0.01,50,0,50,0
369,0.0008,-3.524e-05,0.01,50,0,50,0
370,0.0,-3.52e-05,0.01,50,0,50,0
371,0.0,-3.516e-05,0.01,50,0,50,0
372,0.0,-3.512e-05,0.01,50,0,50,0
373,0.0008,-3.508e-05,0.01,50,0,50,0
374,0.0,-3.504e-05,0.01,50,0,50,0
375,0.0008,-3.5000000000000004e-05,0.01,50,0,50,0
376,-0.0004,-3.4960000000000004e-05,0.01,50,0,50,0
377,0.0004,-3.4920000000000004e-05,0.01,50,0,50,0
378,0.0008,-3.4880000000000005e-05,0.01,50,0,50,0
379,0.0,-3.484e-05,0.01,50,0,50,0
380,0.0012000000000000001,-3.4800000000000006e-05,0.01,50,0,50,0
381,0.0004,-3.476e-05,0.01,50,0,50,0
382,0.0,-3.4720000000000006e-05,0.01,50,0,50,0
383,0.0004,-3.468e-05,0.01,50,0,50,0
384,0.0,-3.464e-05,0.01,50,0,50,0
385,0.0024000000000000002,-3.46e-05,0.01,50,0,50,0
386,0.0012000000000000001,-3.456e-05,0.01,50,0,50,0
387,0.0008,-3.452e-05,0.01,50,0,50,0
388,0.0008,-3.448e-05,0.01,50,0,50,0
389,-0.0004,-3.444e-05,0.01,50,0,50,0
390,0.002,-3.44e-05,0.01,50,0,50,0
391,0.0008,-3.436e-05,0.01,50,0,50,0
392,0.0004,-3.4320000000000003e-05,0.01,50,0,50,0
393,-0.0004,-3.4280000000000004e-05,0.01,50,0,50,0
394,-0.0012000000000000001,-3.424e-05,0.01,50,0,50,0
395,-0.0004,-3.4200000000000005e-05,0.01,50,0,50,0
396,-0.0004,-3.416e-05,0.01,50,0,50,0
397,0.0,-3.4120000000000005e-05,0.01,50,0,50,0
398,-0.0004,-3.408e-05,0.01,50,0,50,0
399,-0.0004,-3.4040000000000006e-05,0.01,50,0,50,0
400,0.0,-3.4e-05,0.01,50,0,50,0
401,0.0,-3.396000000000001e-05,0.01,50,0,50,0
402,0.0,-3.392e-05,0.01,50,0,50,0
403,0.0,-3.388e-05,0.01,50,0,50,0
404,0.0004,-3.384e-05,0.01,50,0,50,0
405,0.0,-3.38e-05,0.01,50,0,50,0
406,0.0008,-3.376e-05,0.01,50,0,50,0
407,-0.0016,-3.372e-05,0.01,50,0,50,0
408,-0.0004,-3.368e-05,0.01,50,0,50,0
409,0.0,-3.364e-05,0.01,50,0,50,0
410,0.0008,-3.3600000000000004e-05,0.01,50,0,50,0
411,0.0008,-3.356e-05,0.01,50,0,50,0
412,-0.0004,-3.3520000000000004e-05,0.01,50,0,50,0
413,-0.0004,-3.348e-05,0.01,50,0,50,0
414,0.0004,-3.3440000000000005e-05,0.01,50,0,50,0
415,0.0012000000000000001,-3.34e-05,0.01,50,0,50,0
416,0.0024000000000000002,-3.3360000000000006e-05,0.01,50,0,50,0
417,0.0004,-3.332e-05,0.01,50,0,50,0
418,-0.0008,-3.328000000000001e-05,0.01,50,0,50,0
419,0.0,-3.324e-05,0.01,50,0,50,0
420,0.0,-3.32e-05,0.01,50,0,50,0
421,0.0008,-3.316e-05,0.01,50,0,50,0
422,0.0,-3.312e-05,0.01,50,0,50,0
423,0.0,-3.308e-05,0.01,50,0,50,0
424,0.0,-3.304e-05,0.01,50,0,50,0
425,-0.0012000000000000001,-3.3e-05,0.01,50,0,50,0
426,0.0004,-3.296e-05,0.01,50,0,50,0
427,0.0004,-3.292e-05,0.01,50,0,50,0
428,0.0,-3.2880000000000004e-05,0.01,50,0,50,0
429,0.0012000000000000001,-3.2840000000000004e-05,0.01,50,0,50,0
430,0.0004,-3.28e-05,0.01,50,0,50,0
431,0.0004,-3.2760000000000005e-05,0.01,50,0,50,0
432,0.0008,-3.272e-05,0.01,50,0,50,0
433,0.0,-3.2680000000000006e-05,0.01,50,0,50,0
434,0.0016,-3.264e-05,0.01,50,0,50,0
435,0.0012000000000000001,-3.2600000000000006e-05,0.01,50,0,50,0
436,0.0024000000000000002,-3.256e-05,0.01,50,0,50,0
437,0.0008,-3.252e-05,0.01,50,0,50,0
438,-0.0008,-3.248e-05,0.01,50,0,50,0
439,0.0012000000000000001,-3.244e-05,0.01,50,0,50,0
440,0.0012000000000000001,-3.24e-05,0.01,50,0,50,0
441,0.0012000000000000001,-3.236e-05,0.01,50,0,50,0
442,0.0008,-3.232e-05,0.01,50,0,50,0
443,-0.0012000000000000001,-3.228e-05,0.01,50,0,50,0
444,0.0004,-3.224e-05,0.01,50,0,50,0
445,0.0008,-3.2200000000000003e-05,0.01,50,0,50,0
446,0.0008,-3.2160000000000004e-05,0.01,50,0,50,0
447,0.0016,-3.212e-05,0.01,50,0,50,0
448,-0.0004,-3.2080000000000005e-05,0.01,50,0,50,0
449,0.0,-3.204e-05,0.01,50,0,50,0
450,0.0004,-3.2000000000000005e-05,0.01,50,0,50,0
451,0.0,-3.196e-05,0.01,50,0,50,0
452,0.0008,-3.1920000000000006e-05,0.01,50,0,50,0
453,0.0004,-3.188e-05,0.01,50,0,50,0
454,0.0,-3.184000000000001e-05,0.01,50,0,50,0
455,-0.0004,-3.18e-05,0.01,50,0,50,0
456,0.0008,-3.176e-05,0.01,50,0,50,0
457,0.0016,-3.172e-05,0.01,50,0,50,0
458,0.0016,-3.168e-05,0.01,50,0,50,0
459,0.0012000000000000001,-3.164e-05,0.01,50,0,50,0
460,0.002,-3.16e-05,0.01,50,0,50,0
461,0.0012000000000000001,-3.156e-05,0.01,50,0,50,0
462,0.0008,-3.152e-05,0.01,50,0,50,0
463,0.0012000000000000001,-3.1480000000000004e-05,0.01,50,0,50,0
464,0.0004,-3.144e-05,0.01,50,0,50,0
465,0.0016,-3.1400000000000004e-05,0.01,50,0,50,0
466,0.0012000000000000001,-3.136e-05,0.01,50,0,50,0
467,0.0004,-3.1320000000000005e-05,0.01,50,0,50,0
468,0.0012000000000000001,-3.128e-05,0.01,50,0,50,0
469,0.0004,-3.1240000000000006e-05,0.01,50,0,50,0
470,0.002,-3.12e-05,0.01,50,0,50,0
471,0.0008,-3.1160000000000007e-05,0.01,50,0,50,0
472,0.0012000000000000001,-3.112e-05,0.01,50,0,50,0
473,0.0,-3.108e-05,0.01,50,0,50,0
474,-0.0012000000000000001,-3.104e-05,0.01,50,0,50,0
475,0.0008,-3.1e-05,0.01,50,0,50,0
476,0.0008,-3.096e-05,0.01,50,0,50,0
477,0.0004,-3.092e-05,0.01,50,0,50,0
478,0.0008,-3.088e-05,0.01,50,0,50,0
479,-0.0012000000000000001,-3.084e-05,0.01,50,0,50,0
480,0.0,-3.08e-05,0.01,50,0,50,0
481,-0.0008,-3.0760000000000004e-05,0.01,50,0,50,0
482,-0.0004,-3.0720000000000004e-05,0.01,50,0,50,0
483,0.0012000000000000001,-3.068e-05,0.01,50,0,50,0
484,0.0008,-3.0640000000000005e-05,0.01,50,0,50,0
485,0.0004,-3.06e-05,0.01,50,0,50,0
486,0.0004,-3.0560000000000006e-05,0.01,50,0,50,0
487,0.0004,-3.052e-05,0.01,50,0,50,0
488,0.0016,-3.0480000000000003e-05,0.01,50,0,50,0
489,0.0016,-3.0440000000000003e-05,0.01,50,0,50,0
490,0.0004,-3.04e-05,0.01,50,0,50,0
491,0.0004,-3.036e-05,0.01,50,0,50,0
492,-0.0004,-3.032e-05,0.01,50,0,50,0
493,0.002,-3.028e-05,0.01,50,0,50,0
494,0.0012000000000000001,-3.0240000000000002e-05,0.01,50,0,50,0
495,0.0008,-3.0200000000000002e-05,0.01,50,0,50,0
496,0.0004,-3.0160000000000003e-05,0.01,50,0,50,0
497,0.0004,-3.0120000000000003e-05,0.01,50,0,50,0
498,0.0008,-3.0080000000000003e-05,0.01,50,0,50,0
499,-0.0008,-3.004e-05,0.01,50,0,50,0
500,-0.0008,-3e-05,0.01,50,0,50,0
501,0.0,-2.996e-05,0.01,50,0,50,0
502,0.0,-2.992e-05,0.01,50,0,50,0
503,0.0004,-2.9880000000000002e-05,0.01,50,0,50,0
504,0.0,-2.9840000000000002e-05,0.01,50,0,50,0
505,-0.0004,-2.9800000000000003e-05,0.01,50,0,50,0
506,0.0016,-2.9760000000000003e-05,0.01,50,0,50,0
507,0.0004,-2.9720000000000003e-05,0.01,50,0,50,0
508,0.0008,-2.968e-05,0.01,50,0,50,0
509,0.0004,-2.964e-05,0.01,50,0,50,0
510,-0.0004,-2.96e-05,0.01,50,0,50,0
511,0.0008,-2.956e-05,0.01,50,0,50,0
512,0.0,-2.9520000000000002e-05,0.01,50,0,50,0
513,0.0012000000000000001,-2.9480000000000002e-05,0.01,50,0,50,0
514,0.0012000000000000001,-2.9440000000000003e-05,0.01,50,0,50,0
515,-0.0004,-2.9400000000000003e-05,0.01,50,0,50,0
516,0.0016,-2.9360000000000003e-05,0.01,50,0,50,0
517,0.0016,-2.932e-05,0.01,50,0,50,0
518,0.0016,-2.928e-05,0.01,50,0,50,0
519,0.0016,-2.924e-05,0.01,50,0,50,0
520,0.0004,-2.92e-05,0.01,50,0,50,0
521,0.0012000000000000001,-2.9160000000000002e-05,0.01,50,0,50,0
522,0.0016,-2.9120000000000002e-05,0.01,50,0,50,0
523,0.0004,-2.9080000000000003e-05,0.01,50,0,50,0
524,0.0008,-2.9040000000000003e-05,0.01,50,0,50,0
525,-0.0004,-2.9000000000000004e-05,0.01,50,0,50,0
526,-0.0004,-2.896e-05,0.01,50,0,50,0
527,0.0,-2.892e-05,0.01,50,0,50,0
528,-0.0004,-2.888e-05,0.01,50,0,50,0
529,0.0004,-2.8840000000000002e-05,0.01,50,0,50,0
530,-0.0004,-2.8800000000000002e-05,0.01,50,0,50,0
531,-0.0008,-2.8760000000000002e-05,0.01,50,0,50,0
532,0.0008,-2.8720000000000003e-05,0.01,50,0,50,0
533,0.0008,-2.8680000000000003e-05,0.01,50,0,50,0
534,0.0008,-2.8640000000000004e-05,0.01,50,0,50,0
535,0.0004,-2.86e-05,0.01,50,0,50,0
536,0.0008,-2.856e-05,0.01,50,0,50,0
537,0.0012000000000000001,-2.852e-05,0.01,50,0,50,0
538,0.0012000000000000001,-2.8480000000000002e-05,0.01,50,0,50,0
539,0.0012000000000000001,-2.8440000000000002e-05,0.01,50,0,50,0
540,0.0,-2.8400000000000003e-05,0.01,50,0,50,0
541,-0.0008,-2.8360000000000003e-05,0.01,50,0,50,0
542,0.0008,-2.8320000000000003e-05,0.01,50,0,50,0
543,0.002,-2.828e-05,0.01,50,0,50,0
544,0.0012000000000000001,-2.824e-05,0.01,50,0,50,0
545,0.0,-2.82e-05,0.01,50,0,50,0
546,-0.0008,-2.816e-05,0.01,50,0,50,0
547,0.0012000000000000001,-2.8120000000000002e-05,0.01,50,0,50,0
548,0.0012000000000000001,-2.8080000000000002e-05,0.01,50,0,50,0
549,0.0004,-2.8040000000000003e-05,0.01,50,0,50,0
550,0.0012000000000000001,-2.8000000000000003e-05,0.01,50,0,50,0
551,-0.0004,-2.7960000000000003e-05,0.01,50,0,50,0
552,0.0004,-2.792e-05,0.01,50,0,50,0
553,-0.0008,-2.788e-05,0.01,50,0,50,0
554,-0.0012000000000000001,-2.784e-05,0.01,50,0,50,0
555,0.0004,-2.78e-05,0.01,50,0,50,0
556,-0.0008,-2.7760000000000002e-05,0.01,50,0,50,0
557,0.0004,-2.7720000000000002e-05,0.01,50,0,50,0
558,0.0,-2.7680000000000003e-05,0.01,50,0,50,0
559,-0.0008,-2.7640000000000003e-05,0.01,50,0,50,0
560,-0.0008,-2.7600000000000003e-05,0.01,50,0,50,0
561,0.0,-2.756e-05,0.01,50,0,50,0
562,0.0004,-2.752e-05,0.01,50,0,50,0
563,0.0004,-2.748e-05,0.01,50,0,50,0
564,-0.0004,-2.744e-05,0.01,50,0,50,0
565,0.0004,-2.7400000000000002e-05,0.01,50,0,50,0
566,-0.0004,-2.7360000000000002e-05,0.01,50,0,50,0
567,0.0016,-2.7320000000000003e-05,0.01,50,0,50,0
568,0.002,-2.7280000000000003e-05,0.01,50,0,50,0
569,0.0008,-2.7240000000000003e-05,0.01,50,0,50,0
570,-0.0016,-2.72e-05,0.01,50,0,50,0
571,-0.0016,-2.716e-05,0.01,50,0,50,0
572,-0.0004,-2.712e-05,0.01,50,0,50,0
573,0.002,-2.708e-05,0.01,50,0,50,0
574,0.0012000000000000001,-2.7040000000000002e-05,0.01,50,0,50,0
575,0.0004,-2.7000000000000002e-05,0.01,50,0,50,0
576,0.0004,-2.6960000000000003e-05,0.01,50,0,50,0
577,-0.0004,-2.6920000000000003e-05,0.01,50,0,50,0
578,0.0012000000000000001,-2.6880000000000004e-05,0.01,50,0,50,0
579,-0.0008,-2.684e-05,0.01,50,0,50,0
580,0.0,-2.68e-05,0.01,50,0,50,0
581,-0.0004,-2.676e-05,0.01,50,0,50,0
582,-0.0012000000000000001,-2.672e-05,0.01,50,0,50,0
583,0.0,-2.6680000000000002e-05,0.01,50,0,50,0
584,-0.0008,-2.6640000000000002e-05,0.01,50,0,50,0
585,0.0004,-2.6600000000000003e-05,0.01,50,0,50,0
586,0.0008,-2.6560000000000003e-05,0.01,50,0,50,0
587,-0.0004,-2.6520000000000004e-05,0.01,50,0,50,0
588,0.0008,-2.648e-05,0.01,50,0,50,0
589,-0.0004,-2.644e-05,0.01,50,0,50,0
590,0.0,-2.64e-05,0.01,50,0,50,0
591,-0.0004,-2.6360000000000002e-05,0.01,50,0,50,0
592,0.0004,-2.6320000000000002e-05,0.01,50,0,50,0
593,0.0004,-2.6280000000000002e-05,0.01,50,0,50,0
594,0.0004,-2.6240000000000003e-05,0.01,50,0,50,0
595,0.0,-2.6200000000000003e-05,0.01,50,0,50,0
596,0.0008,-2.616e-05,0.01,50,0,50,0
597,0.0008,-2.612e-05,0.01,50,0,50,0
598,0.0016,-2.608e-05,0.01,50,0,50,0
599,0.0016,-2.604e-05,0.01,50,0,50,0
600,0.0012000000000000001,-2.6000000000000002e-05,0.01,50,0,50,0
601,0.0008,-2.5960000000000002e-05,0.01,50,0,50,0
602,-0.0008,-2.5920000000000003e-05,0.01,50,0,50,0
603,0.0,-2.5880000000000003e-05,0.01,50,0,50,0
604,0.002,-2.5840000000000003e-05,0.01,50,0,50,0
605,-0.0004,-2.58e-05,0.01,50,0,50,0
606,0.0004,-2.576e-05,0.01,50,0,50,0
607,-0.0004,-2.572e-05,0.01,50,0,50,0
608,0.0004,-2.568e-05,0.01,50,0,50,0
609,0.0004,-2.5640000000000002e-05,0.01,50,0,50,0
610,0.0004,-2.5600000000000002e-05,0.01,50,0,50,0
611,0.0,-2.5560000000000003e-05,0.01,50,0,50,0
612,-0.0004,-2.5520000000000003e-05,0.01,50,0,50,0
613,-0.0004,-2.5480000000000003e-05,0.01,50,0,50,0
614,0.0004,-2.544e-05,0.01,50,0,50,0
615,0.0008,-2.54e-05,0.01,50,0,50,0
616,0.0008,-2.536e-05,0.01,50,0,50,0
617,0.0004,-2.532e-05,0.01,50,0,50,0
618,-0.0004,-2.5280000000000002e-05,0.01,50,0,50,0
619,0.0008,-2.5240000000000002e-05,0.01,50,0,50,0
620,0.0012000000000000001,-2.5200000000000003e-05,0.01,50,0,50,0
621,0.0004,-2.5160000000000003e-05,0.01,50,0,50,0
622,0.0008,-2.5120000000000003e-05,0.01,50,0,50,0
623,0.0016,-2.508e-05,0.01,50,0,50,0
624,0.0012000000000000001,-2.504e-05,0.01,50,0,50,0
625,0.0012000000000000001,-2.5e-05,0.01,50,0,50,0
626,0.002,-2.496e-05,0.01,50,0,50,0
627,0.0016,-2.4920000000000002e-05,0.01,50,0,50,0
628,0.0008,-2.4880000000000002e-05,0.01,50,0,50,0
629,0.0004,-2.4840000000000003e-05,0.01,50,0,50,0
630,0.0012000000000000001,-2.4800000000000003e-05,0.01,50,0,50,0
631,-0.0004,-2.4760000000000003e-05,0.01,50,0,50,0
632,-0.0004,-2.472e-05,0.01,50,0,50,0
633,-0.0008,-2.468e-05,0.01,50,0,50,0
634,0.0012000000000000001,-2.464e-05,0.01,50,0,50,0
635,0.0016,-2.46e-05,0.01,50,0,50,0
636,0.0,-2.4560000000000002e-05,0.01,50,0,50,0
637,0.0004,-2.4520000000000002e-05,0.01,50,0,50,0
638,-0.0004,-2.4480000000000003e-05,0.01,50,0,50,0
639,0.0,-2.4440000000000003e-05,0.01,50,0,50,0
640,0.0016,-2.4400000000000004e-05,0.01,50,0,50,0
641,0.0008,-2.436e-05,0.01,50,0,50,0
642,0.0008,-2.432e-05,0.01,50,0,50,0
643,0.0004,-2.428e-05,0.01,50,0,50,0
644,-0.0004,-2.4240000000000002e-05,0.01,50,0,50,0
645,0.0008,-2.4200000000000002e-05,0.01,50,0,50,0
646,0.0004,-2.4160000000000002e-05,0.01,50,0,50,0
647,0.0012000000000000001,-2.4120000000000003e-05,0.01,50,0,50,0
648,0.0,-2.4080000000000003e-05,0.01,50,0,50,0
649,0.0,-2.404e-05,0.01,50,0,50,0
650,0.0,-2.4e-05,0.01,50,0,50,0
651,0.0008,-2.396e-05,0.01,50,0,50,0
652,0.0008,-2.392e-05,0.01,50,0,50,0
653,0.0012000000000000001,-2.3880000000000002e-05,0.01,50,0,50,0
654,0.0008,-2.3840000000000002e-05,0.01,50,0,50,0
655,0.0016,-2.3800000000000003e-05,0.01,50,0,50,0
656,0.0008,-2.3760000000000003e-05,0.01,50,0,50,0
657,0.0004,-2.3720000000000003e-05,0.01,50,0,50,0
658,0.0004,-2.368e-05,0.01,50,0,50,0
659,0.0004,-2.364e-05,0.01,50,0,50,0
660,0.0004,-2.36e-05,0.01,50,0,50,0
661,0.0,-2.356e-05,0.01,50,0,50,0
662,-0.0004,-2.3520000000000002e-05,0.01,50,0,50,0
663,0.0,-2.3480000000000002e-05,0.01,50,0,50,0
664,0.0,-2.3440000000000003e-05,0.01,50,0,50,0
665,0.0012000000000000001,-2.3400000000000003e-05,0.01,50,0,50,0
666,0.0008,-2.3360000000000003e-05,0.01,50,0,50,0
667,0.0,-2.332e-05,0.01,50,0,50,0
668,0.0,-2.328e-05,0.01,50,0,50,0
669,-0.0004,-2.324e-05,0.01,50,0,50,0
670,0.0016,-2.32e-05,0.01,50,0,50,0
671,0.0012000000000000001,-2.3160000000000002e-05,0.01,50,0,50,0
672,0.0008,-2.3120000000000002e-05,0.01,50,0,50,0
673,0.0008,-2.3080000000000003e-05,0.01,50,0,50,0
674,0.0004,-2.3040000000000003e-05,0.01,50,0,50,0
675,0.0008,-2.3000000000000003e-05,0.01,50,0,50,0
676,0.0016,-2.296e-05,0.01,50,0,50,0
677,0.0004,-2.292e-05,0.01,50,0,50,0
678,0.0016,-2.288e-05,0.01,50,0,50,0
679,0.0004,-2.284e-05,0.01,50,0,50,0
680,0.0008,-2.2800000000000002e-05,0.01,50,0,50,0
681,0.002,-2.2760000000000002e-05,0.01,50,0,50,0
682,0.0008,-2.2720000000000003e-05,0.01,50,0,50,0
683,0.0008,-2.2680000000000003e-05,0.01,50,0,50,0
684,0.0016,-2.2640000000000003e-05,0.01,50,0,50,0
685,0.0008,-2.26e-05,0.01,50,0,50,0
686,0.0012000000000000001,-2.256e-05,0.01,50,0,50,0
687,0.0004,-2.252e-05,0.01,50,0,50,0
688,0.0008,-2.248e-05,0.01,50,0,50,0
689,0.0016,-2.2440000000000002e-05,0.01,50,0,50,0
690,0.0004,-2.2400000000000002e-05,0.01,50,0,50,0
691,0.0008,-2.2360000000000003e-05,0.01,50,0,50,0
692,-0.0016,-2.2320000000000003e-05,0.01,50,0,50,0
693,-0.0008,-2.228e-05,0.01,50,0,50,0
694,0.0004,-2.224e-05,0.01,50,0,50,0
695,-0.0004,-2.22e-05,0.01,50,0,50,0
696,0.002,-2.216e-05,0.01,50,0,50,0
697,0.0008,-2.212e-05,0.01,50,0,50,0
698,-0.0004,-2.2080000000000002e-05,0.01,50,0,50,0
699,-0.0004,-2.2040000000000002e-05,0.01,50,0,50,0
700,0.0,-2.2000000000000003e-05,0.01,50,0,50,0
701,0.0016,-2.1960000000000003e-05,0.01,50,0,50,0
702,0.0012000000000000001,-2.192e-05,0.01,50,0,50,0
703,0.0,-2.188e-05,0.01,50,0,50,0
704,0.0008,-2.184e-05,0.01,50,0,50,0
705,0.0008,-2.18e-05,0.01,50,0,50,0
706,0.0008,-2.1760000000000002e-05,0.01,50,0,50,0
707,0.0012000000000000001,-2.1720000000000002e-05,0.01,50,0,50,0
708,0.0,-2.1680000000000002e-05,0.01,50,0,50,0
709,0.0004,-2.1640000000000003e-05,0.01,50,0,50,0
710,-0.0004,-2.1600000000000003e-05,0.01,50,0,50,0
711,-0.0004,-2.156e-05,0.01,50,0,50,0
712,0.0008,-2.152e-05,0.01,50,0,50,0
713,0.0004,-2.148e-05,0.01,50,0,50,0
714,0.0012000000000000001,-2.144e-05,0.01,50,0,50,0
715,0.0004,-2.1400000000000002e-05,0.01,50,0,50,0
716,0.0,-2.1360000000000002e-05,0.01,50,0,50,0
717,0.0,-2.1320000000000003e-05,0.01,50,0,50,0
718,-0.0004,-2.1280000000000003e-05,0.01,50,0,50,0
719,0.0016,-2.1240000000000003e-05,0.01,50,0,50,0
720,0.0008,-2.12e-05,0.01,50,0,50,0
721,0.0004,-2.116e-05,0.01,50,0,50,0
722,0.0,-2.112e-05,0.01,50,0,50,0
723,-0.0008,-2.108e-05,0.01,50,0,50,0
724,0.0,-2.1040000000000002e-05,0.01,50,0,50,0
725,0.0,-2.1000000000000002e-05,0.01,50,0,50,0
726,0.0,-2.0960000000000003e-05,0.01,50,0,50,0
727,0.0016,-2.0920000000000003e-05,0.01,50,0,50,0
728,0.0004,-2.0880000000000003e-05,0.01,50,0,50,0
729,0.0,-2.084e-05,0.01,50,0,50,0
730,0.0004,-2.08e-05,0.01,50,0,50,0
731,-0.0004,-2.076e-05,0.01,50,0,50,0
732,0.002,-2.072e-05,0.01,50,0,50,0
733,0.0016,-2.0680000000000002e-05,0.01,50,0,50,0
734,0.0004,-2.0640000000000002e-05,0.01,50,0,50,0
735,0.0,-2.0600000000000003e-05,0.01,50,0,50,0
736,0.0008,-2.0560000000000003e-05,0.01,50,0,50,0
737,0.0008,-2.0520000000000003e-05,0.01,50,0,50,0
738,0.0016,-2.048e-05,0.01,50,0,50,0
739,0.0,-2.044e-05,0.01,50,0,50,0
740,0.0,-2.04e-05,0.01,50,0,50,0
741,0.0004,-2.036e-05,0.01,50,0,50,0
742,0.0,-2.0320000000000002e-05,0.01,50,0,50,0
743,0.0012000000000000001,-2.0280000000000002e-05,0.01,50,0,50,0
744,0.0004,-2.0240000000000003e-05,0.01,50,0,50,0
745,0.0016,-2.0200000000000003e-05,0.01,50,0,50,0
746,0.0004,-2.016e-05,0.01,50,0,50,0
747,0.0004,-2.012e-05,0.01,50,0,50,0
748,0.0,-2.008e-05,0.01,50,0,50,0
749,-0.0008,-2.004e-05,0.01,50,0,50,0
750,0.0012000000000000001,-2e-05,0.01,50,0,50,0
751,0.0,-1.9960000000000002e-05,0.01,50,0,50,0
752,0.0,-1.9920000000000002e-05,0.01,50,0,50,0
753,0.0,-1.9880000000000003e-05,0.01,50,0,50,0
754,-0.0004,-1.9840000000000003e-05,0.01,50,0,50,0
755,0.0,-1.98e-05,0.01,50,0,50,0
756,0.0,-1.976e-05,0.01,50,0,50,0
757,0.0004,-1.972e-05,0.01,50,0,50,0
758,0.0008,-1.968e-05,0.01,50,0,50,0
759,0.0,-1.9640000000000002e-05,0.01,50,0,50,0
760,0.0004,-1.9600000000000002e-05,0.01,50,0,50,0
761,0.0004,-1.9560000000000002e-05,0.01,50,0,50,0
762,0.0008,-1.9520000000000003e-05,0.01,50,0,50,0
763,0.0024000000000000002,-1.9480000000000003e-05,0.01,50,0,50,0
764,0.0012000000000000001,-1.9440000000000004e-05,0.01,50,0,50,0
765,-0.0004,-1.9400000000000004e-05,0.01,50,0,50,0
766,-0.0004,-1.9360000000000004e-05,0.01,50,0,50,0
767,0.0008,-1.9320000000000005e-05,0.01,50,0,50,0
768,0.002,-1.928e-05,0.01,50,0,50,0
769,0.0008,-1.924e-05,0.01,50,0,50,0
770,-0.0012000000000000001,-1.92e-05,0.01,50,0,50,0
771,-0.0008,-1.916e-05,0.01,50,0,50,0
772,0.0004,-1.912e-05,0.01,50,0,50,0
773,0.0,-1.908e-05,0.01,50,0,50,0
774,0.0008,-1.904e-05,0.01,50,0,50,0
775,0.0,-1.9e-05,0.01,50,0,50,0
776,0.0004,-1.896e-05,0.01,50,0,50,0
777,-0.0004,-1.8920000000000002e-05,0.01,50,0,50,0
778,0.0,-1.8880000000000002e-05,0.01,50,0,50,0
779,0.0008,-1.8840000000000003e-05,0.01,50,0,50,0
780,0.0,-1.8800000000000003e-05,0.01,50,0,50,0
781,0.0008,-1.8760000000000003e-05,0.01,50,0,50,0
782,-0.0004,-1.8720000000000004e-05,0.01,50,0,50,0
783,0.0,-1.8680000000000004e-05,0.01,50,0,50,0
784,0.0012000000000000001,-1.8640000000000004e-05,0.01,50,0,50,0
785,0.0,-1.8600000000000005e-05,0.01,50,0,50,0
786,0.0016,-1.856e-05,0.01,50,0,50,0
787,0.0012000000000000001,-1.852e-05,0.01,50,0,50,0
788,0.0,-1.848e-05,0.01,50,0,50,0
789,0.0008,-1.844e-05,0.01,50,0,50,0
790,0.0004,-1.84e-05,0.01,50,0,50,0
791,0.0004,-1.836e-05,0.01,50,0,50,0
792,0.0008,-1.832e-05,0.01,50,0,50,0
793,0.0012000000000000001,-1.828e-05,0.01,50,0,50,0
794,0.0012000000000000001,-1.824e-05,0.01,50,0,50,0
795,0.0008,-1.8200000000000002e-05,0.01,50,0,50,0
796,0.0,-1.8160000000000002e-05,0.01,50,0,50,0
797,-0.0008,-1.8120000000000003e-05,0.01,50,0,50,0
798,0.0,-1.8080000000000003e-05,0.01,50,0,50,0
799,0.0004,-1.8040000000000003e-05,0.01,50,0,50,0
800,-0.0004,-1.8000000000000004e-05,0.01,50,0,50,0
801,-0.0012000000000000001,-1.7960000000000004e-05,0.01,50,0,50,0
802,0.0,-1.7920000000000005e-05,0.01,50,0,50,0
803,-0.0004,-1.7880000000000005e-05,0.01,50,0,50,0
804,0.0,-1.784e-05,0.01,50,0,50,0
805,0.0004,-1.78e-05,0.01,50,0,50,0
806,0.0,-1.776e-05,0.01,50,0,50,0
807,0.0,-1.772e-05,0.01,50,0,50,0
808,-0.0004,-1.768e-05,0.01,50,0,50,0
809,0.0,-1.764e-05,0.01,50,0,50,0
810,0.0,-1.76e-05,0.01,50,0,50,0
811,-0.0012000000000000001,-1.756e-05,0.01,50,0,50,0
812,0.0008,-1.752e-05,0.01,50,0,50,0
813,0.0,-1.7480000000000002e-05,0.01,50,0,50,0
814,0.0,-1.7440000000000002e-05,0.01,50,0,50,0
815,0.0,-1.7400000000000003e-05,0.01,50,0,50,0
816,0.0,-1.7360000000000003e-05,0.01,50,0,50,0
817,0.0016,-1.7320000000000004e-05,0.01,50,0,50,0
818,0.0008,-1.7280000000000004e-05,0.01,50,0,50,0
819,0.0,-1.7240000000000004e-05,0.01,50,0,50,0
820,0.0,-1.7200000000000005e-05,0.01,50,0,50,0
821,0.0,-1.716e-05,0.01,50,0,50,0
822,0.0,-1.712e-05,0.01,50,0,50,0
823,0.0012000000000000001,-1.708e-05,0.01,50,0,50,0
824,0.0008,-1.704e-05,0.01,50,0,50,0
825,0.0012000000000000001,-1.7e-05,0.01,50,0,50,0
826,-0.0008,-1.696e-05,0.01,50,0,50,0
827,-0.0012000000000000001,-1.692e-05,0.01,50,0,50,0
828,0.0,-1.688e-05,0.01,50,0,50,0
829,-0.0012000000000000001,-1.684e-05,0.01,50,0,50,0
830,0.0,-1.6800000000000002e-05,0.01,50,0,50,0
831,-0.0008,-1.6760000000000002e-05,0.01,50,0,50,0
832,-0.0008,-1.6720000000000003e-05,0.01,50,0,50,0
833,-0.0004,-1.6680000000000003e-05,0.01,50,0,50,0
834,-0.0012000000000000001,-1.6640000000000003e-05,0.01,50,0,50,0
835,0.0008,-1.6600000000000004e-05,0.01,50,0,50,0
836,0.0004,-1.6560000000000004e-05,0.01,50,0,50,0
837,-0.0008,-1.6520000000000004e-05,0.01,50,0,50,0
838,-0.0004,-1.6480000000000005e-05,0.01,50,0,50,0
839,-0.0008,-1.644e-05,0.01,50,0,50,0
840,0.0004,-1.64e-05,0.01,50,0,50,0
841,0.0008,-1.636e-05,0.01,50,0,50,0
842,0.0008,-1.632e-05,0.01,50,0,50,0
843,0.0008,-1.628e-05,0.01,50,0,50,0
844,0.0004,-1.624e-05,0.01,50,0,50,0
845,0.0004,-1.62e-05,0.01,50,0,50,0
846,0.0,-1.616e-05,0.01,50,0,50,0
847,-0.0004,-1.612e-05,0.01,50,0,50,0
848,0.0008,-1.6080000000000002e-05,0.01,50,0,50,0
849,0.0008,-1.6040000000000002e-05,0.01,50,0,50,0
850,0.0004,-1.6000000000000003e-05,0.01,50,0,50,0
851,0.0,-1.5960000000000003e-05,0.01,50,0,50,0
852,0.0004,-1.5920000000000003e-05,0.01,50,0,50,0
853,0.0016,-1.5880000000000004e-05,0.01,50,0,50,0
854,0.0016,-1.5840000000000004e-05,0.01,50,0,50,0
855,0.0012000000000000001,-1.5800000000000005e-05,0.01,50,0,50,0
856,0.0012000000000000001,-1.5760000000000005e-05,0.01,50,0,50,0
857,-0.0008,-1.572e-05,0.01,50,0,50,0
858,-0.0008,-1.568e-05,0.01,50,0,50,0
859,0.0004,-1.564e-05,0.01,50,0,50,0
860,0.0008,-1.56e-05,0.01,50,0,50,0
861,0.0008,-1.556e-05,0.01,50,0,50,0
862,-0.0004,-1.552e-05,0.01,50,0,50,0
863,-0.0004,-1.548e-05,0.01,50,0,50,0
864,0.0004,-1.544e-05,0.01,50,0,50,0
865,0.0,-1.54e-05,0.01,50,0,50,0
866,0.0012000000000000001,-1.5360000000000002e-05,0.01,50,0,50,0
867,0.0004,-1.5320000000000002e-05,0.01,50,0,50,0
868,0.0004,-1.5280000000000003e-05,0.01,50,0,50,0
869,0.0008,-1.5240000000000003e-05,0.01,50,0,50,0
870,0.0004,-1.5200000000000004e-05,0.01,50,0,50,0
871,0.002,-1.5160000000000004e-05,0.01,50,0,50,0
872,0.0008,-1.5120000000000004e-05,0.01,50,0,50,0
873,0.0004,-1.5080000000000005e-05,0.01,50,0,50,0
874,0.002,-1.5039999999999998e-05,0.01,50,0,50,0
875,0.0004,-1.4999999999999999e-05,0.01,50,0,50,0
876,0.0012000000000000001,-1.4959999999999999e-05,0.01,50,0,50,0
877,0.0,-1.492e-05,0.01,50,0,50,0
878,0.0,-1.488e-05,0.01,50,0,50,0
879,0.0008,-1.484e-05,0.01,50,0,50,0
880,0.0,-1.48e-05,0.01,50,0,50,0
881,0.0,-1.4760000000000001e-05,0.01,50,0,50,0
882,-0.0004,-1.4720000000000001e-05,0.01,50,0,50,0
883,-0.0004,-1.4680000000000002e-05,0.01,50,0,50,0
884,0.0012000000000000001,-1.4640000000000002e-05,0.01,50,0,50,0
885,0.0016,-1.4600000000000003e-05,0.01,50,0,50,0
886,0.0008,-1.4560000000000003e-05,0.01,50,0,50,0
887,0.0008,-1.4520000000000003e-05,0.01,50,0,50,0
888,-0.0016,-1.4480000000000004e-05,0.01,50,0,50,0
889,0.0008,-1.4440000000000004e-05,0.01,50,0,50,0
890,-0.0004,-1.4400000000000004e-05,0.01,50,0,50,0
891,0.0008,-1.4360000000000005e-05,0.01,50,0,50,0
892,0.0,-1.4319999999999998e-05,0.01,50,0,50,0
893,-0.0008,-1.4279999999999999e-05,0.01,50,0,50,0
894,0.0,-1.424e-05,0.01,50,0,50,0
895,0.0012000000000000001,-1.42e-05,0.01,50,0,50,0
896,0.0008,-1.416e-05,0.01,50,0,50,0
897,0.0024000000000000002,-1.412e-05,0.01,50,0,50,0
898,0.0,-1.408e-05,0.01,50,0,50,0
899,-0.0004,-1.4040000000000001e-05,0.01,50,0,50,0
900,0.0008,-1.4000000000000001e-05,0.01,50,0,50,0
901,0.0008,-1.3960000000000002e-05,0.01,50,0,50,0
902,0.0012000000000000001,-1.3920000000000002e-05,0.01,50,0,50,0
903,0.0012000000000000001,-1.3880000000000003e-05,0.01,50,0,50,0
904,0.0012000000000000001,-1.3840000000000003e-05,0.01,50,0,50,0
905,0.0024000000000000002,-1.3800000000000003e-05,0.01,50,0,50,0
906,0.0012000000000000001,-1.3760000000000004e-05,0.01,50,0,50,0
907,0.0016,-1.3720000000000004e-05,0.01,50,0,50,0
908,-0.0004,-1.3680000000000005e-05,0.01,50,0,50,0
909,-0.0004,-1.3640000000000005e-05,0.01,50,0,50,0
910,0.0004,-1.3599999999999999e-05,0.01,50,0,50,0
911,0.0004,-1.3559999999999999e-05,0.01,50,0,50,0
912,-0.0004,-1.352e-05,0.01,50,0,50,0
913,0.0,-1.348e-05,0.01,50,0,50,0
914,0.0004,-1.344e-05,0.01,50,0,50,0
915,0.0032,-1.34e-05,0.01,50,0,50,0
916,0.0004,-1.336e-05,0.01,50,0,50,0
917,0.0012000000000000001,-1.3320000000000001e-05,0.01,50,0,50,0
918,0.0012000000000000001,-1.3280000000000002e-05,0.01,50,0,50,0
919,-0.0004,-1.3240000000000002e-05,0.01,50,0,50,0
920,0.0012000000000000001,-1.3200000000000002e-05,0.01,50,0,50,0
921,0.002,-1.3160000000000003e-05,0.01,50,0,50,0
922,0.0008,-1.3120000000000003e-05,0.01,50,0,50,0
923,0.0012000000000000001,-1.3080000000000004e-05,0.01,50,0,50,0
924,0.0,-1.3040000000000004e-05,0.01,50,0,50,0
925,0.0004,-1.3000000000000004e-05,0.01,50,0,50,0
926,0.0008,-1.2960000000000005e-05,0.01,50,0,50,0
927,0.0012000000000000001,-1.2919999999999998e-05,0.01,50,0,50,0
928,0.0024000000000000002,-1.2879999999999999e-05,0.01,50,0,50,0
929,0.0012000000000000001,-1.2839999999999999e-05,0.01,50,0,50,0
930,0.0004,-1.28e-05,0.01,50,0,50,0
931,0.0016,-1.276e-05,0.01,50,0,50,0
932,0.0012000000000000001,-1.272e-05,0.01,50,0,50,0
933,0.0016,-1.268e-05,0.01,50,0,50,0
934,0.0008,-1.2640000000000001e-05,0.01,50,0,50,0
935,0.0008,-1.2600000000000001e-05,0.01,50,0,50,0
936,0.0012000000000000001,-1.2560000000000002e-05,0.01,50,0,50,0
937,0.0004,-1.2520000000000002e-05,0.01,50,0,50,0
938,0.0004,-1.2480000000000002e-05,0.01,50,0,50,0
939,0.0004,-1.2440000000000003e-05,0.01,50,0,50,0
940,-0.0004,-1.2400000000000003e-05,0.01,50,0,50,0
941,0.0004,-1.2360000000000004e-05,0.01,50,0,50,0
942,-0.0004,-1.2320000000000004e-05,0.01,50,0,50,0
943,-0.0008,-1.2280000000000004e-05,0.01,50,0,50,0
944,0.0004,-1.2240000000000005e-05,0.01,50,0,50,0
945,0.0008,-1.2199999999999998e-05,0.01,50,0,50,0
946,0.0016,-1.2159999999999999e-05,0.01,50,0,50,0
947,0.0008,-1.212e-05,0.01,50,0,50,0
948,0.0008,-1.208e-05,0.01,50,0,50,0
949,0.0004,-1.204e-05,0.01,50,0,50,0
950,0.0008,-1.2e-05,0.01,50,0,50,0
951,0.002,-1.196e-05,0.01,50,0,50,0
952,0.0012000000000000001,-1.1920000000000001e-05,0.01,50,0,50,0
953,0.002,-1.1880000000000001e-05,0.01,50,0,50,0
954,0.0012000000000000001,-1.1840000000000002e-05,0.01,50,0,50,0
955,-0.0004,-1.1800000000000002e-05,0.01,50,0,50,0
956,0.0012000000000000001,-1.1760000000000003e-05,0.01,50,0,50,0
957,0.0012000000000000001,-1.1720000000000003e-05,0.01,50,0,50,0
958,0.0012000000000000001,-1.1680000000000003e-05,0.01,50,0,50,0
959,0.0008,-1.1640000000000004e-05,0.01,50,0,50,0
960,0.0008,-1.1600000000000004e-05,0.01,50,0,50,0
961,0.0012000000000000001,-1.1560000000000005e-05,0.01,50,0,50,0
962,0.0012000000000000001,-1.1520000000000005e-05,0.01,50,0,50,0
963,0.0004,-1.1479999999999999e-05,0.01,50,0,50,0
964,0.0012000000000000001,-1.1439999999999999e-05,0.01,50,0,50,0
965,0.0004,-1.14e-05,0.01,50,0,50,0
966,0.0004,-1.136e-05,0.01,50,0,50,0
967,0.0,-1.132e-05,0.01,50,0,50,0
968,-0.0008,-1.128e-05,0.01,50,0,50,0
969,0.0,-1.124e-05,0.01,50,0,50,0
970,0.0,-1.1200000000000001e-05,0.01,50,0,50,0
971,0.0008,-1.1160000000000002e-05,0.01,50,0,50,0
972,0.0008,-1.1120000000000002e-05,0.01,50,0,50,0
973,-0.0008,-1.1080000000000002e-05,0.01,50,0,50,0
974,0.0004,-1.1040000000000003e-05,0.01,50,0,50,0
975,0.0004,-1.1000000000000003e-05,0.01,50,0,50,0
976,0.0004,-1.0960000000000003e-05,0.01,50,0,50,0
977,0.0012000000000000001,-1.0920000000000004e-05,0.01,50,0,50,0
978,0.0012000000000000001,-1.0880000000000004e-05,0.01,50,0,50,0
979,0.0008,-1.0840000000000005e-05,0.01,50,0,50,0
980,-0.0004,-1.0799999999999998e-05,0.01,50,0,50,0
981,0.0004,-1.0759999999999999e-05,0.01,50,0,50,0
982,0.0012000000000000001,-1.0719999999999999e-05,0.01,50,0,50,0
983,0.0016,-1.068e-05,0.01,50,0,50,0
984,0.0008,-1.064e-05,0.01,50,0,50,0
985,0.0008,-1.06e-05,0.01,50,0,50,0
986,-0.0012000000000000001,-1.056e-05,0.01,50,0,50,0
987,0.0012000000000000001,-1.0520000000000001e-05,0.01,50,0,50,0
988,0.0012000000000000001,-1.0480000000000001e-05,0.01,50,0,50,0
989,0.0008,-1.0440000000000002e-05,0.01,50,0,50,0
990,0.0012000000000000001,-1.0400000000000002e-05,0.01,50,0,50,0
991,-0.0004,-1.0360000000000002e-05,0.01,50,0,50,0
992,0.0004,-1.0320000000000003e-05,0.01,50,0,50,0
993,0.0008,-1.0280000000000003e-05,0.01,50,0,50,0
994,0.0008,-1.0240000000000004e-05,0.01,50,0,50,0
995,0.0008,-1.0200000000000004e-05,0.01,50,0,50,0
996,0.0004,-1.0160000000000004e-05,0.01,50,0,50,0
997,-0.0004,-1.0120000000000005e-05,0.01,50,0,50,0
998,0.0,-1.0079999999999998e-05,0.01,50,0,50,0
999,-0.0004,-1.0039999999999999e-05,0.01,50,0,50,0
1000,0.0008,-9.999999999999999e-06,0.01,50,0,50,0
1001,0.0,-9.96e-06,0.01,50,0,50,0
1002,0.0,-9.92e-06,0.01,50,0,50,0
1003,0.0004,-9.88e-06,0.01,50,0,50,0
1004,0.0004,-9.84e-06,0.01,50,0,50,0
1005,0.0008,-9.800000000000001e-06,0.01,50,0,50,0
1006,0.0004,-9.760000000000001e-06,0.01,50,0,50,0
1007,0.0012000000000000001,-9.720000000000002e-06,0.01,50,0,50,0
1008,0.0012000000000000001,-9.680000000000002e-06,0.01,50,0,50,0
1009,-0.0008,-9.640000000000003e-06,0.01,50,0,50,0
1010,0.0008,-9.600000000000003e-06,0.01,50,0,50,0
1011,0.0008,-9.560000000000003e-06,0.01,50,0,50,0
1012,0.0008,-9.520000000000004e-06,0.01,50,0,50,0
1013,0.0012000000000000001,-9.480000000000004e-06,0.01,50,0,50,0
1014,0.0008,-9.440000000000004e-06,0.01,50,0,50,0
1015,0.0008,-9.400000000000005e-06,0.01,50,0,50,0
1016,0.0,-9.359999999999998e-06,0.01,50,0,50,0
1017,0.0004,-9.319999999999999e-06,0.01,50,0,50,0
1018,0.0012000000000000001,-9.28e-06,0.01,50,0,50,0
1019,0.0008,-9.24e-06,0.01,50,0,50,0
1020,0.0008,-9.2e-06,0.01,50,0,50,0
1021,0.0004,-9.16e-06,0.01,50,0,50,0
1022,-0.0008,-9.12e-06,0.01,50,0,50,0
1023,0.0008,-9.080000000000001e-06,0.01,50,0,50,0
1024,0.0012000000000000001,-9.040000000000002e-06,0.01,50,0,50,0
1025,0.0008,-9.000000000000002e-06,0.01,50,0,50,0
1026,0.0004,-8.960000000000002e-06,0.01,50,0,50,0
1027,-0.0008,-8.920000000000003e-06,0.01,50,0,50,0
1028,0.0,-8.880000000000003e-06,0.01,50,0,50,0
1029,0.0,-8.840000000000003e-06,0.01,50,0,50,0
1030,-0.0004,-8.800000000000004e-06,0.01,50,0,50,0
1031,0.0004,-8.760000000000004e-06,0.01,50,0,50,0
1032,-0.0004,-8.720000000000005e-06,0.01,50,0,50,0
1033,0.0016,-8.679999999999998e-06,0.01,50,0,50,0
1034,0.0004,-8.639999999999999e-06,0.01,50,0,50,0
1035,-0.0004,-8.599999999999999e-06,0.01,50,0,50,0
1036,0.0,-8.56e-06,0.01,50,0,50,0
1037,0.0,-8.52e-06,0.01,50,0,50,0
1038,0.0016,-8.48e-06,0.01,50,0,50,0
1039,0.0008,-8.44e-06,0.01,50,0,50,0
1040,-0.0004,-8.400000000000001e-06,0.01,50,0,50,0
1041,0.0,-8.360000000000001e-06,0.01,50,0,50,0
1042,0.0,-8.320000000000002e-06,0.01,50,0,50,0
1043,0.0008,-8.280000000000002e-06,0.01,50,0,50,0
1044,0.0016,-8.240000000000002e-06,0.01,50,0,50,0
1045,-0.0004,-8.200000000000003e-06,0.01,50,0,50,0
1046,-0.0004,-8.160000000000003e-06,0.01,50,0,50,0
1047,0.0,-8.120000000000004e-06,0.01,50,0,50,0
1048,-0.0004,-8.080000000000004e-06,0.01,50,0,50,0
1049,0.0016,-8.040000000000004e-06,0.01,50,0,50,0
1050,0.0008,-8.000000000000005e-06,0.01,50,0,50,0
1051,0.0008,-7.959999999999998e-06,0.01,50,0,50,0
1052,0.0004,-7.919999999999999e-06,0.01,50,0,50,0
1053,0.0,-7.879999999999999e-06,0.01,50,0,50,0
1054,0.0012000000000000001,-7.84e-06,0.01,50,0,50,0
1055,0.0008,-7.8e-06,0.01,50,0,50,0
1056,0.0004,-7.76e-06,0.01,50,0,50,0
1057,0.0004,-7.72e-06,0.01,50,0,50,0
1058,-0.0004,-7.680000000000001e-06,0.01,50,0,50,0
1059,0.0008,-7.640000000000001e-06,0.01,50,0,50,0
1060,0.0004,-7.600000000000002e-06,0.01,50,0,50,0
1061,-0.0004,-7.560000000000002e-06,0.01,50,0,50,0
1062,0.0012000000000000001,-7.5200000000000025e-06,0.01,50,0,50,0
1063,0.0012000000000000001,-7.480000000000003e-06,0.01,50,0,50,0
1064,0.0012000000000000001,-7.440000000000003e-06,0.01,50,0,50,0
1065,0.0004,-7.400000000000004e-06,0.01,50,0,50,0
1066,0.0004,-7.360000000000004e-06,0.01,50,0,50,0
1067,0.0004,-7.3200000000000045e-06,0.01,50,0,50,0
1068,0.0012000000000000001,-7.280000000000005e-06,0.01,50,0,50,0
1069,-0.0004,-7.2399999999999984e-06,0.01,50,0,50,0
1070,0.0012000000000000001,-7.199999999999999e-06,0.01,50,0,50,0
1071,0.0,-7.159999999999999e-06,0.01,50,0,50,0
1072,0.0008,-7.12e-06,0.01,50,0,50,0
1073,0.0004,-7.08e-06,0.01,50,0,50,0
1074,0.0016,-7.04e-06,0.01,50,0,50,0
1075,0.0012000000000000001,-7.000000000000001e-06,0.01,50,0,50,0
1076,-0.0008,-6.960000000000001e-06,0.01,50,0,50,0
1077,0.0,-6.9200000000000015e-06,0.01,50,0,50,0
1078,-0.0004,-6.880000000000002e-06,0.01,50,0,50,0
1079,0.0,-6.840000000000002e-06,0.01,50,0,50,0
1080,0.0012000000000000001,-6.800000000000003e-06,0.01,50,0,50,0
1081,-0.0004,-6.760000000000003e-06,0.01,50,0,50,0
1082,0.0008,-6.720000000000003e-06,0.01,50,0,50,0
1083,0.0008,-6.680000000000004e-06,0.01,50,0,50,0
1084,0.0,-6.640000000000004e-06,0.01,50,0,50,0
1085,0.0008,-6.6000000000000046e-06,0.01,50,0,50,0
1086,0.0004,-6.559999999999998e-06,0.01,50,0,50,0
1087,0.0008,-6.5199999999999986e-06,0.01,50,0,50,0
1088,-0.0004,-6.479999999999999e-06,0.01,50,0,50,0
1089,-0.0008,-6.439999999999999e-06,0.01,50,0,50,0
1090,0.0016,-6.4e-06,0.01,50,0,50,0
1091,0.0008,-6.36e-06,0.01,50,0,50,0
1092,0.0008,-6.3200000000000005e-06,0.01,50,0,50,0
1093,0.0016,-6.280000000000001e-06,0.01,50,0,50,0
1094,0.0004,-6.240000000000001e-06,0.01,50,0,50,0
1095,0.0012000000000000001,-6.200000000000002e-06,0.01,50,0,50,0
1096,0.0008,-6.160000000000002e-06,0.01,50,0,50,0
1097,0.0008,-6.120000000000002e-06,0.01,50,0,50,0
1098,0.0012000000000000001,-6.080000000000003e-06,0.01,50,0,50,0
1099,0.0012000000000000001,-6.040000000000003e-06,0.01,50,0,50,0
1100,0.0008,-6.0000000000000035e-06,0.01,50,0,50,0
1101,0.0004,-5.960000000000004e-06,0.01,50,0,50,0
1102,-0.0004,-5.920000000000004e-06,0.01,50,0,50,0
1103,0.0008,-5.880000000000005e-06,0.01,50,0,50,0
1104,0.0,-5.839999999999998e-06,0.01,50,0,50,0
1105,0.0012000000000000001,-5.799999999999999e-06,0.01,50,0,50,0
1106,0.0004,-5.759999999999999e-06,0.01,50,0,50,0
1107,-0.0004,-5.7199999999999994e-06,0.01,50,0,50,0
1108,0.0,-5.68e-06,0.01,50,0,50,0
1109,0.0004,-5.64e-06,0.01,50,0,50,0
1110,0.0004,-5.600000000000001e-06,0.01,50,0,50,0
1111,0.0012000000000000001,-5.560000000000001e-06,0.01,50,0,50,0
1112,0.0,-5.520000000000001e-06,0.01,50,0,50,0
1113,0.0012000000000000001,-5.480000000000002e-06,0.01,50,0,50,0
1114,0.0012000000000000001,-5.440000000000002e-06,0.01,50,0,50,0
1115,0.0012000000000000001,-5.4000000000000025e-06,0.01,50,0,50,0
1116,0.0032,-5.360000000000003e-06,0.01,50,0,50,0
1117,0.0004,-5.320000000000003e-06,0.01,50,0,50,0
1118,0.0,-5.280000000000004e-06,0.01,50,0,50,0
1119,0.0004,-5.240000000000004e-06,0.01,50,0,50,0
1120,0.0008,-5.200000000000004e-06,0.01,50,0,50,0
1121,0.0024000000000000002,-5.160000000000005e-06,0.01,50,0,50,0
1122,0.002,-5.119999999999998e-06,0.01,50,0,50,0
1123,0.0016,-5.079999999999999e-06,0.01,50,0,50,0
1124,0.0012000000000000001,-5.039999999999999e-06,0.01,50,0,50,0
1125,0.0012000000000000001,-4.9999999999999996e-06,0.01,50,0,50,0
1126,0.0008,-4.96e-06,0.01,50,0,50,0
1127,0.0008,-4.92e-06,0.01,50,0,50,0
1128,0.0,-4.880000000000001e-06,0.01,50,0,50,0
1129,0.0004,-4.840000000000001e-06,0.01,50,0,50,0
1130,0.0004,-4.8000000000000015e-06,0.01,50,0,50,0
1131,0.0004,-4.760000000000002e-06,0.01,50,0,50,0
1132,0.0004,-4.720000000000002e-06,0.01,50,0,50,0
1133,-0.0004,-4.680000000000003e-06,0.01,50,0,50,0
1134,0.0012000000000000001,-4.640000000000003e-06,0.01,50,0,50,0
1135,0.0,-4.600000000000003e-06,0.01,50,0,50,0
1136,0.0008,-4.560000000000004e-06,0.01,50,0,50,0
1137,0.0008,-4.520000000000004e-06,0.01,50,0,50,0
1138,-0.0004,-4.4800000000000045e-06,0.01,50,0,50,0
1139,0.0008,-4.439999999999998e-06,0.01,50,0,50,0
1140,0.0008,-4.3999999999999985e-06,0.01,50,0,50,0
1141,0.0004,-4.359999999999999e-06,0.01,50,0,50,0
1142,0.0008,-4.319999999999999e-06,0.01,50,0,50,0
1143,-0.0004,-4.28e-06,0.01,50,0,50,0
1144,-0.0004,-4.24e-06,0.01,50,0,50,0
1145,0.0004,-4.2000000000000004e-06,0.01,50,0,50,0
1146,0.0016,-4.160000000000001e-06,0.01,50,0,50,0
1147,0.0012000000000000001,-4.120000000000001e-06,0.01,50,0,50,0
1148,-0.0004,-4.080000000000002e-06,0.01,50,0,50,0
1149,-0.0004,-4.040000000000002e-06,0.01,50,0,50,0
1150,0.0,-4.000000000000002e-06,0.01,50,0,50,0
1151,0.0004,-3.960000000000003e-06,0.01,50,0,50,0
1152,0.0016,-3.920000000000003e-06,0.01,50,0,50,0
1153,0.0004,-3.8800000000000035e-06,0.01,50,0,50,0
1154,0.0004,-3.840000000000004e-06,0.01,50,0,50,0
1155,0.0008,-3.8000000000000043e-06,0.01,50,0,50,0
1156,0.0004,-3.7600000000000047e-06,0.01,50,0,50,0
1157,0.0008,-3.7199999999999983e-06,0.01,50,0,50,0
1158,0.0004,-3.6799999999999986e-06,0.01,50,0,50,0
1159,0.0,-3.639999999999999e-06,0.01,50,0,50,0
1160,0.0004,-3.5999999999999994e-06,0.01,50,0,50,0
1161,0.0,-3.56e-06,0.01,50,0,50,0
1162,0.0,-3.52e-06,0.01,50,0,50,0
1163,0.0,-3.4800000000000006e-06,0.01,50,0,50,0
1164,-0.0004,-3.440000000000001e-06,0.01,50,0,50,0
1165,0.0008,-3.4000000000000013e-06,0.01,50,0,50,0
1166,-0.0004,-3.3600000000000017e-06,0.01,50,0,50,0
1167,-0.0008,-3.320000000000002e-06,0.01,50,0,50,0
1168,-0.0004,-3.2800000000000025e-06,0.01,50,0,50,0
1169,-0.0004,-3.240000000000003e-06,0.01,50,0,50,0
1170,0.002,-3.2000000000000032e-06,0.01,50,0,50,0
1171,0.0016,-3.1600000000000036e-06,0.01,50,0,50,0
1172,0.002,-3.120000000000004e-06,0.01,50,0,50,0
1173,0.0,-3.0800000000000044e-06,0.01,50,0,50,0
1174,-0.0008,-3.0400000000000048e-06,0.01,50,0,50,0
1175,0.0008,-2.9999999999999984e-06,0.01,50,0,50,0
1176,0.0004,-2.9599999999999988e-06,0.01,50,0,50,0
1177,0.0,-2.919999999999999e-06,0.01,50,0,50,0
1178,0.0004,-2.8799999999999995e-06,0.01,50,0,50,0
1179,-0.0004,-2.84e-06,0.01,50,0,50,0
1180,-0.0004,-2.8000000000000003e-06,0.01,50,0,50,0
1181,0.0008,-2.7600000000000007e-06,0.01,50,0,50,0
1182,0.0004,-2.720000000000001e-06,0.01,50,0,50,0
1183,0.0012000000000000001,-2.6800000000000014e-06,0.01,50,0,50,0
1184,-0.0004,-2.640000000000002e-06,0.01,50,0,50,0
1185,0.0,-2.600000000000002e-06,0.01,50,0,50,0
1186,0.0008,-2.5600000000000026e-06,0.01,50,0,50,0
1187,-0.0004,-2.520000000000003e-06,0.01,50,0,50,0
1188,0.0,-2.4800000000000034e-06,0.01,50,0,50,0
1189,-0.0008,-2.4400000000000037e-06,0.01,50,0,50,0
1190,-0.0008,-2.400000000000004e-06,0.01,50,0,50,0
1191,0.0008,-2.3600000000000045e-06,0.01,50,0,50,0
1192,-0.0008,-2.319999999999998e-06,0.01,50,0,50,0
1193,0.0,-2.2799999999999985e-06,0.01,50,0,50,0
1194,0.0004,-2.239999999999999e-06,0.01,50,0,50,0
1195,0.0004,-2.1999999999999993e-06,0.01,50,0,50,0
1196,0.0004,-2.1599999999999996e-06,0.01,50,0,50,0
1197,-0.0004,-2.12e-06,0.01,50,0,50,0
1198,0.0,-2.0800000000000004e-06,0.01,50,0,50,0
1199,0.0,-2.040000000000001e-06,0.01,50,0,50,0
1200,0.0004,-2.000000000000001e-06,0.01,50,0,50,0
1201,0.002,-1.9600000000000016e-06,0.01,50,0,50,0
1202,0.0016,-1.920000000000002e-06,0.01,50,0,50,0
1203,0.0008,-1.8800000000000023e-06,0.01,50,0,50,0
1204,0.0,-1.8400000000000027e-06,0.01,50,0,50,0
1205,0.0,-1.800000000000003e-06,0.01,50,0,50,0
1206,0.0016,-1.7600000000000035e-06,0.01,50,0,50,0
1207,0.0004,-1.7200000000000039e-06,0.01,50,0,50,0
1208,0.0004,-1.6800000000000042e-06,0.01,50,0,50,0
1209,0.0008,-1.6400000000000046e-06,0.01,50,0,50,0
1210,-0.0012000000000000001,-1.5999999999999982e-06,0.01,50,0,50,0
1211,-0.0004,-1.5599999999999986e-06,0.01,50,0,50,0
1212,0.0008,-1.519999999999999e-06,0.01,50,0,50,0
1213,0.0004,-1.4799999999999994e-06,0.01,50,0,50,0
1214,0.0016,-1.4399999999999998e-06,0.01,50,0,50,0
1215,0.0004,-1.4000000000000001e-06,0.01,50,0,50,0
1216,-0.0004,-1.3600000000000005e-06,0.01,50,0,50,0
1217,-0.0004,-1.320000000000001e-06,0.01,50,0,50,0
1218,-0.0004,-1.2800000000000013e-06,0.01,50,0,50,0
1219,0.0008,-1.2400000000000017e-06,0.01,50,0,50,0
1220,0.0,-1.200000000000002e-06,0.01,50,0,50,0
1221,-0.0004,-1.1600000000000024e-06,0.01,50,0,50,0
1222,-0.0008,-1.1200000000000028e-06,0.01,50,0,50,0
1223,-0.0008,-1.0800000000000032e-06,0.01,50,0,50,0
1224,0.0004,-1.0400000000000036e-06,0.01,50,0,50,0
1225,0.0004,-1.000000000000004e-06,0.01,50,0,50,0
1226,0.0004,-9.600000000000044e-07,0.01,50,0,50,0
1227,0.0004,-9.200000000000047e-07,0.01,50,0,50,0
1228,-0.0008,-8.799999999999984e-07,0.01,50,0,50,0
1229,0.0012000000000000001,-8.399999999999987e-07,0.01,50,0,50,0
1230,0.0,-7.999999999999991e-07,0.01,50,0,50,0
1231,0.0008,-7.599999999999995e-07,0.01,50,0,50,0
1232,0.0016,-7.199999999999999e-07,0.01,50,0,50,0
1233,0.0016,-6.800000000000003e-07,0.01,50,0,50,0
1234,0.0008,-6.400000000000006e-07,0.01,50,0,50,0
1235,0.0,-6.00000000000001e-07,0.01,50,0,50,0
1236,0.0,-5.600000000000014e-07,0.01,50,0,50,0
1237,0.0012000000000000001,-5.200000000000018e-07,0.01,50,0,50,0
1238,0.0012000000000000001,-4.800000000000022e-07,0.01,50,0,50,0
1239,0.0008,-4.4000000000000256e-07,0.01,50,0,50,0
1240,0.0004,-4.0000000000000295e-07,0.01,50,0,50,0
1241,-0.0012000000000000001,-3.6000000000000333e-07,0.01,50,0,50,0
1242,0.0,-3.200000000000037e-07,0.01,50,0,50,0
1243,0.0012000000000000001,-2.800000000000041e-07,0.01,50,0,50,0
1244,0.0008,-2.400000000000045e-07,0.01,50,0,50,0
1245,0.0008,-1.9999999999999809e-07,0.01,50,0,50,0
1246,-0.0008,-1.5999999999999847e-07,0.01,50,0,50,0
1247,-0.0016,-1.1999999999999885e-07,0.01,50,0,50,0
1248,0.0,-7.999999999999923e-08,0.01,50,0,50,0
1249,-0.0004,-3.999999999999962e-08,0.01,50,0,50,0
1250,0.0016,0.0,0.01,50,0,50,0
1251,-0.0004,3.999999999999962e-08,0.01,50,0,50,0
1252,-0.0012000000000000001,7.999999999999923e-08,0.01,50,0,50,0
1253,0.0,1.1999999999999885e-07,0.01,50,0,50,0
1254,-0.0004,1.5999999999999847e-07,0.01,50,0,50,0
1255,0.0016,1.9999999999999809e-07,0.01,50,0,50,0
1256,-0.0012000000000000001,2.399999999999977e-07,0.01,50,0,50,0
1257,0.0004,2.799999999999973e-07,0.01,50,0,50,0
1258,0.0004,3.1999999999999694e-07,0.01,50,0,50,0
1259,0.0004,3.5999999999999655e-07,0.01,50,0,50,0
1260,0.0008,3.9999999999999617e-07,0.01,50,0,50,0
1261,0.0004,4.399999999999958e-07,0.01,50,0,50,0
1262,0.0012000000000000001,4.799999999999954e-07,0.01,50,0,50,0
1263,0.0016,5.200000000000018e-07,0.01,50,0,50,0
1264,0.0008,5.600000000000014e-07,0.01,50,0,50,0
1265,-0.0004,6.00000000000001e-07,0.01,50,0,50,0
1266,0.0,6.400000000000006e-07,0.01,50,0,50,0
1267,0.0008,6.800000000000003e-07,0.01,50,0,50,0
1268,0.0016,7.199999999999999e-07,0.01,50,0,50,0
1269,0.0008,7.599999999999995e-07,0.01,50,0,50,0
1270,0.0,7.999999999999991e-07,0.01,50,0,50,0
1271,0.0008,8.399999999999987e-07,0.01,50,0,50,0
1272,-0.0004,8.799999999999984e-07,0.01,50,0,50,0
1273,0.0012000000000000001,9.19999999999998e-07,0.01,50,0,50,0
1274,0.0016,9.599999999999976e-07,0.01,50,0,50,0
1275,0.0008,9.999999999999972e-07,0.01,50,0,50,0
1276,0.0008,1.0399999999999968e-06,0.01,50,0,50,0
1277,-0.0012000000000000001,1.0799999999999964e-06,0.01,50,0,50,0
1278,-0.0004,1.119999999999996e-06,0.01,50,0,50,0
1279,0.0004,1.1599999999999957e-06,0.01,50,0,50,0
1280,0.0,1.1999999999999953e-06,0.01,50,0,50,0
1281,0.0008,1.2400000000000017e-06,0.01,50,0,50,0
1282,-0.0004,1.2800000000000013e-06,0.01,50,0,50,0
1283,0.0004,1.320000000000001e-06,0.01,50,0,50,0
1284,0.0,1.3600000000000005e-06,0.01,50,0,50,0
1285,0.0008,1.4000000000000001e-06,0.01,50,0,50,0
1286,0.0012000000000000001,1.4399999999999998e-06,0.01,50,0,50,0
1287,0.0004,1.4799999999999994e-06,0.01,50,0,50,0
1288,0.0004,1.519999999999999e-06,0.01,50,0,50,0
1289,0.0012000000000000001,1.5599999999999986e-06,0.01,50,0,50,0
1290,0.0,1.5999999999999982e-06,0.01,50,0,50,0
1291,0.0016,1.6399999999999979e-06,0.01,50,0,50,0
1292,0.0004,1.6799999999999975e-06,0.01,50,0,50,0
1293,0.0012000000000000001,1.719999999999997e-06,0.01,50,0,50,0
1294,0.0012000000000000001,1.7599999999999967e-06,0.01,50,0,50,0
1295,0.0,1.7999999999999963e-06,0.01,50,0,50,0
1296,-0.0008,1.839999999999996e-06,0.01,50,0,50,0
1297,-0.0012000000000000001,1.8799999999999956e-06,0.01,50,0,50,0
1298,0.0004,1.920000000000002e-06,0.01,50,0,50,0
1299,0.0016,1.9600000000000016e-06,0.01,50,0,50,0
1300,0.0,2.000000000000001e-06,0.01,50,0,50,0
1301,0.0004,2.040000000000001e-06,0.01,50,0,50,0
1302,0.0,2.0800000000000004e-06,0.01,50,0,50,0
1303,0.0,2.12e-06,0.01,50,0,50,0
1304,0.0012000000000000001,2.1599999999999996e-06,0.01,50,0,50,0
1305,0.0012000000000000001,2.1999999999999993e-06,0.01,50,0,50,0
1306,0.0008,2.239999999999999e-06,0.01,50,0,50,0
1307,0.0008,2.2799999999999985e-06,0.01,50,0,50,0
1308,-0.0008,2.319999999999998e-06,0.01,50,0,50,0
1309,0.0008,2.3599999999999977e-06,0.01,50,0,50,0
1310,0.0004,2.3999999999999974e-06,0.01,50,0,50,0
1311,0.0012000000000000001,2.439999999999997e-06,0.01,50,0,50,0
1312,0.0012000000000000001,2.4799999999999966e-06,0.01,50,0,50,0
1313,0.0,2.519999999999996e-06,0.01,50,0,50,0
1314,0.0004,2.559999999999996e-06,0.01,50,0,50,0
1315,0.0016,2.5999999999999954e-06,0.01,50,0,50,0
1316,0.0008,2.640000000000002e-06,0.01,50,0,50,0
1317,0.0016,2.6800000000000014e-06,0.01,50,0,50,0
1318,0.0008,2.720000000000001e-06,0.01,50,0,50,0
1319,0.0008,2.7600000000000007e-06,0.01,50,0,50,0
1320,0.0016,2.8000000000000003e-06,0.01,50,0,50,0
1321,0.0008,2.84e-06,0.01,50,0,50,0
1322,0.0016,2.8799999999999995e-06,0.01,50,0,50,0
1323,0.0004,2.919999999999999e-06,0.01,50,0,50,0
1324,0.0,2.9599999999999988e-06,0.01,50,0,50,0
1325,0.0004,2.9999999999999984e-06,0.01,50,0,50,0
1326,-0.0004,3.039999999999998e-06,0.01,50,0,50,0
1327,0.0004,3.0799999999999976e-06,0.01,50,0,50,0
1328,-0.0004,3.1199999999999972e-06,0.01,50,0,50,0
1329,0.0,3.159999999999997e-06,0.01,50,0,50,0
1330,0.0016,3.1999999999999965e-06,0.01,50,0,50,0
1331,0.0004,3.239999999999996e-06,0.01,50,0,50,0
1332,0.0012000000000000001,3.2799999999999957e-06,0.01,50,0,50,0
1333,0.0008,3.320000000000002e-06,0.01,50,0,50,0
1334,0.0,3.3600000000000017e-06,0.01,50,0,50,0
1335,0.0008,3.4000000000000013e-06,0.01,50,0,50,0
1336,0.0,3.440000000000001e-06,0.01,50,0,50,0
1337,0.0,3.4800000000000006e-06,0.01,50,0,50,0
1338,0.0004,3.52e-06,0.01,50,0,50,0
1339,0.0,3.56e-06,0.01,50,0,50,0
1340,0.0004,3.5999999999999994e-06,0.01,50,0,50,0
1341,0.0012000000000000001,3.639999999999999e-06,0.01,50,0,50,0
1342,0.0008,3.6799999999999986e-06,0.01,50,0,50,0
1343,0.0012000000000000001,3.7199999999999983e-06,0.01,50,0,50,0
1344,0.0,3.759999999999998e-06,0.01,50,0,50,0
1345,0.0004,3.7999999999999975e-06,0.01,50,0,50,0
1346,0.002,3.839999999999997e-06,0.01,50,0,50,0
1347,0.0012000000000000001,3.879999999999997e-06,0.01,50,0,50,0
1348,0.0008,3.919999999999996e-06,0.01,50,0,50,0
1349,0.0004,3.959999999999996e-06,0.01,50,0,50,0
1350,0.0004,3.999999999999996e-06,0.01,50,0,50,0
1351,0.0016,4.040000000000002e-06,0.01,50,0,50,0
1352,0.0008,4.080000000000002e-06,0.01,50,0,50,0
1353,0.0012000000000000001,4.120000000000001e-06,0.01,50,0,50,0
1354,0.0004,4.160000000000001e-06,0.01,50,0,50,0
1355,0.0,4.2000000000000004e-06,0.01,50,0,50,0
1356,0.0,4.24e-06,0.01,50,0,50,0
1357,-0.0008,4.28e-06,0.01,50,0,50,0
1358,0.0,4.319999999999999e-06,0.01,50,0,50,0
1359,0.0,4.359999999999999e-06,0.01,50,0,50,0
1360,0.0,4.3999999999999985e-06,0.01,50,0,50,0
1361,0.0016,4.439999999999998e-06,0.01,50,0,50,0
1362,0.0004,4.479999999999998e-06,0.01,50,0,50,0
1363,0.0012000000000000001,4.519999999999997e-06,0.01,50,0,50,0
1364,-0.0004,4.559999999999997e-06,0.01,50,0,50,0
1365,0.0012000000000000001,4.599999999999997e-06,0.01,50,0,50,0
1366,0.0012000000000000001,4.639999999999996e-06,0.01,50,0,50,0
1367,0.0004,4.679999999999996e-06,0.01,50,0,50,0
1368,0.0,4.7199999999999955e-06,0.01,50,0,50,0
1369,0.0,4.760000000000002e-06,0.01,50,0,50,0
1370,0.0004,4.8000000000000015e-06,0.01,50,0,50,0
1371,0.002,4.840000000000001e-06,0.01,50,0,50,0
1372,0.0004,4.880000000000001e-06,0.01,50,0,50,0
1373,0.0008,4.92e-06,0.01,50,0,50,0
1374,0.0012000000000000001,4.96e-06,0.01,50,0,50,0
1375,0.0,4.9999999999999996e-06,0.01,50,0,50,0
1376,0.0012000000000000001,5.039999999999999e-06,0.01,50,0,50,0
1377,0.0008,5.079999999999999e-06,0.01,50,0,50,0
1378,0.002,5.119999999999998e-06,0.01,50,0,50,0
1379,0.0008,5.159999999999998e-06,0.01,50,0,50,0
1380,0.0004,5.199999999999998e-06,0.01,50,0,50,0
1381,0.0008,5.239999999999997e-06,0.01,50,0,50,0
1382,0.0008,5.279999999999997e-06,0.01,50,0,50,0
1383,0.0008,5.3199999999999965e-06,0.01,50,0,50,0
1384,0.0008,5.359999999999996e-06,0.01,50,0,50,0
1385,-0.0008,5.399999999999996e-06,0.01,50,0,50,0
1386,0.0004,5.440000000000002e-06,0.01,50,0,50,0
1387,0.0004,5.480000000000002e-06,0.01,50,0,50,0
1388,-0.0004,5.520000000000001e-06,0.01,50,0,50,0
1389,0.0012000000000000001,5.560000000000001e-06,0.01,50,0,50,0
1390,0.0,5.600000000000001e-06,0.01,50,0,50,0
1391,0.0008,5.64e-06,0.01,50,0,50,0
1392,0.0012000000000000001,5.68e-06,0.01,50,0,50,0
1393,0.0,5.7199999999999994e-06,0.01,50,0,50,0
1394,0.0004,5.759999999999999e-06,0.01,50,0,50,0
1395,0.0004,5.799999999999999e-06,0.01,50,0,50,0
1396,0.0008,5.839999999999998e-06,0.01,50,0,50,0
1397,0.0008,5.879999999999998e-06,0.01,50,0,50,0
1398,-0.0008,5.9199999999999975e-06,0.01,50,0,50,0
1399,0.0,5.959999999999997e-06,0.01,50,0,50,0
1400,0.0,5.999999999999997e-06,0.01,50,0,50,0
1401,0.0004,6.039999999999996e-06,0.01,50,0,50,0
1402,0.0012000000000000001,6.079999999999996e-06,0.01,50,0,50,0
1403,0.0004,6.119999999999996e-06,0.01,50,0,50,0
1404,0.0,6.160000000000002e-06,0.01,50,0,50,0
1405,0.0,6.200000000000002e-06,0.01,50,0,50,0
1406,0.0,6.240000000000001e-06,0.01,50,0,50,0
1407,0.0016,6.280000000000001e-06,0.01,50,0,50,0
1408,0.0008,6.3200000000000005e-06,0.01,50,0,50,0
1409,0.0004,6.36e-06,0.01,50,0,50,0
1410,0.0008,6.4e-06,0.01,50,0,50,0
1411,0.0004,6.439999999999999e-06,0.01,50,0,50,0
1412,0.0016,6.479999999999999e-06,0.01,50,0,50,0
1413,0.002,6.5199999999999986e-06,0.01,50,0,50,0
1414,0.0,6.559999999999998e-06,0.01,50,0,50,0
1415,0.0004,6.599999999999998e-06,0.01,50,0,50,0
1416,-0.0016,6.639999999999997e-06,0.01,50,0,50,0
1417,0.0,6.679999999999997e-06,0.01,50,0,50,0
1418,0.0,6.719999999999997e-06,0.01,50,0,50,0
1419,-0.0004,6.759999999999996e-06,0.01,50,0,50,0
1420,-0.0004,6.799999999999996e-06,0.01,50,0,50,0
1421,-0.0004,6.8399999999999955e-06,0.01,50,0,50,0
1422,-0.0004,6.880000000000002e-06,0.01,50,0,50,0
1423,-0.0004,6.9200000000000015e-06,0.01,50,0,50,0
1424,-0.0008,6.960000000000001e-06,0.01,50,0,50,0
1425,0.0008,7.000000000000001e-06,0.01,50,0,50,0
1426,0.0004,7.04e-06,0.01,50,0,50,0
1427,0.0008,7.08e-06,0.01,50,0,50,0
1428,0.0,7.12e-06,0.01,50,0,50,0
1429,0.0,7.159999999999999e-06,0.01,50,0,50,0
1430,0.0,7.199999999999999e-06,0.01,50,0,50,0
1431,0.0012000000000000001,7.2399999999999984e-06,0.01,50,0,50,0
1432,0.0008,7.279999999999998e-06,0.01,50,0,50,0
1433,0.0012000000000000001,7.319999999999998e-06,0.01,50,0,50,0
1434,0.0004,7.359999999999997e-06,0.01,50,0,50,0
1435,0.0,7.399999999999997e-06,0.01,50,0,50,0
1436,0.0008,7.4399999999999965e-06,0.01,50,0,50,0
1437,-0.0004,7.479999999999996e-06,0.01,50,0,50,0
1438,0.0016,7.519999999999996e-06,0.01,50,0,50,0
1439,0.0,7.560000000000002e-06,0.01,50,0,50,0
1440,0.0004,7.600000000000002e-06,0.01,50,0,50,0
1441,0.0008,7.640000000000001e-06,0.01,50,0,50,0
1442,0.0,7.680000000000001e-06,0.01,50,0,50,0
1443,0.0012000000000000001,7.72e-06,0.01,50,0,50,0
1444,0.0012000000000000001,7.76e-06,0.01,50,0,50,0
1445,-0.0008,7.8e-06,0.01,50,0,50,0
1446,-0.0004,7.84e-06,0.01,50,0,50,0
1447,-0.0016,7.879999999999999e-06,0.01,50,0,50,0
1448,0.0,7.919999999999999e-06,0.01,50,0,50,0
1449,0.0012000000000000001,7.959999999999998e-06,0.01,50,0,50,0
1450,0.0,7.999999999999998e-06,0.01,50,0,50,0
1451,0.0,8.039999999999998e-06,0.01,50,0,50,0
1452,-0.0004,8.079999999999997e-06,0.01,50,0,50,0
1453,0.0004,8.119999999999997e-06,0.01,50,0,50,0
1454,0.0008,8.159999999999996e-06,0.01,50,0,50,0
1455,0.0004,8.199999999999996e-06,0.01,50,0,50,0
1456,0.0004,8.239999999999996e-06,0.01,50,0,50,0
1457,0.0,8.280000000000002e-06,0.01,50,0,50,0
1458,-0.0004,8.320000000000002e-06,0.01,50,0,50,0
1459,0.0008,8.360000000000001e-06,0.01,50,0,50,0
1460,-0.0008,8.400000000000001e-06,0.01,50,0,50,0
1461,0.0008,8.44e-06,0.01,50,0,50,0
1462,0.0004,8.48e-06,0.01,50,0,50,0
1463,0.0004,8.52e-06,0.01,50,0,50,0
1464,0.0004,8.56e-06,0.01,50,0,50,0
1465,0.0004,8.599999999999999e-06,0.01,50,0,50,0
1466,0.0008,8.639999999999999e-06,0.01,50,0,50,0
1467,0.0,8.679999999999998e-06,0.01,50,0,50,0
1468,0.0004,8.719999999999998e-06,0.01,50,0,50,0
1469,0.0012000000000000001,8.759999999999997e-06,0.01,50,0,50,0
1470,0.0008,8.799999999999997e-06,0.01,50,0,50,0
1471,-0.0008,8.839999999999997e-06,0.01,50,0,50,0
1472,-0.0004,8.879999999999996e-06,0.01,50,0,50,0
1473,0.0,8.919999999999996e-06,0.01,50,0,50,0
1474,0.0012000000000000001,8.959999999999996e-06,0.01,50,0,50,0
1475,0.0,9.000000000000002e-06,0.01,50,0,50,0
1476,-0.0004,9.040000000000002e-06,0.01,50,0,50,0
1477,-0.0008,9.080000000000001e-06,0.01,50,0,50,0
1478,-0.0016,9.12e-06,0.01,50,0,50,0
1479,0.0008,9.16e-06,0.01,50,0,50,0
1480,0.0004,9.2e-06,0.01,50,0,50,0
1481,0.0,9.24e-06,0.01,50,0,50,0
1482,0.0004,9.28e-06,0.01,50,0,50,0
1483,0.0,9.319999999999999e-06,0.01,50,0,50,0
1484,0.0008,9.359999999999998e-06,0.01,50,0,50,0
1485,-0.0004,9.399999999999998e-06,0.01,50,0,50,0
1486,0.0,9.439999999999998e-06,0.01,50,0,50,0
1487,0.0004,9.479999999999997e-06,0.01,50,0,50,0
1488,0.0004,9.519999999999997e-06,0.01,50,0,50,0
1489,0.0008,9.559999999999997e-06,0.01,50,0,50,0
1490,0.0008,9.599999999999996e-06,0.01,50,0,50,0
1491,-0.0008,9.639999999999996e-06,0.01,50,0,50,0
1492,0.0008,9.680000000000002e-06,0.01,50,0,50,0
1493,0.0,9.720000000000002e-06,0.01,50,0,50,0
1494,0.0004,9.760000000000001e-06,0.01,50,0,50,0
1495,0.0004,9.800000000000001e-06,0.01,50,0,50,0
1496,-0.0004,9.84e-06,0.01,50,0,50,0
1497,0.0004,9.88e-06,0.01,50,0,50,0
1498,0.0016,9.92e-06,0.01,50,0,50,0
1499,0.0004,9.96e-06,0.01,50,0,50,0
1500,0.0016,9.999999999999999e-06,0.01,50,0,50,0
1501,-0.0004,1.0039999999999999e-05,0.01,50,0,50,0
1502,-0.0004,1.0079999999999998e-05,0.01,50,0,50,0
1503,0.0,1.0119999999999998e-05,0.01,50,0,50,0
1504,-0.0008,1.0159999999999998e-05,0.01,50,0,50,0
1505,0.0008,1.0199999999999997e-05,0.01,50,0,50,0
1506,0.0,1.0239999999999997e-05,0.01,50,0,50,0
1507,-0.0008,1.0279999999999996e-05,0.01,50,0,50,0
1508,-0.0004,1.0319999999999996e-05,0.01,50,0,50,0
1509,-0.0008,1.0359999999999996e-05,0.01,50,0,50,0
1510,0.0008,1.0400000000000002e-05,0.01,50,0,50,0
1511,0.0,1.0440000000000002e-05,0.01,50,0,50,0
1512,0.0004,1.0480000000000001e-05,0.01,50,0,50,0
1513,0.0,1.0520000000000001e-05,0.01,50,0,50,0
1514,-0.0008,1.056e-05,0.01,50,0,50,0
1515,0.0004,1.06e-05,0.01,50,0,50,0
1516,0.0008,1.064e-05,0.01,50,0,50,0
1517,0.0,1.068e-05,0.01,50,0,50,0
1518,0.0016,1.0719999999999999e-05,0.01,50,0,50,0
1519,0.0008,1.0759999999999999e-05,0.01,50,0,50,0
1520,0.0008,1.0799999999999998e-05,0.01,50,0,50,0
1521,0.0004,1.0839999999999998e-05,0.01,50,0,50,0
1522,-0.0004,1.0879999999999997e-05,0.01,50,0,50,0
1523,0.0012000000000000001,1.0919999999999997e-05,0.01,50,0,50,0
1524,0.0008,1.0959999999999997e-05,0.01,50,0,50,0
1525,0.0008,1.0999999999999996e-05,0.01,50,0,50,0
1526,0.0008,1.1039999999999996e-05,0.01,50,0,50,0
1527,-0.0012000000000000001,1.1080000000000002e-05,0.01,50,0,50,0
1528,0.0008,1.1119999999999995e-05,0.01,50,0,50,0
1529,0.0012000000000000001,1.1160000000000002e-05,0.01,50,0,50,0
1530,0.0008,1.1199999999999994e-05,0.01,50,0,50,0
1531,0.0016,1.124e-05,0.01,50,0,50,0
1532,-0.0004,1.1279999999999994e-05,0.01,50,0,50,0
1533,0.0004,1.132e-05,0.01,50,0,50,0
1534,-0.0004,1.1359999999999993e-05,0.01,50,0,50,0
1535,0.0,1.14e-05,0.01,50,0,50,0
1536,0.0012000000000000001,1.1440000000000006e-05,0.01,50,0,50,0
1537,-0.0004,1.1479999999999999e-05,0.01,50,0,50,0
1538,-0.0004,1.1520000000000005e-05,0.01,50,0,50,0
1539,-0.0004,1.1559999999999998e-05,0.01,50,0,50,0
1540,0.0,1.1600000000000004e-05,0.01,50,0,50,0
1541,0.0008,1.1639999999999997e-05,0.01,50,0,50,0
1542,0.0,1.1680000000000003e-05,0.01,50,0,50,0
1543,-0.0008,1.1719999999999996e-05,0.01,50,0,50,0
1544,0.0,1.1760000000000003e-05,0.01,50,0,50,0
1545,0.0004,1.1799999999999995e-05,0.01,50,0,50,0
1546,0.0016,1.1840000000000002e-05,0.01,50,0,50,0
1547,0.002,1.1879999999999995e-05,0.01,50,0,50,0
1548,0.0004,1.1920000000000001e-05,0.01,50,0,50,0
1549,0.0008,1.1959999999999994e-05,0.01,50,0,50,0
1550,-0.0004,1.2e-05,0.01,50,0,50,0
1551,0.0008,1.2039999999999993e-05,0.01,50,0,50,0
1552,0.0012000000000000001,1.208e-05,0.01,50,0,50,0
1553,0.0008,1.2119999999999992e-05,0.01,50,0,50,0
1554,0.0008,1.2159999999999999e-05,0.01,50,0,50,0
1555,0.0,1.2200000000000005e-05,0.01,50,0,50,0
1556,0.0,1.2239999999999998e-05,0.01,50,0,50,0
1557,0.0,1.2280000000000004e-05,0.01,50,0,50,0
1558,-0.0004,1.2319999999999997e-05,0.01,50,0,50,0
1559,0.0016,1.2360000000000004e-05,0.01,50,0,50,0
1560,0.0012000000000000001,1.2399999999999996e-05,0.01,50,0,50,0
1561,0.0016,1.2440000000000003e-05,0.01,50,0,50,0
1562,0.0004,1.2479999999999996e-05,0.01,50,0,50,0
1563,-0.0008,1.2520000000000002e-05,0.01,50,0,50,0
1564,0.0,1.2559999999999995e-05,0.01,50,0,50,0
1565,0.0004,1.2600000000000001e-05,0.01,50,0,50,0
1566,0.0,1.2639999999999994e-05,0.01,50,0,50,0
1567,0.0004,1.268e-05,0.01,50,0,50,0
1568,-0.0008,1.2719999999999993e-05,0.01,50,0,50,0
1569,0.0,1.276e-05,0.01,50,0,50,0
1570,0.0,1.2799999999999993e-05,0.01,50,0,50,0
1571,0.0008,1.2839999999999999e-05,0.01,50,0,50,0
1572,0.002,1.2880000000000005e-05,0.01,50,0,50,0
1573,0.0004,1.2919999999999998e-05,0.01,50,0,50,0
1574,-0.0004,1.2960000000000005e-05,0.01,50,0,50,0
1575,0.0004,1.2999999999999998e-05,0.01,50,0,50,0
1576,0.0008,1.3040000000000004e-05,0.01,50,0,50,0
1577,0.0024000000000000002,1.3079999999999997e-05,0.01,50,0,50,0
1578,0.0016,1.3120000000000003e-05,0.01,50,0,50,0
1579,0.0004,1.3159999999999996e-05,0.01,50,0,50,0
1580,0.0016,1.3200000000000002e-05,0.01,50,0,50,0
1581,0.0,1.3239999999999995e-05,0.01,50,0,50,0
1582,0.0016,1.3280000000000002e-05,0.01,50,0,50,0
1583,0.0008,1.3319999999999994e-05,0.01,50,0,50,0
1584,0.0,1.336e-05,0.01,50,0,50,0
1585,0.0008,1.3399999999999994e-05,0.01,50,0,50,0
1586,0.0008,1.344e-05,0.01,50,0,50,0
1587,0.0016,1.3479999999999993e-05,0.01,50,0,50,0
1588,0.0004,1.352e-05,0.01,50,0,50,0
1589,0.0012000000000000001,1.3560000000000006e-05,0.01,50,0,50,0
1590,0.002,1.3599999999999999e-05,0.01,50,0,50,0
1591,0.0012000000000000001,1.3640000000000005e-05,0.01,50,0,50,0
1592,0.0012000000000000001,1.3679999999999998e-05,0.01,50,0,50,0
1593,0.0004,1.3720000000000004e-05,0.01,50,0,50,0
1594,-0.0004,1.3759999999999997e-05,0.01,50,0,50,0
1595,0.0012000000000000001,1.3800000000000003e-05,0.01,50,0,50,0
1596,0.0008,1.3839999999999996e-05,0.01,50,0,50,0
1597,0.0008,1.3880000000000003e-05,0.01,50,0,50,0
1598,0.0012000000000000001,1.3919999999999995e-05,0.01,50,0,50,0
1599,0.0,1.3960000000000002e-05,0.01,50,0,50,0
1600,0.0,1.3999999999999995e-05,0.01,50,0,50,0
1601,0.0012000000000000001,1.4040000000000001e-05,0.01,50,0,50,0
1602,0.0012000000000000001,1.4079999999999994e-05,0.01,50,0,50,0
1603,0.0016,1.412e-05,0.01,50,0,50,0
1604,-0.0008,1.4159999999999993e-05,0.01,50,0,50,0
1605,0.0,1.42e-05,0.01,50,0,50,0
1606,0.0012000000000000001,1.4239999999999992e-05,0.01,50,0,50,0
1607,-0.0004,1.4279999999999999e-05,0.01,50,0,50,0
1608,0.002,1.4320000000000005e-05,0.01,50,0,50,0
1609,0.0008,1.4359999999999998e-05,0.01,50,0,50,0
1610,0.0012000000000000001,1.4400000000000004e-05,0.01,50,0,50,0
1611,0.0016,1.4439999999999997e-05,0.01,50,0,50,0
1612,0.0004,1.4480000000000004e-05,0.01,50,0,50,0
1613,0.0012000000000000001,1.4519999999999997e-05,0.01,50,0,50,0
1614,0.0004,1.4560000000000003e-05,0.01,50,0,50,0
1615,0.0,1.4599999999999996e-05,0.01,50,0,50,0
1616,0.0012000000000000001,1.4640000000000002e-05,0.01,50,0,50,0
1617,0.0008,1.4679999999999995e-05,0.01,50,0,50,0
1618,0.0008,1.4720000000000001e-05,0.01,50,0,50,0
1619,-0.0004,1.4759999999999994e-05,0.01,50,0,50,0
1620,0.0004,1.48e-05,0.01,50,0,50,0
1621,0.0008,1.4839999999999993e-05,0.01,50,0,50,0
1622,0.0004,1.488e-05,0.01,50,0,50,0
1623,0.0,1.4919999999999993e-05,0.01,50,0,50,0
1624,-0.0004,1.4959999999999999e-05,0.01,50,0,50,0
1625,-0.0008,1.5000000000000005e-05,0.01,50,0,50,0
1626,0.0004,1.5039999999999998e-05,0.01,50,0,50,0
1627,0.0016,1.5080000000000005e-05,0.01,50,0,50,0
1628,0.0012000000000000001,1.5119999999999998e-05,0.01,50,0,50,0
1629,0.0016,1.5160000000000004e-05,0.01,50,0,50,0
1630,-0.0004,1.5199999999999997e-05,0.01,50,0,50,0
1631,0.0008,1.5240000000000003e-05,0.01,50,0,50,0
1632,0.0016,1.5279999999999996e-05,0.01,50,0,50,0
1633,0.0008,1.5320000000000002e-05,0.01,50,0,50,0
1634,0.0012000000000000001,1.5359999999999995e-05,0.01,50,0,50,0
1635,0.0004,1.54e-05,0.01,50,0,50,0
1636,0.0008,1.5439999999999994e-05,0.01,50,0,50,0
1637,0.0008,1.548e-05,0.01,50,0,50,0
1638,0.0004,1.5519999999999994e-05,0.01,50,0,50,0
1639,0.0016,1.556e-05,0.01,50,0,50,0
1640,0.0,1.5599999999999993e-05,0.01,50,0,50,0
1641,0.0012000000000000001,1.564e-05,0.01,50,0,50,0
1642,-0.0004,1.5680000000000006e-05,0.01,50,0,50,0
1643,0.0004,1.572e-05,0.01,50,0,50,0
1644,0.0012000000000000001,1.5760000000000005e-05,0.01,50,0,50,0
1645,0.0004,1.5799999999999998e-05,0.01,50,0,50,0
1646,0.0008,1.5840000000000004e-05,0.01,50,0,50,0
1647,0.0016,1.5879999999999997e-05,0.01,50,0,50,0
1648,0.0004,1.5920000000000003e-05,0.01,50,0,50,0
1649,0.0008,1.5959999999999996e-05,0.01,50,0,50,0
1650,0.0004,1.6000000000000003e-05,0.01,50,0,50,0
1651,0.0012000000000000001,1.6039999999999996e-05,0.01,50,0,50,0
1652,0.002,1.6080000000000002e-05,0.01,50,0,50,0
1653,0.0004,1.6119999999999995e-05,0.01,50,0,50,0
1654,0.0008,1.616e-05,0.01,50,0,50,0
1655,-0.0004,1.6199999999999994e-05,0.01,50,0,50,0
1656,0.0,1.624e-05,0.01,50,0,50,0
1657,0.0008,1.6279999999999993e-05,0.01,50,0,50,0
1658,0.0012000000000000001,1.632e-05,0.01,50,0,50,0
1659,0.0012000000000000001,1.6359999999999992e-05,0.01,50,0,50,0
1660,0.0012000000000000001,1.64e-05,0.01,50,0,50,0
1661,-0.0004,1.6440000000000005e-05,0.01,50,0,50,0
1662,0.0008,1.6479999999999998e-05,0.01,50,0,50,0
1663,0.0008,1.6520000000000004e-05,0.01,50,0,50,0
1664,0.002,1.6559999999999997e-05,0.01,50,0,50,0
1665,0.0016,1.6600000000000004e-05,0.01,50,0,50,0
1666,-0.0004,1.6639999999999997e-05,0.01,50,0,50,0
1667,-0.0004,1.6680000000000003e-05,0.01,50,0,50,0
1668,0.0008,1.6719999999999996e-05,0.01,50,0,50,0
1669,0.0016,1.6760000000000002e-05,0.01,50,0,50,0
1670,0.0016,1.6799999999999995e-05,0.01,50,0,50,0
1671,0.0004,1.684e-05,0.01,50,0,50,0
1672,0.0,1.6879999999999994e-05,0.01,50,0,50,0
1673,0.0,1.692e-05,0.01,50,0,50,0
1674,0.0004,1.6959999999999993e-05,0.01,50,0,50,0
1675,0.0008,1.7e-05,0.01,50,0,50,0
1676,-0.0004,1.7039999999999993e-05,0.01,50,0,50,0
1677,0.0004,1.708e-05,0.01,50,0,50,0
1678,0.0008,1.7120000000000005e-05,0.01,50,0,50,0
1679,-0.0004,1.716e-05,0.01,50,0,50,0
1680,0.0008,1.7200000000000005e-05,0.01,50,0,50,0
1681,0.0004,1.7239999999999998e-05,0.01,50,0,50,0
1682,0.0004,1.7280000000000004e-05,0.01,50,0,50,0
1683,0.0016,1.7319999999999997e-05,0.01,50,0,50,0
1684,-0.0004,1.7360000000000003e-05,0.01,50,0,50,0
1685,-0.0008,1.7399999999999996e-05,0.01,50,0,50,0
1686,0.0,1.7440000000000002e-05,0.01,50,0,50,0
1687,-0.0008,1.7479999999999995e-05,0.01,50,0,50,0
1688,0.0008,1.752e-05,0.01,50,0,50,0
1689,0.0004,1.7559999999999995e-05,0.01,50,0,50,0
1690,0.0,1.76e-05,0.01,50,0,50,0
1691,0.0004,1.7639999999999994e-05,0.01,50,0,50,0
1692,-0.0004,1.768e-05,0.01,50,0,50,0
1693,0.0008,1.7719999999999993e-05,0.01,50,0,50,0
1694,0.0012000000000000001,1.776e-05,0.01,50,0,50,0
1695,0.0016,1.7800000000000006e-05,0.01,50,0,50,0
1696,0.0008,1.784e-05,0.01,50,0,50,0
1697,-0.0004,1.7880000000000005e-05,0.01,50,0,50,0
1698,0.0,1.7919999999999998e-05,0.01,50,0,50,0
1699,0.002,1.7960000000000004e-05,0.01,50,0,50,0
1700,0.0004,1.7999999999999997e-05,0.01,50,0,50,0
1701,0.0012000000000000001,1.8040000000000003e-05,0.01,50,0,50,0
1702,-0.0012000000000000001,1.8079999999999996e-05,0.01,50,0,50,0
1703,-0.0008,1.8120000000000003e-05,0.01,50,0,50,0
1704,0.0004,1.8159999999999996e-05,0.01,50,0,50,0
1705,0.0008,1.8200000000000002e-05,0.01,50,0,50,0
1706,0.0004,1.8239999999999995e-05,0.01,50,0,50,0
1707,-0.0004,1.828e-05,0.01,50,0,50,0
1708,-0.0004,1.8319999999999994e-05,0.01,50,0,50,0
1709,0.0008,1.836e-05,0.01,50,0,50,0
1710,-0.0004,1.8399999999999993e-05,0.01,50,0,50,0
1711,0.0008,1.844e-05,0.01,50,0,50,0
1712,-0.0004,1.8479999999999992e-05,0.01,50,0,50,0
1713,0.0004,1.852e-05,0.01,50,0,50,0
1714,0.0004,1.8560000000000005e-05,0.01,50,0,50,0
1715,-0.0008,1.8599999999999998e-05,0.01,50,0,50,0
1716,0.0,1.8640000000000004e-05,0.01,50,0,50,0
1717,-0.0012000000000000001,1.8679999999999997e-05,0.01,50,0,50,0
1718,0.0004,1.8720000000000004e-05,0.01,50,0,50,0
1719,0.0012000000000000001,1.8759999999999997e-05,0.01,50,0,50,0
1720,0.0,1.8800000000000003e-05,0.01,50,0,50,0
1721,0.0,1.8839999999999996e-05,0.01,50,0,50,0
1722,0.0004,1.8880000000000002e-05,0.01,50,0,50,0
1723,0.0004,1.8919999999999995e-05,0.01,50,0,50,0
1724,0.0016,1.896e-05,0.01,50,0,50,0
1725,0.0004,1.8999999999999994e-05,0.01,50,0,50,0
1726,0.0008,1.904e-05,0.01,50,0,50,0
1727,0.0008,1.9079999999999994e-05,0.01,50,0,50,0
1728,-0.0004,1.912e-05,0.01,50,0,50,0
1729,0.0012000000000000001,1.9159999999999993e-05,0.01,50,0,50,0
1730,0.0004,1.92e-05,0.01,50,0,50,0
1731,0.0004,1.9240000000000006e-05,0.01,50,0,50,0
1732,0.0,1.928e-05,0.01,50,0,50,0
1733,-0.0012000000000000001,1.9320000000000005e-05,0.01,50,0,50,0
1734,0.0,1.9359999999999998e-05,0.01,50,0,50,0
1735,0.0004,1.9400000000000004e-05,0.01,50,0,50,0
1736,0.0004,1.9439999999999997e-05,0.01,50,0,50,0
1737,0.0004,1.9480000000000003e-05,0.01,50,0,50,0
1738,-0.0004,1.9519999999999996e-05,0.01,50,0,50,0
1739,0.0012000000000000001,1.9560000000000002e-05,0.01,50,0,50,0
1740,0.0004,1.9599999999999995e-05,0.01,50,0,50,0
1741,-0.0012000000000000001,1.9640000000000002e-05,0.01,50,0,50,0
1742,0.0008,1.9679999999999995e-05,0.01,50,0,50,0
1743,-0.0004,1.972e-05,0.01,50,0,50,0
1744,0.0004,1.9759999999999994e-05,0.01,50,0,50,0
1745,0.0004,1.98e-05,0.01,50,0,50,0
1746,0.0004,1.9839999999999993e-05,0.01,50,0,50,0
1747,0.0004,1.988e-05,0.01,50,0,50,0
1748,0.0008,1.9920000000000006e-05,0.01,50,0,50,0
1749,0.0004,1.996e-05,0.01,50,0,50,0
1750,0.002,2.0000000000000005e-05,0.01,50,0,50,0
1751,-0.0008,2.0039999999999998e-05,0.01,50,0,50,0
1752,-0.0004,2.0080000000000004e-05,0.01,50,0,50,0
1753,0.0004,2.0119999999999997e-05,0.01,50,0,50,0
1754,-0.0004,2.0160000000000003e-05,0.01,50,0,50,0
1755,0.0012000000000000001,2.0199999999999996e-05,0.01,50,0,50,0
1756,0.0,2.0240000000000003e-05,0.01,50,0,50,0
1757,0.0,2.0279999999999996e-05,0.01,50,0,50,0
1758,-0.0008,2.0320000000000002e-05,0.01,50,0,50,0
1759,0.0004,2.0359999999999995e-05,0.01,50,0,50,0
1760,0.0004,2.04e-05,0.01,50,0,50,0
1761,0.0,2.0439999999999994e-05,0.01,50,0,50,0
1762,-0.0004,2.048e-05,0.01,50,0,50,0
1763,0.0,2.0519999999999993e-05,0.01,50,0,50,0
1764,-0.0012000000000000001,2.056e-05,0.01,50,0,50,0
1765,-0.0004,2.0599999999999993e-05,0.01,50,0,50,0
1766,0.0,2.064e-05,0.01,50,0,50,0
1767,0.0004,2.0680000000000005e-05,0.01,50,0,50,0
1768,0.0,2.0719999999999998e-05,0.01,50,0,50,0
1769,-0.0004,2.0760000000000005e-05,0.01,50,0,50,0
1770,0.0004,2.0799999999999997e-05,0.01,50,0,50,0
1771,-0.0004,2.0840000000000004e-05,0.01,50,0,50,0
1772,-0.0004,2.0879999999999997e-05,0.01,50,0,50,0
1773,0.0004,2.0920000000000003e-05,0.01,50,0,50,0
1774,-0.0008,2.0959999999999996e-05,0.01,50,0,50,0
1775,0.0,2.1000000000000002e-05,0.01,50,0,50,0
1776,0.0,2.1039999999999995e-05,0.01,50,0,50,0
1777,-0.0004,2.108e-05,0.01,50,0,50,0
1778,0.0008,2.1119999999999994e-05,0.01,50,0,50,0
1779,0.0008,2.116e-05,0.01,50,0,50,0
1780,0.0012000000000000001,2.1199999999999994e-05,0.01,50,0,50,0
1781,0.0016,2.124e-05,0.01,50,0,50,0
1782,-0.0008,2.1279999999999993e-05,0.01,50,0,50,0
1783,0.0008,2.132e-05,0.01,50,0,50,0
1784,0.0004,2.1360000000000006e-05,0.01,50,0,50,0
1785,0.0012000000000000001,2.14e-05,0.01,50,0,50,0
1786,0.0024000000000000002,2.1440000000000005e-05,0.01,50,0,50,0
1787,-0.0004,2.1479999999999998e-05,0.01,50,0,50,0
1788,0.0004,2.1520000000000004e-05,0.01,50,0,50,0
1789,-0.0008,2.1559999999999997e-05,0.01,50,0,50,0
1790,0.0,2.1600000000000003e-05,0.01,50,0,50,0
1791,0.0004,2.1639999999999996e-05,0.01,50,0,50,0
1792,0.0,2.1680000000000002e-05,0.01,50,0,50,0
1793,-0.0008,2.1719999999999995e-05,0.01,50,0,50,0
1794,0.0,2.1760000000000002e-05,0.01,50,0,50,0
1795,0.0,2.1799999999999995e-05,0.01,50,0,50,0
1796,0.0012000000000000001,2.184e-05,0.01,50,0,50,0
1797,0.0004,2.1879999999999994e-05,0.01,50,0,50,0
1798,0.0012000000000000001,2.192e-05,0.01,50,0,50,0
1799,-0.0004,2.1959999999999993e-05,0.01,50,0,50,0
1800,0.0,2.2e-05,0.01,50,0,50,0
1801,0.0004,2.2040000000000006e-05,0.01,50,0,50,0
1802,0.0004,2.208e-05,0.01,50,0,50,0
1803,0.0008,2.2120000000000005e-05,0.01,50,0,50,0
1804,0.0004,2.2159999999999998e-05,0.01,50,0,50,0
1805,0.0,2.2200000000000004e-05,0.01,50,0,50,0
1806,0.0024000000000000002,2.2239999999999997e-05,0.01,50,0,50,0
1807,0.0004,2.2280000000000004e-05,0.01,50,0,50,0
1808,0.0012000000000000001,2.2319999999999996e-05,0.01,50,0,50,0
1809,0.0024000000000000002,2.2360000000000003e-05,0.01,50,0,50,0
1810,0.0012000000000000001,2.2399999999999996e-05,0.01,50,0,50,0
1811,0.002,2.2440000000000002e-05,0.01,50,0,50,0
1812,0.0012000000000000001,2.2479999999999995e-05,0.01,50,0,50,0
1813,0.0,2.252e-05,0.01,50,0,50,0
1814,0.0004,2.2559999999999994e-05,0.01,50,0,50,0
1815,0.0008,2.26e-05,0.01,50,0,50,0
1816,0.0004,2.2639999999999993e-05,0.01,50,0,50,0
1817,0.0008,2.268e-05,0.01,50,0,50,0
1818,-0.0004,2.2719999999999993e-05,0.01,50,0,50,0
1819,-0.0004,2.276e-05,0.01,50,0,50,0
1820,-0.0004,2.2800000000000005e-05,0.01,50,0,50,0
1821,-0.0012000000000000001,2.2839999999999998e-05,0.01,50,0,50,0
1822,0.0016,2.2880000000000005e-05,0.01,50,0,50,0
1823,0.0004,2.2919999999999997e-05,0.01,50,0,50,0
1824,0.0,2.2960000000000004e-05,0.01,50,0,50,0
1825,0.0,2.2999999999999997e-05,0.01,50,0,50,0
1826,0.0,2.3040000000000003e-05,0.01,50,0,50,0
1827,0.0024000000000000002,2.3079999999999996e-05,0.01,50,0,50,0
1828,0.0004,2.3120000000000002e-05,0.01,50,0,50,0
1829,0.0004,2.3159999999999995e-05,0.01,50,0,50,0
1830,0.0,2.32e-05,0.01,50,0,50,0
1831,-0.0008,2.3239999999999994e-05,0.01,50,0,50,0
1832,0.0008,2.328e-05,0.01,50,0,50,0
1833,0.0008,2.3319999999999994e-05,0.01,50,0,50,0
1834,0.0008,2.336e-05,0.01,50,0,50,0
1835,0.0008,2.3399999999999993e-05,0.01,50,0,50,0
1836,0.0008,2.344e-05,0.01,50,0,50,0
1837,0.0012000000000000001,2.3480000000000006e-05,0.01,50,0,50,0
1838,0.0004,2.352e-05,0.01,50,0,50,0
1839,0.0008,2.3560000000000005e-05,0.01,50,0,50,0
1840,0.0012000000000000001,2.3599999999999998e-05,0.01,50,0,50,0
1841,0.0012000000000000001,2.3640000000000004e-05,0.01,50,0,50,0
1842,0.002,2.3679999999999997e-05,0.01,50,0,50,0
1843,0.0004,2.3720000000000003e-05,0.01,50,0,50,0
1844,0.0,2.3759999999999996e-05,0.01,50,0,50,0
1845,0.0012000000000000001,2.3800000000000003e-05,0.01,50,0,50,0
1846,0.0016,2.3839999999999995e-05,0.01,50,0,50,0
1847,0.0016,2.3880000000000002e-05,0.01,50,0,50,0
1848,0.0004,2.3919999999999995e-05,0.01,50,0,50,0
1849,-0.0008,2.396e-05,0.01,50,0,50,0
1850,0.0,2.3999999999999994e-05,0.01,50,0,50,0
1851,0.0004,2.404e-05,0.01,50,0,50,0
1852,0.0008,2.4079999999999993e-05,0.01,50,0,50,0
1853,0.0,2.412e-05,0.01,50,0,50,0
1854,-0.0004,2.4160000000000006e-05,0.01,50,0,50,0
1855,0.0,2.42e-05,0.01,50,0,50,0
1856,0.0008,2.4240000000000005e-05,0.01,50,0,50,0
1857,0.0008,2.4279999999999998e-05,0.01,50,0,50,0
1858,0.0012000000000000001,2.4320000000000004e-05,0.01,50,0,50,0
1859,0.0,2.4359999999999997e-05,0.01,50,0,50,0
1860,0.0004,2.4400000000000004e-05,0.01,50,0,50,0
1861,-0.0004,2.4439999999999996e-05,0.01,50,0,50,0
1862,0.0004,2.4480000000000003e-05,0.01,50,0,50,0
1863,0.0008,2.4519999999999996e-05,0.01,50,0,50,0
1864,0.0,2.4560000000000002e-05,0.01,50,0,50,0
1865,0.0008,2.4599999999999995e-05,0.01,50,0,50,0
1866,0.0012000000000000001,2.464e-05,0.01,50,0,50,0
1867,0.0,2.4679999999999994e-05,0.01,50,0,50,0
1868,0.0012000000000000001,2.472e-05,0.01,50,0,50,0
1869,0.0008,2.4759999999999993e-05,0.01,50,0,50,0
1870,0.0004,2.48e-05,0.01,50,0,50,0
1871,0.0008,2.4839999999999993e-05,0.01,50,0,50,0
1872,0.0004,2.488e-05,0.01,50,0,50,0
1873,0.0012000000000000001,2.4920000000000005e-05,0.01,50,0,50,0
1874,-0.0004,2.4959999999999998e-05,0.01,50,0,50,0
1875,0.0004,2.5000000000000005e-05,0.01,50,0,50,0
1876,0.002,2.5039999999999997e-05,0.01,50,0,50,0
1877,0.0004,2.5080000000000004e-05,0.01,50,0,50,0
1878,0.0004,2.5119999999999997e-05,0.01,50,0,50,0
1879,0.0,2.5160000000000003e-05,0.01,50,0,50,0
1880,-0.0012000000000000001,2.5199999999999996e-05,0.01,50,0,50,0
1881,0.0012000000000000001,2.5240000000000002e-05,0.01,50,0,50,0
1882,0.0004,2.5279999999999995e-05,0.01,50,0,50,0
1883,0.0008,2.532e-05,0.01,50,0,50,0
1884,0.0004,2.5359999999999994e-05,0.01,50,0,50,0
1885,0.0,2.54e-05,0.01,50,0,50,0
1886,0.0,2.5439999999999994e-05,0.01,50,0,50,0
1887,0.0008,2.548e-05,0.01,50,0,50,0
1888,0.0012000000000000001,2.5519999999999993e-05,0.01,50,0,50,0
1889,0.0016,2.556e-05,0.01,50,0,50,0
1890,0.0004,2.5600000000000006e-05,0.01,50,0,50,0
1891,0.0,2.564e-05,0.01,50,0,50,0
1892,-0.0012000000000000001,2.5680000000000005e-05,0.01,50,0,50,0
1893,0.0004,2.5719999999999998e-05,0.01,50,0,50,0
1894,0.0016,2.5760000000000004e-05,0.01,50,0,50,0
1895,0.0012000000000000001,2.5799999999999997e-05,0.01,50,0,50,0
1896,0.0016,2.5840000000000003e-05,0.01,50,0,50,0
1897,0.0008,2.5879999999999996e-05,0.01,50,0,50,0
1898,0.0008,2.5920000000000003e-05,0.01,50,0,50,0
1899,0.0024000000000000002,2.5959999999999995e-05,0.01,50,0,50,0
1900,0.0008,2.6000000000000002e-05,0.01,50,0,50,0
1901,0.0012000000000000001,2.6039999999999995e-05,0.01,50,0,50,0
1902,0.0008,2.608e-05,0.01,50,0,50,0
1903,0.0,2.6119999999999994e-05,0.01,50,0,50,0
1904,0.0008,2.616e-05,0.01,50,0,50,0
1905,0.0004,2.6199999999999993e-05,0.01,50,0,50,0
1906,0.0008,2.624e-05,0.01,50,0,50,0
1907,0.0024000000000000002,2.6280000000000006e-05,0.01,50,0,50,0
1908,0.0004,2.632e-05,0.01,50,0,50,0
1909,0.0008,2.6360000000000005e-05,0.01,50,0,50,0
1910,0.0004,2.6399999999999998e-05,0.01,50,0,50,0
1911,-0.0008,2.6440000000000004e-05,0.01,50,0,50,0
1912,0.0008,2.6479999999999997e-05,0.01,50,0,50,0
1913,0.0012000000000000001,2.6520000000000004e-05,0.01,50,0,50,0
1914,0.0012000000000000001,2.6559999999999996e-05,0.01,50,0,50,0
1915,0.0012000000000000001,2.6600000000000003e-05,0.01,50,0,50,0
1916,-0.0004,2.6639999999999996e-05,0.01,50,0,50,0
1917,0.0016,2.6680000000000002e-05,0.01,50,0,50,0
1918,0.0008,2.6719999999999995e-05,0.01,50,0,50,0
1919,0.0016,2.676e-05,0.01,50,0,50,0
1920,0.0016,2.6799999999999994e-05,0.01,50,0,50,0
1921,0.0,2.684e-05,0.01,50,0,50,0
1922,0.0,2.6879999999999993e-05,0.01,50,0,50,0
1923,0.0,2.692e-05,0.01,50,0,50,0
1924,0.0012000000000000001,2.6959999999999993e-05,0.01,50,0,50,0
1925,0.002,2.7e-05,0.01,50,0,50,0
1926,0.0012000000000000001,2.7040000000000005e-05,0.01,50,0,50,0
1927,0.0004,2.7079999999999998e-05,0.01,50,0,50,0
1928,0.0,2.7120000000000005e-05,0.01,50,0,50,0
1929,0.0012000000000000001,2.7159999999999997e-05,0.01,50,0,50,0
1930,0.0024000000000000002,2.7200000000000004e-05,0.01,50,0,50,0
1931,0.0008,2.7239999999999997e-05,0.01,50,0,50,0
1932,0.0008,2.7280000000000003e-05,0.01,50,0,50,0
1933,0.0012000000000000001,2.7319999999999996e-05,0.01,50,0,50,0
1934,-0.0004,2.7360000000000002e-05,0.01,50,0,50,0
1935,0.0008,2.7399999999999995e-05,0.01,50,0,50,0
1936,-0.0004,2.744e-05,0.01,50,0,50,0
1937,0.0,2.7479999999999994e-05,0.01,50,0,50,0
1938,0.0012000000000000001,2.752e-05,0.01,50,0,50,0
1939,0.0,2.7559999999999994e-05,0.01,50,0,50,0
1940,0.0,2.76e-05,0.01,50,0,50,0
1941,-0.0008,2.7639999999999993e-05,0.01,50,0,50,0
1942,0.0,2.768e-05,0.01,50,0,50,0
1943,0.0016,2.7720000000000006e-05,0.01,50,0,50,0
1944,0.0004,2.776e-05,0.01,50,0,50,0
1945,0.0012000000000000001,2.7800000000000005e-05,0.01,50,0,50,0
1946,0.0004,2.7839999999999998e-05,0.01,50,0,50,0
1947,0.0,2.7880000000000004e-05,0.01,50,0,50,0
1948,0.0012000000000000001,2.7919999999999997e-05,0.01,50,0,50,0
1949,0.0012000000000000001,2.7960000000000003e-05,0.01,50,0,50,0
1950,0.0008,2.7999999999999996e-05,0.01,50,0,50,0
1951,0.0004,2.8040000000000003e-05,0.01,50,0,50,0
1952,-0.0008,2.8079999999999995e-05,0.01,50,0,50,0
1953,-0.0004,2.8120000000000002e-05,0.01,50,0,50,0
1954,0.0,2.8159999999999995e-05,0.01,50,0,50,0
1955,0.0016,2.82e-05,0.01,50,0,50,0
1956,0.0012000000000000001,2.8239999999999994e-05,0.01,50,0,50,0
1957,0.0004,2.828e-05,0.01,50,0,50,0
1958,0.0,2.8319999999999993e-05,0.01,50,0,50,0
1959,0.0004,2.836e-05,0.01,50,0,50,0
1960,0.0012000000000000001,2.8400000000000006e-05,0.01,50,0,50,0
1961,0.0016,2.844e-05,0.01,50,0,50,0
1962,0.0008,2.8480000000000005e-05,0.01,50,0,50,0
1963,0.0,2.8519999999999998e-05,0.01,50,0,50,0
1964,0.0004,2.8560000000000004e-05,0.01,50,0,50,0
1965,0.0004,2.8599999999999997e-05,0.01,50,0,50,0
1966,0.0004,2.8640000000000004e-05,0.01,50,0,50,0
1967,-0.0012000000000000001,2.8679999999999996e-05,0.01,50,0,50,0
1968,-0.0004,2.8720000000000003e-05,0.01,50,0,50,0
1969,0.0004,2.8759999999999996e-05,0.01,50,0,50,0
1970,-0.0004,2.8800000000000002e-05,0.01,50,0,50,0
1971,-0.0008,2.8839999999999995e-05,0.01,50,0,50,0
1972,-0.0008,2.888e-05,0.01,50,0,50,0
1973,-0.0064,2.8919999999999994e-05,0.01,50,0,50,0
1974,0.0012000000000000001,2.896e-05,0.01,50,0,50,0
1975,0.0004,2.8999999999999993e-05,0.01,50,0,50,0
1976,0.0004,2.904e-05,0.01,50,0,50,0
1977,-0.0008,2.9079999999999993e-05,0.01,50,0,50,0
1978,-0.0004,2.912e-05,0.01,50,0,50,0
1979,0.0012000000000000001,2.9160000000000005e-05,0.01,50,0,50,0
1980,0.0004,2.9199999999999998e-05,0.01,50,0,50,0
1981,0.0,2.9240000000000005e-05,0.01,50,0,50,0
1982,0.0,2.9279999999999997e-05,0.01,50,0,50,0
1983,-0.0004,2.9320000000000004e-05,0.01,50,0,50,0
1984,0.0008,2.9359999999999997e-05,0.01,50,0,50,0
1985,0.0008,2.9400000000000003e-05,0.01,50,0,50,0
1986,0.0016,2.9439999999999996e-05,0.01,50,0,50,0
1987,0.0012000000000000001,2.9480000000000002e-05,0.01,50,0,50,0
1988,-0.0004,2.9519999999999995e-05,0.01,50,0,50,0
1989,0.0004,2.956e-05,0.01,50,0,50,0
1990,0.0,2.9599999999999994e-05,0.01,50,0,50,0
1991,0.0004,2.964e-05,0.01,50,0,50,0
1992,0.0008,2.9679999999999994e-05,0.01,50,0,50,0
1993,-0.0004,2.972e-05,0.01,50,0,50,0
1994,0.0008,2.9759999999999993e-05,0.01,50,0,50,0
1995,0.0004,2.98e-05,0.01,50,0,50,0
1996,-0.0004,2.9840000000000006e-05,0.01,50,0,50,0
1997,0.0008,2.988e-05,0.01,50,0,50,0
1998,-0.0008,2.9920000000000005e-05,0.01,50,0,50,0
1999,-0.0004,2.9959999999999998e-05,0.01,50,0,50,0
2000,-0.0004,3.0000000000000004e-05,0.01,50,0,50,0
2001,-0.0008,3.0039999999999997e-05,0.01,50,0,50,0
2002,-0.0004,3.0080000000000003e-05,0.01,50,0,50,0
2003,0.0,3.0119999999999996e-05,0.01,50,0,50,0
2004,0.0004,3.0160000000000003e-05,0.01,50,0,50,0
2005,0.0008,3.0199999999999995e-05,0.01,50,0,50,0
2006,0.0,3.0240000000000002e-05,0.01,50,0,50,0
2007,0.0004,3.0279999999999995e-05,0.01,50,0,50,0
2008,-0.0008,3.032e-05,0.01,50,0,50,0
2009,0.0004,3.0359999999999994e-05,0.01,50,0,50,0
2010,0.0016,3.04e-05,0.01,50,0,50,0
2011,0.0,3.0439999999999993e-05,0.01,50,0,50,0
2012,0.0,3.048e-05,0.01,50,0,50,0
2013,0.0,3.0520000000000006e-05,0.01,50,0,50,0
2014,-0.0008,3.056e-05,0.01,50,0,50,0
2015,0.0008,3.0600000000000005e-05,0.01,50,0,50,0
2016,0.0004,3.064e-05,0.01,50,0,50,0
2017,0.0008,3.0680000000000004e-05,0.01,50,0,50,0
2018,0.0008,3.072e-05,0.01,50,0,50,0
2019,0.0004,3.0760000000000004e-05,0.01,50,0,50,0
2020,0.0012000000000000001,3.0799999999999996e-05,0.01,50,0,50,0
2021,0.0004,3.084e-05,0.01,50,0,50,0
2022,0.0,3.0879999999999996e-05,0.01,50,0,50,0
2023,0.0008,3.092e-05,0.01,50,0,50,0
2024,-0.0004,3.0959999999999995e-05,0.01,50,0,50,0
2025,0.0,3.1e-05,0.01,50,0,50,0
2026,0.0,3.1039999999999994e-05,0.01,50,0,50,0
2027,0.0004,3.108e-05,0.01,50,0,50,0
2028,0.0008,3.1119999999999993e-05,0.01,50,0,50,0
2029,0.0,3.116e-05,0.01,50,0,50,0
2030,-0.0004,3.119999999999999e-05,0.01,50,0,50,0
2031,0.0004,3.124e-05,0.01,50,0,50,0
2032,0.0,3.1280000000000005e-05,0.01,50,0,50,0
2033,0.0,3.132e-05,0.01,50,0,50,0
2034,-0.0008,3.1360000000000005e-05,0.01,50,0,50,0
2035,0.0004,3.14e-05,0.01,50,0,50,0
2036,0.0012000000000000001,3.1440000000000004e-05,0.01,50,0,50,0
2037,0.0004,3.148e-05,0.01,50,0,50,0
2038,0.0,3.152e-05,0.01,50,0,50,0
2039,-0.0004,3.1559999999999996e-05,0.01,50,0,50,0
2040,0.0004,3.16e-05,0.01,50,0,50,0
2041,0.0012000000000000001,3.1639999999999995e-05,0.01,50,0,50,0
2042,0.0008,3.168e-05,0.01,50,0,50,0
2043,0.0004,3.1719999999999994e-05,0.01,50,0,50,0
2044,0.0,3.176e-05,0.01,50,0,50,0
2045,0.0,3.1799999999999994e-05,0.01,50,0,50,0
2046,0.0016,3.184e-05,0.01,50,0,50,0
2047,0.0012000000000000001,3.187999999999999e-05,0.01,50,0,50,0
2048,0.0008,3.192e-05,0.01,50,0,50,0
2049,0.0008,3.1960000000000006e-05,0.01,50,0,50,0
2050,0.0,3.2e-05,0.01,50,0,50,0
2051,0.0012000000000000001,3.2040000000000005e-05,0.01,50,0,50,0
2052,0.0004,3.208e-05,0.01,50,0,50,0
2053,0.0008,3.2120000000000004e-05,0.01,50,0,50,0
2054,0.0012000000000000001,3.216e-05,0.01,50,0,50,0
2055,-0.0016,3.2200000000000003e-05,0.01,50,0,50,0
2056,0.0,3.2239999999999996e-05,0.01,50,0,50,0
2057,-0.0012000000000000001,3.228e-05,0.01,50,0,50,0
2058,0.0008,3.2319999999999995e-05,0.01,50,0,50,0
2059,0.0008,3.236e-05,0.01,50,0,50,0
2060,-0.0008,3.2399999999999995e-05,0.01,50,0,50,0
2061,-0.0004,3.244e-05,0.01,50,0,50,0
2062,-0.0004,3.2479999999999994e-05,0.01,50,0,50,0
2063,-0.0004,3.252e-05,0.01,50,0,50,0
2064,0.0004,3.255999999999999e-05,0.01,50,0,50,0
2065,0.0,3.26e-05,0.01,50,0,50,0
2066,0.0008,3.2640000000000006e-05,0.01,50,0,50,0
2067,0.0008,3.268e-05,0.01,50,0,50,0
2068,-0.0008,3.2720000000000005e-05,0.01,50,0,50,0
2069,0.0,3.276e-05,0.01,50,0,50,0
2070,-0.0004,3.2800000000000004e-05,0.01,50,0,50,0
2071,0.0012000000000000001,3.284e-05,0.01,50,0,50,0
2072,0.0008,3.2880000000000004e-05,0.01,50,0,50,0
2073,0.0,3.2919999999999997e-05,0.01,50,0,50,0
2074,-0.0008,3.296e-05,0.01,50,0,50,0
2075,-0.0008,3.2999999999999996e-05,0.01,50,0,50,0
2076,0.0004,3.304e-05,0.01,50,0,50,0
2077,0.0012000000000000001,3.3079999999999995e-05,0.01,50,0,50,0
2078,0.0012000000000000001,3.312e-05,0.01,50,0,50,0
2079,0.0,3.3159999999999994e-05,0.01,50,0,50,0
2080,-0.0008,3.32e-05,0.01,50,0,50,0
2081,0.0,3.3239999999999993e-05,0.01,50,0,50,0
2082,0.0012000000000000001,3.328e-05,0.01,50,0,50,0
2083,0.0,3.331999999999999e-05,0.01,50,0,50,0
2084,0.0004,3.336e-05,0.01,50,0,50,0
2085,0.0,3.3400000000000005e-05,0.01,50,0,50,0
2086,-0.0008,3.344e-05,0.01,50,0,50,0
2087,0.0,3.3480000000000005e-05,0.01,50,0,50,0
2088,-0.0008,3.352e-05,0.01,50,0,50,0
2089,0.0004,3.3560000000000004e-05,0.01,50,0,50,0
2090,0.0,3.36e-05,0.01,50,0,50,0
2091,-0.0016,3.364e-05,0.01,50,0,50,0
2092,0.0004,3.3679999999999996e-05,0.01,50,0,50,0
2093,-0.0004,3.372e-05,0.01,50,0,50,0
2094,0.0004,3.3759999999999995e-05,0.01,50,0,50,0
2095,0.0012000000000000001,3.38e-05,0.01,50,0,50,0
2096,0.0,3.3839999999999994e-05,0.01,50,0,50,0
2097,0.0012000000000000001,3.388e-05,0.01,50,0,50,0
2098,0.0,3.3919999999999994e-05,0.01,50,0,50,0
2099,-0.0004,3.396e-05,0.01,50,0,50,0
2100,0.0,3.399999999999999e-05,0.01,50,0,50,0
2101,0.0004,3.404e-05,0.01,50,0,50,0
2102,0.002,3.4080000000000006e-05,0.01,50,0,50,0
2103,0.0012000000000000001,3.412e-05,0.01,50,0,50,0
2104,-0.0008,3.4160000000000005e-05,0.01,50,0,50,0
2105,0.0004,3.42e-05,0.01,50,0,50,0
2106,0.0008,3.4240000000000004e-05,0.01,50,0,50,0
2107,0.0016,3.428e-05,0.01,50,0,50,0
2108,0.0016,3.4320000000000003e-05,0.01,50,0,50,0
2109,0.0,3.4359999999999996e-05,0.01,50,0,50,0
2110,0.0008,3.44e-05,0.01,50,0,50,0
2111,0.0,3.4439999999999996e-05,0.01,50,0,50,0
2112,0.0008,3.448e-05,0.01,50,0,50,0
2113,0.0016,3.4519999999999995e-05,0.01,50,0,50,0
2114,0.0,3.456e-05,0.01,50,0,50,0
2115,0.0004,3.4599999999999994e-05,0.01,50,0,50,0
2116,0.0,3.464e-05,0.01,50,0,50,0
2117,0.0,3.467999999999999e-05,0.01,50,0,50,0
2118,0.0,3.472e-05,0.01,50,0,50,0
2119,0.0,3.4760000000000006e-05,0.01,50,0,50,0
2120,0.0004,3.48e-05,0.01,50,0,50,0
2121,0.0004,3.4840000000000005e-05,0.01,50,0,50,0
2122,0.0,3.488e-05,0.01,50,0,50,0
2123,0.0004,3.4920000000000004e-05,0.01,50,0,50,0
2124,0.0004,3.496e-05,0.01,50,0,50,0
2125,0.0004,3.5000000000000004e-05,0.01,50,0,50,0
2126,0.002,3.5039999999999997e-05,0.01,50,0,50,0
2127,0.0008,3.508e-05,0.01,50,0,50,0
2128,0.0008,3.5119999999999996e-05,0.01,50,0,50,0
2129,0.0004,3.516e-05,0.01,50,0,50,0
2130,-0.0012000000000000001,3.5199999999999995e-05,0.01,50,0,50,0
2131,0.0012000000000000001,3.524e-05,0.01,50,0,50,0
2132,0.0008,3.5279999999999994e-05,0.01,50,0,50,0
2133,0.002,3.532e-05,0.01,50,0,50,0
2134,0.0008,3.5359999999999993e-05,0.01,50,0,50,0
2135,-0.0004,3.54e-05,0.01,50,0,50,0
2136,0.002,3.543999999999999e-05,0.01,50,0,50,0
2137,0.0004,3.548e-05,0.01,50,0,50,0
2138,0.0012000000000000001,3.5520000000000006e-05,0.01,50,0,50,0
2139,0.0012000000000000001,3.556e-05,0.01,50,0,50,0
2140,-0.0004,3.5600000000000005e-05,0.01,50,0,50,0
2141,0.0004,3.564e-05,0.01,50,0,50,0
2142,0.0004,3.5680000000000004e-05,0.01,50,0,50,0
2143,0.0012000000000000001,3.572e-05,0.01,50,0,50,0
2144,0.002,3.576e-05,0.01,50,0,50,0
2145,0.0004,3.5799999999999996e-05,0.01,50,0,50,0
2146,0.0012000000000000001,3.584e-05,0.01,50,0,50,0
2147,0.0008,3.5879999999999995e-05,0.01,50,0,50,0
2148,-0.0004,3.592e-05,0.01,50,0,50,0
2149,0.0004,3.5959999999999995e-05,0.01,50,0,50,0
2150,-0.0004,3.6e-05,0.01,50,0,50,0
2151,0.0004,3.6039999999999994e-05,0.01,50,0,50,0
2152,0.0004,3.608e-05,0.01,50,0,50,0
2153,-0.0004,3.611999999999999e-05,0.01,50,0,50,0
2154,0.0008,3.616e-05,0.01,50,0,50,0
2155,0.0008,3.6200000000000006e-05,0.01,50,0,50,0
2156,0.0012000000000000001,3.624e-05,0.01,50,0,50,0
2157,0.0016,3.6280000000000005e-05,0.01,50,0,50,0
2158,0.0004,3.632e-05,0.01,50,0,50,0
2159,0.0008,3.6360000000000004e-05,0.01,50,0,50,0
2160,0.0004,3.64e-05,0.01,50,0,50,0
2161,0.0004,3.6440000000000003e-05,0.01,50,0,50,0
2162,0.0012000000000000001,3.6479999999999996e-05,0.01,50,0,50,0
2163,0.0016,3.652e-05,0.01,50,0,50,0
2164,0.002,3.6559999999999996e-05,0.01,50,0,50,0
2165,0.0008,3.66e-05,0.01,50,0,50,0
2166,0.0004,3.6639999999999995e-05,0.01,50,0,50,0
2167,0.0012000000000000001,3.668e-05,0.01,50,0,50,0
2168,0.0,3.6719999999999994e-05,0.01,50,0,50,0
2169,0.0008,3.676e-05,0.01,50,0,50,0
2170,0.0012000000000000001,3.679999999999999e-05,0.01,50,0,50,0
2171,0.0,3.684e-05,0.01,50,0,50,0
2172,0.0,3.6880000000000006e-05,0.01,50,0,50,0
2173,0.0,3.692e-05,0.01,50,0,50,0
2174,0.0012000000000000001,3.6960000000000005e-05,0.01,50,0,50,0
2175,0.0008,3.7e-05,0.01,50,0,50,0
2176,-0.0004,3.7040000000000005e-05,0.01,50,0,50,0
2177,0.0,3.708e-05,0.01,50,0,50,0
2178,-0.0004,3.7120000000000004e-05,0.01,50,0,50,0
2179,0.0,3.7159999999999997e-05,0.01,50,0,50,0
2180,0.0,3.72e-05,0.01,50,0,50,0
2181,0.0,3.7239999999999996e-05,0.01,50,0,50,0
2182,0.0,3.728e-05,0.01,50,0,50,0
2183,-0.0008,3.7319999999999995e-05,0.01,50,0,50,0
2184,0.0,3.736e-05,0.01,50,0,50,0
2185,0.0012000000000000001,3.7399999999999994e-05,0.01,50,0,50,0
2186,0.0004,3.744e-05,0.01,50,0,50,0
2187,0.0008,3.7479999999999994e-05,0.01,50,0,50,0
2188,0.0012000000000000001,3.752e-05,0.01,50,0,50,0
2189,0.0008,3.755999999999999e-05,0.01,50,0,50,0
2190,0.0016,3.76e-05,0.01,50,0,50,0
2191,0.0008,3.7640000000000006e-05,0.01,50,0,50,0
2192,0.0008,3.768e-05,0.01,50,0,50,0
2193,0.002,3.7720000000000005e-05,0.01,50,0,50,0
2194,0.0016,3.776e-05,0.01,50,0,50,0
2195,0.0012000000000000001,3.7800000000000004e-05,0.01,50,0,50,0
2196,0.0004,3.784e-05,0.01,50,0,50,0
2197,0.0,3.788e-05,0.01,50,0,50,0
2198,0.0012000000000000001,3.7919999999999996e-05,0.01,50,0,50,0
2199,0.0016,3.796e-05,0.01,50,0,50,0
2200,0.0012000000000000001,3.7999999999999995e-05,0.01,50,0,50,0
2201,0.0004,3.804e-05,0.01,50,0,50,0
2202,-0.0012000000000000001,3.8079999999999995e-05,0.01,50,0,50,0
2203,0.0004,3.812e-05,0.01,50,0,50,0
2204,0.0012000000000000001,3.8159999999999994e-05,0.01,50,0,50,0
2205,0.002,3.82e-05,0.01,50,0,50,0
2206,0.0012000000000000001,3.823999999999999e-05,0.01,50,0,50,0
2207,-0.0004,3.828e-05,0.01,50,0,50,0
2208,0.0,3.8320000000000006e-05,0.01,50,0,50,0
2209,0.0,3.836e-05,0.01,50,0,50,0
2210,0.0004,3.8400000000000005e-05,0.01,50,0,50,0
2211,0.0004,3.844e-05,0.01,50,0,50,0
2212,-0.0004,3.8480000000000004e-05,0.01,50,0,50,0
2213,0.0008,3.852e-05,0.01,50,0,50,0
2214,0.0004,3.8560000000000004e-05,0.01,50,0,50,0
2215,0.0,3.8599999999999996e-05,0.01,50,0,50,0
2216,0.0008,3.864e-05,0.01,50,0,50,0
2217,-0.0004,3.8679999999999996e-05,0.01,50,0,50,0
2218,0.0012000000000000001,3.872e-05,0.01,50,0,50,0
2219,0.0012000000000000001,3.8759999999999995e-05,0.01,50,0,50,0
2220,-0.0004,3.88e-05,0.01,50,0,50,0
2221,0.0012000000000000001,3.8839999999999994e-05,0.01,50,0,50,0
2222,-0.0004,3.888e-05,0.01,50,0,50,0
2223,0.0008,3.891999999999999e-05,0.01,50,0,50,0
2224,0.0012000000000000001,3.896e-05,0.01,50,0,50,0
2225,0.0004,3.9000000000000006e-05,0.01,50,0,50,0
2226,0.0008,3.904e-05,0.01,50,0,50,0
2227,-0.0004,3.9080000000000005e-05,0.01,50,0,50,0
2228,0.0,3.912e-05,0.01,50,0,50,0
2229,0.0012000000000000001,3.9160000000000005e-05,0.01,50,0,50,0
2230,0.0012000000000000001,3.92e-05,0.01,50,0,50,0
2231,0.0,3.9240000000000004e-05,0.01,50,0,50,0
2232,-0.0008,3.928e-05,0.01,50,0,50,0
2233,-0.0004,3.932e-05,0.01,50,0,50,0
2234,0.0008,3.9359999999999996e-05,0.01,50,0,50,0
2235,0.0012000000000000001,3.94e-05,0.01,50,0,50,0
2236,0.0012000000000000001,3.9439999999999995e-05,0.01,50,0,50,0
2237,0.0,3.948e-05,0.01,50,0,50,0
2238,-0.0008,3.9519999999999994e-05,0.01,50,0,50,0
2239,0.0,3.956e-05,0.01,50,0,50,0
2240,0.0008,3.9599999999999994e-05,0.01,50,0,50,0
2241,0.0004,3.964e-05,0.01,50,0,50,0
2242,0.0004,3.967999999999999e-05,0.01,50,0,50,0
2243,0.0012000000000000001,3.972e-05,0.01,50,0,50,0
2244,0.0012000000000000001,3.9760000000000006e-05,0.01,50,0,50,0
2245,0.0012000000000000001,3.98e-05,0.01,50,0,50,0
2246,0.0008,3.9840000000000005e-05,0.01,50,0,50,0
2247,0.0012000000000000001,3.988e-05,0.01,50,0,50,0
2248,0.0012000000000000001,3.9920000000000004e-05,0.01,50,0,50,0
2249,0.0016,3.996e-05,0.01,50,0,50,0
2250,0.0,4e-05,0.01,50,0,50,0
2251,-0.0004,4.0039999999999996e-05,0.01,50,0,50,0
2252,0.0008,4.008e-05,0.01,50,0,50,0
2253,0.0008,4.0119999999999995e-05,0.01,50,0,50,0
2254,0.0008,4.016e-05,0.01,50,0,50,0
2255,0.0016,4.0199999999999995e-05,0.01,50,0,50,0
2256,0.0008,4.024e-05,0.01,50,0,50,0
2257,0.002,4.0279999999999994e-05,0.01,50,0,50,0
2258,0.0,4.032e-05,0.01,50,0,50,0
2259,0.0012000000000000001,4.035999999999999e-05,0.01,50,0,50,0
2260,0.0012000000000000001,4.04e-05,0.01,50,0,50,0
2261,0.0004,4.0440000000000006e-05,0.01,50,0,50,0
2262,0.0016,4.048e-05,0.01,50,0,50,0
2263,-0.0004,4.0520000000000005e-05,0.01,50,0,50,0
2264,0.0004,4.056e-05,0.01,50,0,50,0
2265,0.002,4.0600000000000004e-05,0.01,50,0,50,0
2266,0.002,4.064e-05,0.01,50,0,50,0
2267,0.0008,4.0680000000000004e-05,0.01,50,0,50,0
2268,0.0004,4.0719999999999996e-05,0.01,50,0,50,0
2269,-0.0008,4.076e-05,0.01,50,0,50,0
2270,0.0004,4.0799999999999996e-05,0.01,50,0,50,0
2271,0.0004,4.084e-05,0.01,50,0,50,0
2272,0.0,4.0879999999999995e-05,0.01,50,0,50,0
2273,0.0016,4.092e-05,0.01,50,0,50,0
2274,-0.0008,4.0959999999999994e-05,0.01,50,0,50,0
2275,0.002,4.1e-05,0.01,50,0,50,0
2276,0.0008,4.103999999999999e-05,0.01,50,0,50,0
2277,0.0012000000000000001,4.108e-05,0.01,50,0,50,0
2278,0.0012000000000000001,4.1120000000000006e-05,0.01,50,0,50,0
2279,0.0004,4.116e-05,0.01,50,0,50,0
2280,0.0016,4.1200000000000005e-05,0.01,50,0,50,0
2281,0.0,4.124e-05,0.01,50,0,50,0
2282,-0.0004,4.1280000000000005e-05,0.01,50,0,50,0
2283,0.0004,4.132e-05,0.01,50,0,50,0
2284,0.0,4.1360000000000004e-05,0.01,50,0,50,0
2285,0.0012000000000000001,4.14e-05,0.01,50,0,50,0
2286,0.0004,4.144e-05,0.01,50,0,50,0
2287,0.0,4.1479999999999996e-05,0.01,50,0,50,0
2288,-0.0008,4.152e-05,0.01,50,0,50,0
2289,0.0,4.1559999999999995e-05,0.01,50,0,50,0
2290,0.0004,4.16e-05,0.01,50,0,50,0
2291,0.0012000000000000001,4.1639999999999994e-05,0.01,50,0,50,0
2292,0.0004,4.168e-05,0.01,50,0,50,0
2293,0.0008,4.1719999999999994e-05,0.01,50,0,50,0
2294,-0.0004,4.176e-05,0.01,50,0,50,0
2295,0.0,4.179999999999999e-05,0.01,50,0,50,0
2296,0.0008,4.184e-05,0.01,50,0,50,0
2297,0.0008,4.1880000000000006e-05,0.01,50,0,50,0
2298,0.0008,4.192e-05,0.01,50,0,50,0
2299,-0.0008,4.1960000000000005e-05,0.01,50,0,50,0
2300,-0.0016,4.2e-05,0.01,50,0,50,0
2301,0.0008,4.2040000000000004e-05,0.01,50,0,50,0
2302,0.0,4.208e-05,0.01,50,0,50,0
2303,0.0008,4.212e-05,0.01,50,0,50,0
2304,0.0008,4.2159999999999996e-05,0.01,50,0,50,0
2305,-0.0004,4.22e-05,0.01,50,0,50,0
2306,0.0,4.2239999999999995e-05,0.01,50,0,50,0
2307,0.0004,4.228e-05,0.01,50,0,50,0
2308,0.0004,4.2319999999999995e-05,0.01,50,0,50,0
2309,0.0008,4.236e-05,0.01,50,0,50,0
2310,0.0012000000000000001,4.2399999999999994e-05,0.01,50,0,50,0
2311,0.0016,4.244e-05,0.01,50,0,50,0
2312,0.0008,4.247999999999999e-05,0.01,50,0,50,0
2313,0.0,4.252e-05,0.01,50,0,50,0
2314,0.0012000000000000001,4.2560000000000006e-05,0.01,50,0,50,0
2315,0.0,4.26e-05,0.01,50,0,50,0
2316,0.0012000000000000001,4.2640000000000005e-05,0.01,50,0,50,0
2317,0.0012000000000000001,4.268e-05,0.01,50,0,50,0
2318,0.0004,4.2720000000000004e-05,0.01,50,0,50,0
2319,0.0,4.276e-05,0.01,50,0,50,0
2320,0.0,4.2800000000000004e-05,0.01,50,0,50,0
2321,0.0012000000000000001,4.2839999999999996e-05,0.01,50,0,50,0
2322,0.002,4.288e-05,0.01,50,0,50,0
2323,0.0008,4.2919999999999996e-05,0.01,50,0,50,0
2324,0.0008,4.296e-05,0.01,50,0,50,0
2325,0.0,4.2999999999999995e-05,0.01,50,0,50,0
2326,0.0004,4.304e-05,0.01,50,0,50,0
2327,0.0004,4.3079999999999994e-05,0.01,50,0,50,0
2328,0.0008,4.312e-05,0.01,50,0,50,0
2329,0.0008,4.315999999999999e-05,0.01,50,0,50,0
2330,-0.0016,4.32e-05,0.01,50,0,50,0
2331,-0.0004,4.3240000000000006e-05,0.01,50,0,50,0
2332,0.0012000000000000001,4.328e-05,0.01,50,0,50,0
2333,0.0004,4.3320000000000005e-05,0.01,50,0,50,0
2334,0.0016,4.336e-05,0.01,50,0,50,0
2335,0.0,4.3400000000000005e-05,0.01,50,0,50,0
2336,-0.0008,4.344e-05,0.01,50,0,50,0
2337,0.0012000000000000001,4.3480000000000004e-05,0.01,50,0,50,0
2338,0.0004,4.352e-05,0.01,50,0,50,0
2339,0.0012000000000000001,4.356e-05,0.01,50,0,50,0
2340,0.0008,4.3599999999999996e-05,0.01,50,0,50,0
2341,0.0004,4.364e-05,0.01,50,0,50,0
2342,0.002,4.3679999999999995e-05,0.01,50,0,50,0
2343,0.0,4.372e-05,0.01,50,0,50,0
2344,0.0,4.3759999999999994e-05,0.01,50,0,50,0
2345,0.0004,4.38e-05,0.01,50,0,50,0
2346,0.0004,4.3839999999999994e-05,0.01,50,0,50,0
2347,0.0,4.388e-05,0.01,50,0,50,0
2348,0.0,4.391999999999999e-05,0.01,50,0,50,0
2349,-0.0008,4.396e-05,0.01,50,0,50,0
2350,0.0,4.4000000000000006e-05,0.01,50,0,50,0
2351,-0.0004,4.404e-05,0.01,50,0,50,0
2352,0.0008,4.4080000000000005e-05,0.01,50,0,50,0
2353,0.0016,4.412e-05,0.01,50,0,50,0
2354,-0.0012000000000000001,4.4160000000000004e-05,0.01,50,0,50,0
2355,-0.0004,4.42e-05,0.01,50,0,50,0
2356,-0.0004,4.424e-05,0.01,50,0,50,0
2357,0.0004,4.4279999999999996e-05,0.01,50,0,50,0
2358,0.0008,4.432e-05,0.01,50,0,50,0
2359,-0.0004,4.4359999999999995e-05,0.01,50,0,50,0
2360,-0.0008,4.44e-05,0.01,50,0,50,0
2361,-0.0008,4.4439999999999995e-05,0.01,50,0,50,0
2362,0.0,4.448e-05,0.01,50,0,50,0
2363,0.002,4.4519999999999994e-05,0.01,50,0,50,0
2364,0.0008,4.456e-05,0.01,50,0,50,0
2365,0.0012000000000000001,4.459999999999999e-05,0.01,50,0,50,0
2366,0.0004,4.464e-05,0.01,50,0,50,0
2367,-0.0004,4.4680000000000006e-05,0.01,50,0,50,0
2368,0.0012000000000000001,4.472e-05,0.01,50,0,50,0
2369,0.0004,4.4760000000000005e-05,0.01,50,0,50,0
2370,0.0004,4.48e-05,0.01,50,0,50,0
2371,0.0004,4.4840000000000004e-05,0.01,50,0,50,0
2372,0.0008,4.488e-05,0.01,50,0,50,0
2373,0.0004,4.4920000000000004e-05,0.01,50,0,50,0
2374,0.0,4.4959999999999996e-05,0.01,50,0,50,0
2375,-0.0004,4.5e-05,0.01,50,0,50,0
2376,0.0012000000000000001,4.5039999999999996e-05,0.01,50,0,50,0
2377,0.0004,4.508e-05,0.01,50,0,50,0
2378,0.0008,4.5119999999999995e-05,0.01,50,0,50,0
2379,-0.0012000000000000001,4.516e-05,0.01,50,0,50,0
2380,-0.0012000000000000001,4.5199999999999994e-05,0.01,50,0,50,0
2381,0.0,4.524e-05,0.01,50,0,50,0
2382,0.0,4.527999999999999e-05,0.01,50,0,50,0
2383,0.0008,4.532e-05,0.01,50,0,50,0
2384,0.0,4.5360000000000006e-05,0.01,50,0,50,0
2385,-0.0016,4.54e-05,0.01,50,0,50,0
2386,0.0,4.5440000000000005e-05,0.01,50,0,50,0
2387,-0.0008,4.548e-05,0.01,50,0,50,0
2388,-0.0004,4.5520000000000005e-05,0.01,50,0,50,0
2389,0.0008,4.556e-05,0.01,50,0,50,0
2390,-0.0004,4.5600000000000004e-05,0.01,50,0,50,0
2391,0.0004,4.564e-05,0.01,50,0,50,0
2392,0.0,4.568e-05,0.01,50,0,50,0
2393,0.0,4.5719999999999996e-05,0.01,50,0,50,0
2394,0.002,4.576e-05,0.01,50,0,50,0
2395,0.0,4.5799999999999995e-05,0.01,50,0,50,0
2396,0.0004,4.584e-05,0.01,50,0,50,0
2397,-0.0004,4.5879999999999994e-05,0.01,50,0,50,0
2398,0.0,4.592e-05,0.01,50,0,50,0
2399,0.0008,4.5959999999999994e-05,0.01,50,0,50,0
2400,0.0008,4.6e-05,0.01,50,0,50,0
2401,0.0004,4.603999999999999e-05,0.01,50,0,50,0
2402,0.0,4.608e-05,0.01,50,0,50,0
2403,-0.0004,4.6120000000000006e-05,0.01,50,0,50,0
2404,0.0008,4.616e-05,0.01,50,0,50,0
2405,0.0008,4.6200000000000005e-05,0.01,50,0,50,0
2406,0.0004,4.624e-05,0.01,50,0,50,0
2407,0.0012000000000000001,4.6280000000000004e-05,0.01,50,0,50,0
2408,-0.0004,4.632e-05,0.01,50,0,50,0
2409,0.0004,4.636e-05,0.01,50,0,50,0
2410,0.0,4.6399999999999996e-05,0.01,50,0,50,0
2411,0.0,4.644e-05,0.01,50,0,50,0
2412,0.0008,4.6479999999999995e-05,0.01,50,0,50,0
2413,0.0,4.652e-05,0.01,50,0,50,0
2414,0.0,4.6559999999999995e-05,0.01,50,0,50,0
2415,0.0,4.66e-05,0.01,50,0,50,0
2416,-0.0008,4.6639999999999994e-05,0.01,50,0,50,0
2417,0.0,4.668e-05,0.01,50,0,50,0
2418,-0.0008,4.671999999999999e-05,0.01,50,0,50,0
2419,0.0012000000000000001,4.676e-05,0.01,50,0,50,0
2420,0.0,4.6800000000000006e-05,0.01,50,0,50,0
2421,-0.0004,4.684e-05,0.01,50,0,50,0
2422,0.0004,4.6880000000000005e-05,0.01,50,0,50,0
2423,0.0,4.692e-05,0.01,50,0,50,0
2424,0.0012000000000000001,4.6960000000000004e-05,0.01,50,0,50,0
2425,0.002,4.7e-05,0.01,50,0,50,0
2426,0.0008,4.7040000000000004e-05,0.01,50,0,50,0
2427,0.0,4.7079999999999996e-05,0.01,50,0,50,0
2428,-0.0004,4.712e-05,0.01,50,0,50,0
2429,0.0004,4.7159999999999996e-05,0.01,50,0,50,0
2430,0.002,4.72e-05,0.01,50,0,50,0
2431,0.0004,4.7239999999999995e-05,0.01,50,0,50,0
2432,0.0,4.728e-05,0.01,50,0,50,0
2433,0.0008,4.7319999999999994e-05,0.01,50,0,50,0
2434,-0.0008,4.736e-05,0.01,50,0,50,0
2435,0.0012000000000000001,4.7399999999999993e-05,0.01,50,0,50,0
2436,0.0012000000000000001,4.744e-05,0.01,50,0,50,0
2437,0.0008,4.7480000000000006e-05,0.01,50,0,50,0
2438,0.0016,4.752e-05,0.01,50,0,50,0
2439,-0.0004,4.7560000000000005e-05,0.01,50,0,50,0
2440,0.0008,4.76e-05,0.01,50,0,50,0
2441,0.0008,4.7640000000000005e-05,0.01,50,0,50,0
2442,0.0,4.768e-05,0.01,50,0,50,0
2443,0.002,4.7720000000000004e-05,0.01,50,0,50,0
2444,0.0,4.776e-05,0.01,50,0,50,0
2445,0.0004,4.78e-05,0.01,50,0,50,0
2446,0.0,4.7839999999999996e-05,0.01,50,0,50,0
2447,-0.0016,4.788e-05,0.01,50,0,50,0
2448,-0.0004,4.7919999999999995e-05,0.01,50,0,50,0
2449,-0.0004,4.796e-05,0.01,50,0,50,0
2450,0.0012000000000000001,4.7999999999999994e-05,0.01,50,0,50,0
2451,0.0008,4.804e-05,0.01,50,0,50,0
2452,0.0,4.8079999999999994e-05,0.01,50,0,50,0
2453,0.0,4.812e-05,0.01,50,0,50,0
2454,0.0004,4.815999999999999e-05,0.01,50,0,50,0
2455,0.0024000000000000002,4.82e-05,0.01,50,0,50,0
2456,0.0016,4.8240000000000006e-05,0.01,50,0,50,0
2457,0.0004,4.828e-05,0.01,50,0,50,0
2458,-0.0008,4.8320000000000005e-05,0.01,50,0,50,0
2459,-0.0004,4.836e-05,0.01,50,0,50,0
2460,0.0008,4.8400000000000004e-05,0.01,50,0,50,0
2461,0.002,4.844e-05,0.01,50,0,50,0
2462,0.0004,4.8480000000000003e-05,0.01,50,0,50,0
2463,0.0004,4.8519999999999996e-05,0.01,50,0,50,0
2464,0.0008,4.856e-05,0.01,50,0,50,0
2465,0.0,4.8599999999999995e-05,0.01,50,0,50,0
2466,0.0008,4.864e-05,0.01,50,0,50,0
2467,0.0004,4.8679999999999995e-05,0.01,50,0,50,0
2468,0.0,4.872e-05,0.01,50,0,50,0
2469,0.0008,4.8759999999999994e-05,0.01,50,0,50,0
2470,0.0004,4.88e-05,0.01,50,0,50,0
2471,0.0016,4.883999999999999e-05,0.01,50,0,50,0
2472,0.0004,4.888e-05,0.01,50,0,50,0
2473,0.0008,4.8920000000000006e-05,0.01,50,0,50,0
2474,0.0012000000000000001,4.896e-05,0.01,50,0,50,0
2475,0.0,4.9000000000000005e-05,0.01,50,0,50,0
2476,0.0,4.904e-05,0.01,50,0,50,0
2477,-0.0004,4.9080000000000004e-05,0.01,50,0,50,0
2478,-0.0004,4.912e-05,0.01,50,0,50,0
2479,0.0008,4.9160000000000004e-05,0.01,50,0,50,0
2480,0.0004,4.9199999999999997e-05,0.01,50,0,50,0
2481,0.0008,4.924e-05,0.01,50,0,50,0
2482,0.0012000000000000001,4.9279999999999996e-05,0.01,50,0,50,0
2483,0.0,4.932e-05,0.01,50,0,50,0
2484,0.0012000000000000001,4.9359999999999995e-05,0.01,50,0,50,0
2485,0.0016,4.94e-05,0.01,50,0,50,0
2486,0.0008,4.9439999999999994e-05,0.01,50,0,50,0
2487,0.0016,4.948e-05,0.01,50,0,50,0
2488,0.0,4.9519999999999993e-05,0.01,50,0,50,0
2489,-0.0004,4.956e-05,0.01,50,0,50,0
2490,0.0,4.9600000000000006e-05,0.01,50,0,50,0
2491,0.002,4.964e-05,0.01,50,0,50,0
2492,0.0016,4.9680000000000005e-05,0.01,50,0,50,0
2493,0.0,4.972e-05,0.01,50,0,50,0
2494,0.0,4.9760000000000005e-05,0.01,50,0,50,0
2495,0.0012000000000000001,4.98e-05,0.01,50,0,50,0
2496,0.002,4.9840000000000004e-05,0.01,50,0,50,0
2497,0.0016,4.988e-05,0.01,50,0,50,0
2498,0.0008,4.992e-05,0.01,50,0,50,0
2499,-0.0004,4.9959999999999996e-05,0.01,50,0,50,0
