,Datos,Tiempo,Tiempo de integración [ms]
0,-0.025,-0.009600000000000001,5
1,-0.024980000000000002,-0.0064,5
2,-0.024960000000000003,-0.0088,5
3,-0.02494,-0.009600000000000001,5
4,-0.02492,-0.010400000000000001,5
5,-0.024900000000000002,-0.0184,5
6,-0.024880000000000003,-0.0152,5
7,-0.02486,-0.023200000000000002,5
8,-0.02484,-0.0184,5
9,-0.024820000000000002,-0.016800000000000002,5
10,-0.024800000000000003,-0.016800000000000002,5
11,-0.02478,-0.014400000000000001,5
12,-0.02476,-0.0128,5
13,-0.02474,-0.012,5
14,-0.024720000000000002,-0.014400000000000001,5
15,-0.0247,-0.0112,5
16,-0.02468,-0.0056,5
17,-0.02466,-0.0064,5
18,-0.024640000000000002,-0.010400000000000001,5
19,-0.024620000000000003,-0.008,5
20,-0.0246,-0.0056,5
21,-0.02458,-0.016800000000000002,5
22,-0.024560000000000002,-0.016,5
23,-0.024540000000000003,-0.012,5
24,-0.02452,-0.012,5
25,-0.0245,-0.014400000000000001,5
26,-0.024480000000000002,-0.0112,5
27,-0.024460000000000003,-0.009600000000000001,5
28,-0.02444,-0.009600000000000001,5
29,-0.02442,-0.007200000000000001,5
30,-0.0244,-0.007200000000000001,5
31,-0.024380000000000002,-0.004,5
32,-0.02436,-0.0032,5
33,-0.02434,-0.004,5
34,-0.02432,-0.0056,5
35,-0.024300000000000002,-0.0088,5
36,-0.024280000000000003,-0.0016,5
37,-0.02426,-0.0016,5
38,-0.02424,-0.004,5
39,-0.024220000000000002,-0.0064,5
40,-0.024200000000000003,-0.0088,5
41,-0.02418,-0.0112,5
42,-0.02416,-0.0128,5
43,-0.02414,-0.010400000000000001,5
44,-0.024120000000000003,-0.010400000000000001,5
45,-0.0241,-0.0112,5
46,-0.02408,-0.009600000000000001,5
47,-0.02406,-0.012,5
48,-0.024040000000000002,-0.0112,5
49,-0.02402,-0.020800000000000003,5
50,-0.024,-0.016800000000000002,5
51,-0.02398,-0.0152,5
52,-0.023960000000000002,-0.014400000000000001,5
53,-0.023940000000000003,-0.0184,5
54,-0.02392,-0.023200000000000002,5
55,-0.0239,-0.0216,5
56,-0.023880000000000002,-0.0224,5
57,-0.023860000000000003,-0.020800000000000003,5
58,-0.02384,-0.0256,5
59,-0.02382,-0.0264,5
60,-0.0238,-0.0256,5
61,-0.023780000000000003,-0.0408,5
62,-0.02376,-0.0376,5
63,-0.02374,-0.036000000000000004,5
64,-0.02372,-0.0304,5
65,-0.023700000000000002,-0.036000000000000004,5
66,-0.02368,-0.0352,5
67,-0.02366,-0.0304,5
68,-0.02364,-0.0304,5
69,-0.023620000000000002,-0.0296,5
70,-0.023600000000000003,-0.033600000000000005,5
71,-0.02358,-0.0352,5
72,-0.02356,-0.031200000000000002,5
73,-0.023540000000000002,-0.0296,5
74,-0.023520000000000003,-0.024800000000000003,5
75,-0.0235,-0.020800000000000003,5
76,-0.02348,-0.02,5
77,-0.02346,-0.0184,5
78,-0.023440000000000003,-0.016800000000000002,5
79,-0.02342,-0.014400000000000001,5
80,-0.0234,-0.0128,5
81,-0.02338,-0.013600000000000001,5
82,-0.023360000000000002,-0.013600000000000001,5
83,-0.02334,-0.0152,5
84,-0.02332,-0.012,5
85,-0.0233,-0.0112,5
86,-0.023280000000000002,-0.010400000000000001,5
87,-0.023260000000000003,-0.0088,5
88,-0.02324,-0.010400000000000001,5
89,-0.02322,-0.0112,5
90,-0.023200000000000002,-0.0088,5
91,-0.023180000000000003,-0.0048000000000000004,5
92,-0.02316,-0.0056,5
93,-0.02314,-0.012,5
94,-0.02312,-0.010400000000000001,5
95,-0.023100000000000002,-0.0056,5
96,-0.02308,-0.0064,5
97,-0.02306,-0.014400000000000001,5
98,-0.02304,-0.012,5
99,-0.023020000000000002,-0.012,5
100,-0.023,-0.0112,5
101,-0.02298,-0.0064,5
102,-0.02296,-0.0088,5
103,-0.022940000000000002,-0.0064,5
104,-0.022920000000000003,-0.004,5
105,-0.0229,-0.0032,5
106,-0.02288,-0.0048000000000000004,5
107,-0.022860000000000002,-0.004,5
108,-0.022840000000000003,-0.012,5
109,-0.02282,-0.009600000000000001,5
110,-0.0228,-0.008,5
111,-0.02278,-0.0064,5
112,-0.022760000000000002,-0.013600000000000001,5
113,-0.02274,-0.0152,5
114,-0.02272,-0.019200000000000002,5
115,-0.0227,-0.016800000000000002,5
116,-0.022680000000000002,-0.0176,5
117,-0.02266,-0.0128,5
118,-0.02264,-0.012,5
119,-0.02262,-0.0088,5
120,-0.022600000000000002,-0.0064,5
121,-0.022580000000000003,-0.0064,5
122,-0.02256,-0.032,5
123,-0.02254,-0.028800000000000003,5
124,-0.022520000000000002,-0.0256,5
125,-0.022500000000000003,-0.024,5
126,-0.02248,-0.0176,5
127,-0.02246,-0.016,5
128,-0.02244,-0.016,5
129,-0.022420000000000002,-0.014400000000000001,5
130,-0.0224,-0.014400000000000001,5
131,-0.02238,-0.0152,5
132,-0.02236,-0.0176,5
133,-0.022340000000000002,-0.014400000000000001,5
134,-0.02232,-0.0224,5
135,-0.0223,-0.02,5
136,-0.02228,-0.019200000000000002,5
137,-0.022260000000000002,-0.0256,5
138,-0.022240000000000003,-0.023200000000000002,5
139,-0.02222,-0.02,5
140,-0.0222,-0.0216,5
141,-0.022180000000000002,-0.019200000000000002,5
142,-0.022160000000000003,-0.038400000000000004,5
143,-0.02214,-0.0368,5
144,-0.02212,-0.0296,5
145,-0.0221,-0.031200000000000002,5
146,-0.022080000000000002,-0.0224,5
147,-0.02206,-0.024800000000000003,5
148,-0.02204,-0.019200000000000002,5
149,-0.02202,-0.0408,5
150,-0.022000000000000002,-0.038400000000000004,5
151,-0.02198,-0.032,5
152,-0.02196,-0.028800000000000003,5
153,-0.02194,-0.0264,5
154,-0.021920000000000002,-0.024,5
155,-0.021900000000000003,-0.024800000000000003,5
156,-0.02188,-0.02,5
157,-0.02186,-0.036000000000000004,5
158,-0.021840000000000002,-0.032,5
159,-0.021820000000000003,-0.031200000000000002,5
160,-0.0218,-0.028800000000000003,5
161,-0.02178,-0.023200000000000002,5
162,-0.02176,-0.024,5
163,-0.021740000000000002,-0.024800000000000003,5
164,-0.02172,-0.0224,5
165,-0.0217,-0.0216,5
166,-0.02168,-0.0176,5
167,-0.021660000000000002,-0.0184,5
168,-0.02164,-0.0152,5
169,-0.02162,-0.0224,5
170,-0.0216,-0.0256,5
171,-0.021580000000000002,-0.024,5
172,-0.021560000000000003,-0.0216,5
173,-0.02154,-0.0224,5
174,-0.02152,-0.024,5
175,-0.021500000000000002,-0.020800000000000003,5
176,-0.021480000000000003,-0.0184,5
177,-0.02146,-0.016,5
178,-0.02144,-0.0256,5
179,-0.02142,-0.02,5
180,-0.021400000000000002,-0.020800000000000003,5
181,-0.02138,-0.016,5
182,-0.02136,-0.014400000000000001,5
183,-0.02134,-0.0128,5
184,-0.021320000000000002,-0.013600000000000001,5
185,-0.0213,-0.0112,5
186,-0.02128,-0.009600000000000001,5
187,-0.02126,-0.0112,5
188,-0.021240000000000002,-0.0064,5
189,-0.021220000000000003,-0.0088,5
190,-0.0212,-0.010400000000000001,5
191,-0.02118,-0.009600000000000001,5
192,-0.02116,-0.008,5
193,-0.021140000000000003,-0.008,5
194,-0.02112,-0.0088,5
195,-0.0211,-0.014400000000000001,5
196,-0.02108,-0.0112,5
197,-0.021060000000000002,-0.014400000000000001,5
198,-0.021040000000000003,-0.012,5
199,-0.02102,-0.010400000000000001,5
200,-0.021,-0.0048000000000000004,5
201,-0.020980000000000002,-0.0048000000000000004,5
202,-0.02096,-0.0064,5
203,-0.02094,-0.004,5
204,-0.02092,-0.0064,5
205,-0.020900000000000002,-0.0064,5
206,-0.020880000000000003,-0.0032,5
207,-0.02086,-0.004,5
208,-0.02084,-0.0056,5
209,-0.02082,-0.007200000000000001,5
210,-0.0208,-0.0032,5
211,-0.02078,-0.0048000000000000004,5
212,-0.02076,-0.0088,5
213,-0.02074,-0.0088,5
214,-0.020720000000000002,-0.0048000000000000004,5
215,-0.020700000000000003,-0.004,5
216,-0.02068,-0.0048000000000000004,5
217,-0.02066,-0.0016,5
218,-0.020640000000000002,-0.028,5
219,-0.02062,-0.0352,5
220,-0.0206,-0.0328,5
221,-0.02058,-0.0296,5
222,-0.020560000000000002,-0.0264,5
223,-0.020540000000000003,-0.027200000000000002,5
224,-0.02052,-0.019200000000000002,5
225,-0.0205,-0.020800000000000003,5
226,-0.02048,-0.027200000000000002,5
227,-0.02046,-0.023200000000000002,5
228,-0.02044,-0.0176,5
229,-0.02042,-0.016800000000000002,5
230,-0.0204,-0.023200000000000002,5
231,-0.020380000000000002,-0.0224,5
232,-0.020360000000000003,-0.020800000000000003,5
233,-0.02034,-0.0176,5
234,-0.02032,-0.016800000000000002,5
235,-0.020300000000000002,-0.0152,5
236,-0.02028,-0.013600000000000001,5
237,-0.02026,-0.0128,5
238,-0.02024,-0.0152,5
239,-0.020220000000000002,-0.009600000000000001,5
240,-0.020200000000000003,-0.008,5
241,-0.02018,-0.009600000000000001,5
242,-0.02016,-0.007200000000000001,5
243,-0.02014,-0.010400000000000001,5
244,-0.02012,-0.009600000000000001,5
245,-0.0201,-0.007200000000000001,5
246,-0.02008,-0.0064,5
247,-0.02006,-0.0128,5
248,-0.020040000000000002,-0.014400000000000001,5
249,-0.020020000000000003,-0.0176,5
250,-0.02,-0.0152,5
251,-0.01998,-0.019200000000000002,5
252,-0.019960000000000002,-0.0152,5
253,-0.01994,-0.0128,5
254,-0.01992,-0.0128,5
255,-0.0199,-0.008,5
256,-0.019880000000000002,-0.0088,5
257,-0.019860000000000003,-0.0064,5
258,-0.01984,-0.0376,5
259,-0.01982,-0.0344,5
260,-0.0198,-0.0352,5
261,-0.01978,-0.0304,5
262,-0.01976,-0.028,5
263,-0.01974,-0.024800000000000003,5
264,-0.01972,-0.020800000000000003,5
265,-0.019700000000000002,-0.019200000000000002,5
266,-0.019680000000000003,-0.0176,5
267,-0.01966,-0.0176,5
268,-0.01964,-0.013600000000000001,5
269,-0.019620000000000002,-0.014400000000000001,5
270,-0.0196,-0.0112,5
271,-0.01958,-0.012,5
272,-0.01956,-0.010400000000000001,5
273,-0.019540000000000002,-0.010400000000000001,5
274,-0.019520000000000003,-0.008,5
275,-0.0195,-0.009600000000000001,5
276,-0.01948,-0.0128,5
277,-0.01946,-0.0112,5
278,-0.01944,-0.016800000000000002,5
279,-0.01942,-0.014400000000000001,5
280,-0.0194,-0.016800000000000002,5
281,-0.01938,-0.016800000000000002,5
282,-0.019360000000000002,-0.014400000000000001,5
283,-0.019340000000000003,-0.014400000000000001,5
284,-0.01932,-0.009600000000000001,5
285,-0.0193,-0.027200000000000002,5
286,-0.019280000000000002,-0.028800000000000003,5
287,-0.01926,-0.0256,5
288,-0.01924,-0.024,5
289,-0.01922,-0.024,5
290,-0.019200000000000002,-0.024800000000000003,5
291,-0.019180000000000003,-0.023200000000000002,5
292,-0.01916,-0.0224,5
293,-0.01914,-0.023200000000000002,5
294,-0.01912,-0.016800000000000002,5
295,-0.0191,-0.012,5
296,-0.01908,-0.010400000000000001,5
297,-0.01906,-0.012,5
298,-0.01904,-0.014400000000000001,5
299,-0.019020000000000002,-0.0216,5
300,-0.019000000000000003,-0.02,5
301,-0.01898,-0.020800000000000003,5
302,-0.01896,-0.016,5
303,-0.018940000000000002,-0.014400000000000001,5
304,-0.01892,-0.010400000000000001,5
305,-0.0189,-0.009600000000000001,5
306,-0.01888,-0.009600000000000001,5
307,-0.018860000000000002,-0.0064,5
308,-0.018840000000000003,-0.0264,5
309,-0.01882,-0.0264,5
310,-0.0188,-0.024800000000000003,5
311,-0.01878,-0.0264,5
312,-0.01876,-0.0216,5
313,-0.01874,-0.016800000000000002,5
314,-0.01872,-0.016800000000000002,5
315,-0.0187,-0.0152,5
316,-0.018680000000000002,-0.0112,5
317,-0.018660000000000003,-0.013600000000000001,5
318,-0.01864,-0.0184,5
319,-0.01862,-0.0264,5
320,-0.018600000000000002,-0.024800000000000003,5
321,-0.01858,-0.024800000000000003,5
322,-0.01856,-0.1416,5
323,-0.01854,-0.1384,5
324,-0.018520000000000002,-0.1288,5
325,-0.018500000000000003,-0.1168,5
326,-0.01848,-0.108,5
327,-0.01846,-0.0944,5
328,-0.01844,-0.0896,5
329,-0.01842,-0.0848,5
330,-0.0184,-0.08,5
331,-0.01838,-0.0736,5
332,-0.01836,-0.062400000000000004,5
333,-0.018340000000000002,-0.057600000000000005,5
334,-0.018320000000000003,-0.0504,5
335,-0.0183,-0.0448,5
336,-0.01828,-0.038400000000000004,5
337,-0.018260000000000002,-0.041600000000000005,5
338,-0.01824,-0.0368,5
339,-0.01822,-0.0328,5
340,-0.0182,-0.028800000000000003,5
341,-0.01818,-0.0352,5
342,-0.018160000000000003,-0.031200000000000002,5
343,-0.01814,-0.027200000000000002,5
344,-0.01812,-0.027200000000000002,5
345,-0.0181,-0.024800000000000003,5
346,-0.01808,-0.02,5
347,-0.01806,-0.02,5
348,-0.01804,-0.016800000000000002,5
349,-0.01802,-0.016800000000000002,5
350,-0.018000000000000002,-0.031200000000000002,5
351,-0.017980000000000003,-0.0256,5
352,-0.01796,-0.023200000000000002,5
353,-0.01794,-0.020800000000000003,5
354,-0.017920000000000002,-0.0184,5
355,-0.0179,-0.0176,5
356,-0.01788,-0.016800000000000002,5
357,-0.01786,-0.0152,5
358,-0.01784,-0.016,5
359,-0.017820000000000003,-0.019200000000000002,5
360,-0.0178,-0.0152,5
361,-0.01778,-0.019200000000000002,5
362,-0.01776,-0.0216,5
363,-0.01774,-0.0184,5
364,-0.01772,-0.0176,5
365,-0.0177,-0.0176,5
366,-0.01768,-0.0184,5
367,-0.017660000000000002,-0.0176,5
368,-0.017640000000000003,-0.010400000000000001,5
369,-0.01762,-0.0112,5
370,-0.0176,-0.0128,5
371,-0.017580000000000002,-0.0048000000000000004,5
372,-0.01756,-0.0112,5
373,-0.01754,-0.004,5
374,-0.01752,-0.0048000000000000004,5
375,-0.0175,-0.007200000000000001,5
376,-0.017480000000000002,-0.0032,5
377,-0.01746,-0.0064,5
378,-0.01744,-0.0128,5
379,-0.01742,-0.016,5
380,-0.0174,-0.009600000000000001,5
381,-0.01738,-0.0064,5
382,-0.01736,-0.009600000000000001,5
383,-0.01734,-0.010400000000000001,5
384,-0.017320000000000002,-0.0112,5
385,-0.017300000000000003,-0.012,5
386,-0.01728,-0.012,5
387,-0.01726,-0.0152,5
388,-0.017240000000000002,-0.0112,5
389,-0.01722,-0.0112,5
390,-0.0172,-0.0048000000000000004,5
391,-0.01718,-0.0064,5
392,-0.01716,-0.0048000000000000004,5
393,-0.017140000000000002,-0.004,5
394,-0.017120000000000003,-0.0064,5
395,-0.0171,-0.0024000000000000002,5
396,-0.01708,-0.0016,5
397,-0.01706,-0.008,5
398,-0.01704,-0.0064,5
399,-0.01702,-0.010400000000000001,5
400,-0.017,-0.012,5
401,-0.016980000000000002,-0.012,5
402,-0.016960000000000003,-0.014400000000000001,5
403,-0.01694,-0.0176,5
404,-0.01692,-0.016,5
405,-0.0169,-0.0128,5
406,-0.01688,-0.009600000000000001,5
407,-0.01686,-0.009600000000000001,5
408,-0.01684,-0.009600000000000001,5
409,-0.01682,-0.0064,5
410,-0.016800000000000002,-0.0056,5
411,-0.016780000000000003,-0.004,5
412,-0.01676,-0.0064,5
413,-0.01674,-0.010400000000000001,5
414,-0.01672,-0.010400000000000001,5
415,-0.0167,-0.007200000000000001,5
416,-0.01668,-0.013600000000000001,5
417,-0.01666,-0.0048000000000000004,5
418,-0.016640000000000002,-0.013600000000000001,5
419,-0.016620000000000003,-0.0112,5
420,-0.0166,-0.009600000000000001,5
421,-0.01658,-0.019200000000000002,5
422,-0.01656,-0.0128,5
423,-0.01654,-0.012,5
424,-0.01652,-0.007200000000000001,5
425,-0.0165,-0.012,5
426,-0.01648,-0.0128,5
427,-0.016460000000000002,-0.0088,5
428,-0.016440000000000003,-0.0176,5
429,-0.01642,-0.020800000000000003,5
430,-0.0164,-0.0176,5
431,-0.01638,-0.0128,5
432,-0.01636,-0.0128,5
433,-0.01634,-0.014400000000000001,5
434,-0.01632,-0.0256,5
435,-0.016300000000000002,-0.024800000000000003,5
436,-0.016280000000000003,-0.033600000000000005,5
437,-0.01626,-0.028,5
438,-0.01624,-0.0224,5
439,-0.01622,-0.020800000000000003,5
440,-0.0162,-0.016,5
441,-0.01618,-0.0264,5
442,-0.01616,-0.024800000000000003,5
443,-0.01614,-0.024800000000000003,5
444,-0.016120000000000002,-0.0184,5
445,-0.016100000000000003,-0.0176,5
446,-0.01608,-0.016800000000000002,5
447,-0.01606,-0.0216,5
448,-0.01604,-0.0152,5
449,-0.01602,-0.016,5
450,-0.016,-0.0112,5
451,-0.01598,-0.016800000000000002,5
452,-0.015960000000000002,-0.0152,5
453,-0.015940000000000003,-0.033600000000000005,5
454,-0.01592,-0.031200000000000002,5
455,-0.0159,-0.036000000000000004,5
456,-0.01588,-0.0328,5
457,-0.01586,-0.0304,5
458,-0.01584,-0.024800000000000003,5
459,-0.01582,-0.024,5
460,-0.0158,-0.0224,5
461,-0.015780000000000002,-0.020800000000000003,5
462,-0.015760000000000003,-0.0176,5
463,-0.01574,-0.0152,5
464,-0.01572,-0.012,5
465,-0.0157,-0.0128,5
466,-0.01568,-0.0088,5
467,-0.01566,-0.007200000000000001,5
468,-0.01564,-0.0128,5
469,-0.01562,-0.0112,5
470,-0.015600000000000001,-0.008,5
471,-0.01558,-0.016,5
472,-0.015560000000000001,-0.010400000000000001,5
473,-0.01554,-0.0112,5
474,-0.01552,-0.012,5
475,-0.0155,-0.0112,5
476,-0.01548,-0.0216,5
477,-0.01546,-0.0176,5
478,-0.01544,-0.0152,5
479,-0.015420000000000001,-0.016,5
480,-0.0154,-0.016,5
481,-0.015380000000000001,-0.020800000000000003,5
482,-0.01536,-0.019200000000000002,5
483,-0.015340000000000001,-0.016,5
484,-0.01532,-0.014400000000000001,5
485,-0.015300000000000001,-0.013600000000000001,5
486,-0.01528,-0.0128,5
487,-0.015260000000000001,-0.0112,5
488,-0.01524,-0.009600000000000001,5
489,-0.015220000000000001,-0.0088,5
490,-0.0152,-0.007200000000000001,5
491,-0.01518,-0.004,5
492,-0.01516,-0.007200000000000001,5
493,-0.01514,-0.0056,5
494,-0.01512,-0.0016,5
495,-0.0151,-0.0024000000000000002,5
496,-0.015080000000000001,-0.008,5
497,-0.01506,-0.0088,5
498,-0.015040000000000001,-0.007200000000000001,5
499,-0.01502,-0.02,5
500,-0.015000000000000001,-0.0152,5
501,-0.01498,-0.0128,5
502,-0.014960000000000001,-0.012,5
503,-0.01494,-0.009600000000000001,5
504,-0.014920000000000001,-0.0128,5
505,-0.0149,-0.0088,5
506,-0.01488,-0.012,5
507,-0.01486,-0.0304,5
508,-0.01484,-0.0368,5
509,-0.01482,-0.0304,5
510,-0.0148,-0.028,5
511,-0.01478,-0.041600000000000005,5
512,-0.01476,-0.033600000000000005,5
513,-0.014740000000000001,-0.038400000000000004,5
514,-0.01472,-0.038400000000000004,5
515,-0.014700000000000001,-0.0376,5
516,-0.01468,-0.0352,5
517,-0.014660000000000001,-0.0368,5
518,-0.01464,-0.0392,5
519,-0.014620000000000001,-0.0392,5
520,-0.0146,-0.0368,5
521,-0.014580000000000001,-0.031200000000000002,5
522,-0.01456,-0.027200000000000002,5
523,-0.01454,-0.024800000000000003,5
524,-0.01452,-0.020800000000000003,5
525,-0.0145,-0.020800000000000003,5
526,-0.01448,-0.014400000000000001,5
527,-0.01446,-0.016800000000000002,5
528,-0.01444,-0.016800000000000002,5
529,-0.01442,-0.013600000000000001,5
530,-0.014400000000000001,-0.009600000000000001,5
531,-0.01438,-0.0152,5
532,-0.014360000000000001,-0.0112,5
533,-0.01434,-0.0112,5
534,-0.014320000000000001,-0.0088,5
535,-0.0143,-0.0056,5
536,-0.014280000000000001,-0.004,5
537,-0.01426,-0.0088,5
538,-0.014240000000000001,-0.0088,5
539,-0.01422,-0.0064,5
540,-0.0142,-0.0056,5
541,-0.01418,-0.0088,5
542,-0.01416,-0.0056,5
543,-0.01414,-0.008,5
544,-0.01412,-0.007200000000000001,5
545,-0.0141,-0.0064,5
546,-0.01408,-0.0112,5
547,-0.014060000000000001,-0.014400000000000001,5
548,-0.01404,-0.0088,5
549,-0.014020000000000001,-0.009600000000000001,5
550,-0.014,-0.009600000000000001,5
551,-0.013980000000000001,-0.012,5
552,-0.01396,-0.0112,5
553,-0.013940000000000001,-0.0088,5
554,-0.01392,-0.007200000000000001,5
555,-0.013900000000000001,-0.007200000000000001,5
556,-0.01388,-0.0112,5
557,-0.01386,-0.0064,5
558,-0.01384,-0.008,5
559,-0.01382,-0.004,5
560,-0.0138,-0.008,5
561,-0.01378,-0.0032,5
562,-0.01376,-0.0048000000000000004,5
563,-0.01374,-0.016,5
564,-0.013720000000000001,-0.014400000000000001,5
565,-0.0137,-0.0128,5
566,-0.013680000000000001,-0.020800000000000003,5
567,-0.01366,-0.019200000000000002,5
568,-0.013640000000000001,-0.0176,5
569,-0.01362,-0.02,5
570,-0.013600000000000001,-0.0216,5
571,-0.01358,-0.02,5
572,-0.013560000000000001,-0.019200000000000002,5
573,-0.01354,-0.016,5
574,-0.01352,-0.0176,5
575,-0.0135,-0.024,5
576,-0.01348,-0.0184,5
577,-0.01346,-0.019200000000000002,5
578,-0.01344,-0.016800000000000002,5
579,-0.01342,-0.0184,5
580,-0.0134,-0.024800000000000003,5
581,-0.013380000000000001,-0.0176,5
582,-0.01336,-0.0184,5
583,-0.013340000000000001,-0.013600000000000001,5
584,-0.01332,-0.0256,5
585,-0.013300000000000001,-0.0224,5
586,-0.01328,-0.020800000000000003,5
587,-0.013260000000000001,-0.0184,5
588,-0.01324,-0.016800000000000002,5
589,-0.01322,-0.019200000000000002,5
590,-0.0132,-0.013600000000000001,5
591,-0.01318,-0.0176,5
592,-0.01316,-0.0152,5
593,-0.01314,-0.012,5
594,-0.01312,-0.0152,5
595,-0.0131,-0.016,5
596,-0.01308,-0.013600000000000001,5
597,-0.01306,-0.014400000000000001,5
598,-0.013040000000000001,-0.0088,5
599,-0.01302,-0.009600000000000001,5
600,-0.013000000000000001,-0.0112,5
601,-0.01298,-0.007200000000000001,5
602,-0.012960000000000001,-0.012,5
603,-0.01294,-0.0152,5
604,-0.012920000000000001,-0.0128,5
605,-0.0129,-0.0128,5
606,-0.01288,-0.016800000000000002,5
607,-0.01286,-0.0128,5
608,-0.01284,-0.013600000000000001,5
609,-0.01282,-0.024,5
610,-0.0128,-0.0216,5
611,-0.01278,-0.02,5
612,-0.01276,-0.0184,5
613,-0.01274,-0.0176,5
614,-0.01272,-0.02,5
615,-0.012700000000000001,-0.0176,5
616,-0.01268,-0.0216,5
617,-0.012660000000000001,-0.013600000000000001,5
618,-0.01264,-0.013600000000000001,5
619,-0.012620000000000001,-0.02,5
620,-0.0126,-0.016800000000000002,5
621,-0.012580000000000001,-0.0216,5
622,-0.01256,-0.016,5
623,-0.01254,-0.0112,5
624,-0.01252,-0.009600000000000001,5
625,-0.0125,-0.016800000000000002,5
626,-0.01248,-0.012,5
627,-0.01246,-0.0128,5
628,-0.01244,-0.0112,5
629,-0.01242,-0.0176,5
630,-0.0124,-0.019200000000000002,5
631,-0.01238,-0.016800000000000002,5
632,-0.012360000000000001,-0.0184,5
633,-0.01234,-0.016800000000000002,5
634,-0.012320000000000001,-0.036000000000000004,5
635,-0.0123,-0.028,5
636,-0.012280000000000001,-0.0368,5
637,-0.01226,-0.031200000000000002,5
638,-0.012240000000000001,-0.0328,5
639,-0.01222,-0.0296,5
640,-0.0122,-0.031200000000000002,5
641,-0.01218,-0.0256,5
642,-0.01216,-0.0256,5
643,-0.01214,-0.0256,5
644,-0.01212,-0.031200000000000002,5
645,-0.0121,-0.032,5
646,-0.01208,-0.0256,5
647,-0.01206,-0.033600000000000005,5
648,-0.01204,-0.0344,5
649,-0.012020000000000001,-0.0328,5
650,-0.012,-0.028800000000000003,5
651,-0.011980000000000001,-0.024,5
652,-0.01196,-0.0216,5
653,-0.011940000000000001,-0.023200000000000002,5
654,-0.01192,-0.02,5
655,-0.0119,-0.023200000000000002,5
656,-0.01188,-0.02,5
657,-0.01186,-0.014400000000000001,5
658,-0.01184,-0.013600000000000001,5
659,-0.01182,-0.0152,5
660,-0.0118,-0.0128,5
661,-0.01178,-0.016,5
662,-0.01176,-0.0176,5
663,-0.01174,-0.0176,5
664,-0.01172,-0.012,5
665,-0.0117,-0.0184,5
666,-0.011680000000000001,-0.02,5
667,-0.01166,-0.0152,5
668,-0.011640000000000001,-0.0152,5
669,-0.01162,-0.0176,5
670,-0.011600000000000001,-0.0088,5
671,-0.01158,-0.0152,5
672,-0.01156,-0.009600000000000001,5
673,-0.01154,-0.010400000000000001,5
674,-0.01152,-0.010400000000000001,5
675,-0.0115,-0.009600000000000001,5
676,-0.01148,-0.0056,5
677,-0.01146,-0.012,5
678,-0.01144,-0.012,5
679,-0.01142,-0.013600000000000001,5
680,-0.0114,-0.016800000000000002,5
681,-0.01138,-0.0152,5
682,-0.01136,-0.014400000000000001,5
683,-0.011340000000000001,-0.012,5
684,-0.01132,-0.0296,5
685,-0.011300000000000001,-0.0224,5
686,-0.01128,-0.0216,5
687,-0.011260000000000001,-0.02,5
688,-0.01124,-0.0216,5
689,-0.01122,-0.0224,5
690,-0.0112,-0.0184,5
691,-0.01118,-0.0184,5
692,-0.01116,-0.0152,5
693,-0.01114,-0.014400000000000001,5
694,-0.01112,-0.0216,5
695,-0.0111,-0.012,5
696,-0.01108,-0.023200000000000002,5
697,-0.01106,-0.023200000000000002,5
698,-0.01104,-0.0264,5
699,-0.01102,-0.024,5
700,-0.011000000000000001,-0.024,5
701,-0.01098,-0.0176,5
702,-0.010960000000000001,-0.0264,5
703,-0.01094,-0.0256,5
704,-0.010920000000000001,-0.023200000000000002,5
705,-0.0109,-0.0184,5
706,-0.01088,-0.023200000000000002,5
707,-0.01086,-0.0176,5
708,-0.01084,-0.02,5
709,-0.01082,-0.016,5
710,-0.0108,-0.016800000000000002,5
711,-0.01078,-0.0184,5
712,-0.01076,-0.0152,5
713,-0.01074,-0.0184,5
714,-0.01072,-0.016,5
715,-0.0107,-0.0304,5
716,-0.01068,-0.0224,5
717,-0.010660000000000001,-0.0328,5
718,-0.01064,-0.0256,5
719,-0.010620000000000001,-0.0256,5
720,-0.0106,-0.0304,5
721,-0.01058,-0.031200000000000002,5
722,-0.01056,-0.027200000000000002,5
723,-0.01054,-0.024800000000000003,5
724,-0.01052,-0.024,5
725,-0.0105,-0.020800000000000003,5
726,-0.01048,-0.0184,5
727,-0.01046,-0.028,5
728,-0.01044,-0.041600000000000005,5
729,-0.01042,-0.0376,5
730,-0.0104,-0.033600000000000005,5
731,-0.01038,-0.031200000000000002,5
732,-0.01036,-0.0304,5
733,-0.01034,-0.028800000000000003,5
734,-0.010320000000000001,-0.023200000000000002,5
735,-0.0103,-0.031200000000000002,5
736,-0.010280000000000001,-0.024800000000000003,5
737,-0.01026,-0.0256,5
738,-0.01024,-0.02,5
739,-0.01022,-0.020800000000000003,5
740,-0.0102,-0.019200000000000002,5
741,-0.01018,-0.02,5
742,-0.01016,-0.0216,5
743,-0.01014,-0.019200000000000002,5
744,-0.01012,-0.0184,5
745,-0.0101,-0.0184,5
746,-0.01008,-0.0216,5
747,-0.01006,-0.024,5
748,-0.01004,-0.024,5
749,-0.01002,-0.024800000000000003,5
750,-0.01,-0.027200000000000002,5
751,-0.009980000000000001,-0.024800000000000003,5
752,-0.00996,-0.027200000000000002,5
753,-0.009940000000000001,-0.0224,5
754,-0.00992,-0.0184,5
755,-0.0099,-0.0184,5
756,-0.00988,-0.0184,5
757,-0.00986,-0.0176,5
758,-0.00984,-0.0152,5
759,-0.00982,-0.013600000000000001,5
760,-0.0098,-0.014400000000000001,5
761,-0.00978,-0.009600000000000001,5
762,-0.00976,-0.012,5
763,-0.00974,-0.012,5
764,-0.00972,-0.0112,5
765,-0.0097,-0.010400000000000001,5
766,-0.00968,-0.014400000000000001,5
767,-0.00966,-0.0064,5
768,-0.00964,-0.004,5
769,-0.00962,-0.0064,5
770,-0.009600000000000001,-0.0088,5
771,-0.00958,-0.012,5
772,-0.00956,-0.0128,5
773,-0.00954,-0.0088,5
774,-0.00952,-0.0056,5
775,-0.0095,-0.004,5
776,-0.00948,-0.0064,5
777,-0.00946,-0.0088,5
778,-0.00944,-0.0056,5
779,-0.00942,-0.010400000000000001,5
780,-0.0094,-0.014400000000000001,5
781,-0.00938,-0.0216,5
782,-0.00936,-0.0184,5
783,-0.009340000000000001,-0.019200000000000002,5
784,-0.009319999999999998,-0.0176,5
785,-0.0093,-0.0152,5
786,-0.00928,-0.024,5
787,-0.009260000000000001,-0.023200000000000002,5
788,-0.009240000000000002,-0.02,5
789,-0.009219999999999999,-0.0184,5
790,-0.0092,-0.0216,5
791,-0.00918,-0.02,5
792,-0.009160000000000001,-0.0184,5
793,-0.009139999999999999,-0.014400000000000001,5
794,-0.00912,-0.016800000000000002,5
795,-0.0091,-0.016,5
796,-0.009080000000000001,-0.009600000000000001,5
797,-0.009059999999999999,-0.0112,5
798,-0.00904,-0.0112,5
799,-0.00902,-0.0152,5
800,-0.009000000000000001,-0.013600000000000001,5
801,-0.008979999999999998,-0.0176,5
802,-0.00896,-0.02,5
803,-0.00894,-0.016800000000000002,5
804,-0.00892,-0.0264,5
805,-0.008900000000000002,-0.028800000000000003,5
806,-0.008879999999999999,-0.023200000000000002,5
807,-0.00886,-0.0184,5
808,-0.00884,-0.024,5
809,-0.008820000000000001,-0.020800000000000003,5
810,-0.008799999999999999,-0.0224,5
811,-0.00878,-0.016800000000000002,5
812,-0.00876,-0.0256,5
813,-0.008740000000000001,-0.020800000000000003,5
814,-0.008719999999999999,-0.019200000000000002,5
815,-0.0087,-0.019200000000000002,5
816,-0.00868,-0.016800000000000002,5
817,-0.008660000000000001,-0.0176,5
818,-0.008639999999999998,-0.016,5
819,-0.00862,-0.0152,5
820,-0.0086,-0.013600000000000001,5
821,-0.00858,-0.0112,5
822,-0.008560000000000002,-0.0256,5
823,-0.008539999999999999,-0.019200000000000002,5
824,-0.00852,-0.0216,5
825,-0.0085,-0.0224,5
826,-0.008480000000000001,-0.02,5
827,-0.008459999999999999,-0.013600000000000001,5
828,-0.00844,-0.0176,5
829,-0.00842,-0.0176,5
830,-0.008400000000000001,-0.024,5
831,-0.008379999999999999,-0.0176,5
832,-0.00836,-0.0184,5
833,-0.00834,-0.0264,5
834,-0.008320000000000001,-0.028,5
835,-0.008299999999999998,-0.024800000000000003,5
836,-0.00828,-0.0216,5
837,-0.00826,-0.0216,5
838,-0.00824,-0.019200000000000002,5
839,-0.008220000000000002,-0.027200000000000002,5
840,-0.008199999999999999,-0.028,5
841,-0.00818,-0.024,5
842,-0.00816,-0.0256,5
843,-0.008140000000000001,-0.028800000000000003,5
844,-0.008119999999999999,-0.028800000000000003,5
845,-0.0081,-0.024800000000000003,5
846,-0.00808,-0.024800000000000003,5
847,-0.008060000000000001,-0.028800000000000003,5
848,-0.008039999999999999,-0.028800000000000003,5
849,-0.00802,-0.024,5
850,-0.008,-0.024,5
851,-0.007980000000000001,-0.0256,5
852,-0.007959999999999998,-0.0224,5
853,-0.00794,-0.024,5
854,-0.00792,-0.0216,5
855,-0.0079,-0.0176,5
856,-0.007880000000000002,-0.019200000000000002,5
857,-0.007859999999999999,-0.016800000000000002,5
858,-0.00784,-0.016800000000000002,5
859,-0.00782,-0.0176,5
860,-0.007800000000000001,-0.0152,5
861,-0.007779999999999999,-0.016800000000000002,5
862,-0.0077599999999999995,-0.0128,5
863,-0.00774,-0.010400000000000001,5
864,-0.007720000000000001,-0.012,5
865,-0.0076999999999999985,-0.009600000000000001,5
866,-0.007679999999999999,-0.0064,5
867,-0.00766,-0.009600000000000001,5
868,-0.007640000000000001,-0.0112,5
869,-0.007619999999999998,-0.0088,5
870,-0.007599999999999999,-0.0088,5
871,-0.00758,-0.007200000000000001,5
872,-0.007560000000000001,-0.0048000000000000004,5
873,-0.0075400000000000016,-0.0064,5
874,-0.007519999999999999,-0.013600000000000001,5
875,-0.0075,-0.010400000000000001,5
876,-0.0074800000000000005,-0.013600000000000001,5
877,-0.007460000000000001,-0.0112,5
878,-0.007439999999999999,-0.009600000000000001,5
879,-0.0074199999999999995,-0.0112,5
880,-0.0074,-0.0152,5
881,-0.007380000000000001,-0.0152,5
882,-0.0073599999999999985,-0.014400000000000001,5
883,-0.007339999999999999,-0.010400000000000001,5
884,-0.00732,-0.012,5
885,-0.007300000000000001,-0.0152,5
886,-0.007279999999999998,-0.0176,5
887,-0.007259999999999999,-0.014400000000000001,5
888,-0.00724,-0.0112,5
889,-0.007220000000000001,-0.0128,5
890,-0.0072000000000000015,-0.009600000000000001,5
891,-0.007179999999999999,-0.0112,5
892,-0.00716,-0.012,5
893,-0.0071400000000000005,-0.012,5
894,-0.007120000000000001,-0.0152,5
895,-0.007099999999999999,-0.0152,5
896,-0.0070799999999999995,-0.014400000000000001,5
897,-0.00706,-0.033600000000000005,5
898,-0.007040000000000001,-0.0296,5
899,-0.0070199999999999985,-0.0264,5
900,-0.006999999999999999,-0.0264,5
901,-0.00698,-0.024,5
902,-0.006960000000000001,-0.019200000000000002,5
903,-0.006939999999999998,-0.02,5
904,-0.006919999999999999,-0.0176,5
905,-0.0069,-0.0152,5
906,-0.006880000000000001,-0.0176,5
907,-0.0068600000000000015,-0.016,5
908,-0.006839999999999999,-0.013600000000000001,5
909,-0.00682,-0.0112,5
910,-0.0068000000000000005,-0.0064,5
911,-0.006780000000000001,-0.009600000000000001,5
912,-0.006759999999999999,-0.0408,5
913,-0.0067399999999999995,-0.0344,5
914,-0.00672,-0.0304,5
915,-0.006700000000000001,-0.0456,5
916,-0.0066799999999999984,-0.0408,5
917,-0.006659999999999999,-0.0376,5
918,-0.00664,-0.0352,5
919,-0.006620000000000001,-0.0352,5
920,-0.006599999999999998,-0.028,5
921,-0.006579999999999999,-0.028800000000000003,5
922,-0.00656,-0.0256,5
923,-0.006540000000000001,-0.02,5
924,-0.0065200000000000015,-0.020800000000000003,5
925,-0.006499999999999999,-0.020800000000000003,5
926,-0.00648,-0.016,5
927,-0.0064600000000000005,-0.014400000000000001,5
928,-0.006440000000000001,-0.016800000000000002,5
929,-0.006419999999999999,-0.0152,5
930,-0.0063999999999999994,-0.028800000000000003,5
931,-0.00638,-0.028800000000000003,5
932,-0.006360000000000001,-0.023200000000000002,5
933,-0.006339999999999998,-0.024800000000000003,5
934,-0.006319999999999999,-0.023200000000000002,5
935,-0.0063,-0.0224,5
936,-0.006280000000000001,-0.02,5
937,-0.006259999999999998,-0.016800000000000002,5
938,-0.006239999999999999,-0.0256,5
939,-0.00622,-0.023200000000000002,5
940,-0.006200000000000001,-0.019200000000000002,5
941,-0.0061800000000000015,-0.023200000000000002,5
942,-0.006159999999999999,-0.024800000000000003,5
943,-0.00614,-0.0256,5
944,-0.0061200000000000004,-0.024800000000000003,5
945,-0.006100000000000001,-0.0264,5
946,-0.006079999999999999,-0.020800000000000003,5
947,-0.006059999999999999,-0.024,5
948,-0.00604,-0.023200000000000002,5
949,-0.006020000000000001,-0.0224,5
950,-0.005999999999999998,-0.016800000000000002,5
951,-0.005979999999999999,-0.0152,5
952,-0.00596,-0.014400000000000001,5
953,-0.005940000000000001,-0.0376,5
954,-0.005919999999999998,-0.0376,5
955,-0.005899999999999999,-0.0304,5
956,-0.00588,-0.028,5
957,-0.005860000000000001,-0.028,5
958,-0.0058400000000000014,-0.0264,5
959,-0.005819999999999999,-0.024,5
960,-0.0058,-0.020800000000000003,5
961,-0.00578,-0.019200000000000002,5
962,-0.005760000000000001,-0.0176,5
963,-0.005739999999999999,-0.0176,5
964,-0.005719999999999999,-0.0184,5
965,-0.0057,-0.014400000000000001,5
966,-0.005680000000000001,-0.0112,5
967,-0.005659999999999998,-0.012,5
968,-0.005639999999999999,-0.008,5
969,-0.00562,-0.008,5
970,-0.005600000000000001,-0.0088,5
971,-0.005579999999999998,-0.004,5
972,-0.005559999999999999,-0.008,5
973,-0.00554,-0.009600000000000001,5
974,-0.005520000000000001,-0.0088,5
975,-0.005500000000000001,-0.008,5
976,-0.005479999999999999,-0.0064,5
977,-0.00546,-0.0152,5
978,-0.00544,-0.0128,5
979,-0.005420000000000001,-0.0128,5
980,-0.0053999999999999986,-0.0112,5
981,-0.005379999999999999,-0.010400000000000001,5
982,-0.00536,-0.013600000000000001,5
983,-0.005340000000000001,-0.0128,5
984,-0.005319999999999998,-0.0128,5
985,-0.005299999999999999,-0.0088,5
986,-0.00528,-0.0088,5
987,-0.005260000000000001,-0.007200000000000001,5
988,-0.005239999999999998,-0.0128,5
989,-0.005219999999999999,-0.007200000000000001,5
990,-0.0052,-0.007200000000000001,5
991,-0.005180000000000001,-0.008,5
992,-0.005160000000000001,-0.009600000000000001,5
993,-0.005139999999999999,-0.0064,5
994,-0.0051199999999999996,-0.004,5
995,-0.0051,-0.014400000000000001,5
996,-0.005080000000000001,-0.0128,5
997,-0.0050599999999999985,-0.009600000000000001,5
998,-0.005039999999999999,-0.009600000000000001,5
999,-0.00502,-0.024,5
1000,-0.005000000000000001,-0.0224,5
1001,-0.004979999999999998,-0.020800000000000003,5
1002,-0.004959999999999999,-0.016800000000000002,5
1003,-0.00494,-0.014400000000000001,5
1004,-0.004920000000000001,-0.0176,5
1005,-0.004899999999999998,-0.014400000000000001,5
1006,-0.004879999999999999,-0.0152,5
1007,-0.00486,-0.0152,5
1008,-0.0048400000000000006,-0.014400000000000001,5
1009,-0.004820000000000001,-0.0088,5
1010,-0.004799999999999999,-0.0112,5
1011,-0.0047799999999999995,-0.0128,5
1012,-0.00476,-0.0152,5
1013,-0.004740000000000001,-0.02,5
1014,-0.0047199999999999985,-0.020800000000000003,5
1015,-0.004699999999999999,-0.0152,5
1016,-0.00468,-0.012,5
1017,-0.004660000000000001,-0.012,5
1018,-0.004639999999999998,-0.014400000000000001,5
1019,-0.004619999999999999,-0.0128,5
1020,-0.0046,-0.0112,5
1021,-0.004580000000000001,-0.0112,5
1022,-0.004559999999999998,-0.027200000000000002,5
1023,-0.004539999999999999,-0.028800000000000003,5
1024,-0.00452,-0.024800000000000003,5
1025,-0.0045000000000000005,-0.027200000000000002,5
1026,-0.004480000000000001,-0.0216,5
1027,-0.004459999999999999,-0.0184,5
1028,-0.0044399999999999995,-0.0176,5
1029,-0.00442,-0.016,5
1030,-0.004400000000000001,-0.0176,5
1031,-0.0043799999999999985,-0.0176,5
1032,-0.004359999999999999,-0.013600000000000001,5
1033,-0.00434,-0.0112,5
1034,-0.004320000000000001,-0.009600000000000001,5
1035,-0.004299999999999998,-0.010400000000000001,5
1036,-0.004279999999999999,-0.012,5
1037,-0.00426,-0.009600000000000001,5
1038,-0.004240000000000001,-0.009600000000000001,5
1039,-0.004219999999999998,-0.0064,5
1040,-0.004199999999999999,-0.0056,5
1041,-0.00418,-0.004,5
1042,-0.0041600000000000005,-0.007200000000000001,5
1043,-0.004140000000000001,-0.0024000000000000002,5
1044,-0.004119999999999999,-0.004,5
1045,-0.0040999999999999995,-0.0024000000000000002,5
1046,-0.00408,-0.0024000000000000002,5
1047,-0.004060000000000001,-0.0048000000000000004,5
1048,-0.0040399999999999985,-0.004,5
1049,-0.004019999999999999,-0.0032,5
1050,-0.004,0.0,5
1051,-0.003980000000000001,-0.0056,5
1052,-0.003959999999999998,-0.010400000000000001,5
1053,-0.003939999999999999,-0.02,5
1054,-0.00392,-0.027200000000000002,5
1055,-0.0039000000000000007,-0.020800000000000003,5
1056,-0.003879999999999998,-0.0216,5
1057,-0.003859999999999999,-0.023200000000000002,5
1058,-0.0038399999999999997,-0.0152,5
1059,-0.0038200000000000005,-0.012,5
1060,-0.0038000000000000013,-0.013600000000000001,5
1061,-0.0037799999999999986,-0.0152,5
1062,-0.0037599999999999995,-0.0216,5
1063,-0.0037400000000000003,-0.020800000000000003,5
1064,-0.003720000000000001,-0.023200000000000002,5
1065,-0.0036999999999999984,-0.0216,5
1066,-0.0036799999999999992,-0.0176,5
1067,-0.00366,-0.014400000000000001,5
1068,-0.003640000000000001,-0.016,5
1069,-0.0036199999999999982,-0.019200000000000002,5
1070,-0.003599999999999999,-0.0176,5
1071,-0.00358,-0.014400000000000001,5
1072,-0.0035600000000000007,-0.016,5
1073,-0.003539999999999998,-0.0128,5
1074,-0.003519999999999999,-0.0112,5
1075,-0.0034999999999999996,-0.009600000000000001,5
1076,-0.0034800000000000005,-0.016800000000000002,5
1077,-0.0034600000000000013,-0.0176,5
1078,-0.0034399999999999986,-0.0184,5
1079,-0.0034199999999999994,-0.0128,5
1080,-0.0034000000000000002,-0.013600000000000001,5
1081,-0.003380000000000001,-0.0128,5
1082,-0.0033599999999999984,-0.0112,5
1083,-0.0033399999999999992,-0.0088,5
1084,-0.00332,-0.008,5
1085,-0.003300000000000001,-0.0064,5
1086,-0.003279999999999998,-0.0152,5
1087,-0.003259999999999999,-0.0328,5
1088,-0.00324,-0.0344,5
1089,-0.0032200000000000006,-0.0304,5
1090,-0.003199999999999998,-0.024800000000000003,5
1091,-0.003179999999999999,-0.024800000000000003,5
1092,-0.0031599999999999996,-0.024800000000000003,5
1093,-0.0031400000000000004,-0.024,5
1094,-0.0031200000000000012,-0.032,5
1095,-0.0030999999999999986,-0.0392,5
1096,-0.0030799999999999994,-0.033600000000000005,5
1097,-0.0030600000000000002,-0.028,5
1098,-0.003040000000000001,-0.032,5
1099,-0.0030199999999999984,-0.0304,5
1100,-0.002999999999999999,-0.0344,5
1101,-0.00298,-0.028,5
1102,-0.002960000000000001,-0.027200000000000002,5
1103,-0.002939999999999998,-0.0264,5
1104,-0.002919999999999999,-0.019200000000000002,5
1105,-0.0029,-0.016800000000000002,5
1106,-0.0028800000000000006,-0.016,5
1107,-0.002859999999999998,-0.016,5
1108,-0.0028399999999999988,-0.010400000000000001,5
1109,-0.0028199999999999996,-0.016800000000000002,5
1110,-0.0028000000000000004,-0.0344,5
1111,-0.0027800000000000012,-0.028,5
1112,-0.0027599999999999986,-0.028,5
1113,-0.0027399999999999994,-0.024,5
1114,-0.00272,-0.020800000000000003,5
1115,-0.002700000000000001,-0.0176,5
1116,-0.0026799999999999984,-0.0176,5
1117,-0.002659999999999999,-0.014400000000000001,5
1118,-0.00264,-0.0152,5
1119,-0.002620000000000001,-0.010400000000000001,5
1120,-0.002599999999999998,-0.0128,5
1121,-0.002579999999999999,-0.010400000000000001,5
1122,-0.0025599999999999998,-0.0088,5
1123,-0.0025400000000000006,-0.0064,5
1124,-0.002519999999999998,-0.007200000000000001,5
1125,-0.0024999999999999988,-0.0048000000000000004,5
1126,-0.0024799999999999996,-0.0064,5
1127,-0.0024600000000000004,-0.004,5
1128,-0.002440000000000001,-0.007200000000000001,5
1129,-0.0024199999999999985,-0.004,5
1130,-0.0023999999999999994,-0.004,5
1131,-0.00238,-0.0056,5
1132,-0.002360000000000001,-0.0016,5
1133,-0.0023399999999999983,-0.0088,5
1134,-0.002319999999999999,-0.010400000000000001,5
1135,-0.0023,-0.012,5
1136,-0.0022800000000000008,-0.016,5
1137,-0.002259999999999998,-0.012,5
1138,-0.002239999999999999,-0.012,5
1139,-0.0022199999999999998,-0.0432,5
1140,-0.0022000000000000006,-0.04,5
1141,-0.002179999999999998,-0.0368,5
1142,-0.0021599999999999987,-0.032,5
1143,-0.0021399999999999995,-0.032,5
1144,-0.0021200000000000004,-0.024,5
1145,-0.002100000000000001,-0.0256,5
1146,-0.0020799999999999985,-0.0224,5
1147,-0.0020599999999999993,-0.031200000000000002,5
1148,-0.00204,-0.024800000000000003,5
1149,-0.002020000000000001,-0.027200000000000002,5
1150,-0.0019999999999999983,-0.028800000000000003,5
1151,-0.001979999999999999,-0.033600000000000005,5
1152,-0.00196,-0.027200000000000002,5
1153,-0.0019400000000000008,-0.0256,5
1154,-0.001919999999999998,-0.023200000000000002,5
1155,-0.001899999999999999,-0.019200000000000002,5
1156,-0.0018799999999999997,-0.0184,5
1157,-0.0018600000000000005,-0.016,5
1158,-0.0018399999999999979,-0.014400000000000001,5
1159,-0.0018199999999999987,-0.0112,5
1160,-0.0017999999999999995,-0.012,5
1161,-0.0017800000000000003,-0.010400000000000001,5
1162,-0.0017600000000000011,-0.0064,5
1163,-0.0017399999999999985,-0.007200000000000001,5
1164,-0.0017199999999999993,-0.008,5
1165,-0.0017000000000000001,-0.0064,5
1166,-0.001680000000000001,-0.0016,5
1167,-0.0016599999999999983,-0.0032,5
1168,-0.001639999999999999,0.0008,5
1169,-0.00162,-0.004,5
1170,-0.0016000000000000007,-0.0128,5
1171,-0.001579999999999998,-0.014400000000000001,5
1172,-0.0015599999999999989,-0.009600000000000001,5
1173,-0.0015399999999999997,-0.009600000000000001,5
1174,-0.0015200000000000005,-0.0056,5
1175,-0.0014999999999999979,-0.0128,5
1176,-0.0014799999999999987,-0.0112,5
1177,-0.0014599999999999995,-0.009600000000000001,5
1178,-0.0014400000000000003,-0.0152,5
1179,-0.0014200000000000011,-0.0112,5
1180,-0.0013999999999999985,-0.0152,5
1181,-0.0013799999999999993,-0.012,5
1182,-0.00136,-0.009600000000000001,5
1183,-0.001340000000000001,-0.0152,5
1184,-0.0013199999999999983,-0.013600000000000001,5
1185,-0.001299999999999999,-0.0088,5
1186,-0.0012799999999999999,-0.012,5
1187,-0.0012600000000000007,-0.0112,5
1188,-0.001239999999999998,-0.0088,5
1189,-0.0012199999999999989,-0.007200000000000001,5
1190,-0.0011999999999999997,-0.0056,5
1191,-0.0011800000000000005,-0.008,5
1192,-0.0011599999999999978,-0.0056,5
1193,-0.0011399999999999987,-0.0032,5
1194,-0.0011199999999999995,-0.0064,5
1195,-0.0011000000000000003,-0.0024000000000000002,5
1196,-0.001080000000000001,-0.0064,5
1197,-0.0010599999999999984,-0.009600000000000001,5
1198,-0.0010399999999999993,-0.004,5
1199,-0.00102,-0.008,5
1200,-0.0010000000000000009,-0.007200000000000001,5
1201,-0.0009799999999999982,-0.0064,5
1202,-0.000959999999999999,-0.0016,5
1203,-0.0009399999999999999,-0.0088,5
1204,-0.0009200000000000007,-0.009600000000000001,5
1205,-0.000899999999999998,-0.007200000000000001,5
1206,-0.0008799999999999988,-0.008,5
1207,-0.0008599999999999997,-0.0032,5
1208,-0.0008400000000000005,-0.0128,5
1209,-0.0008199999999999978,-0.0112,5
1210,-0.0007999999999999986,-0.010400000000000001,5
1211,-0.0007799999999999994,-0.0152,5
1212,-0.0007600000000000003,-0.0152,5
1213,-0.0007400000000000011,-0.013600000000000001,5
1214,-0.0007199999999999984,-0.009600000000000001,5
1215,-0.0006999999999999992,-0.028800000000000003,5
1216,-0.00068,-0.0256,5
1217,-0.0006600000000000009,-0.027200000000000002,5
1218,-0.0006399999999999982,-0.024,5
1219,-0.000619999999999999,-0.019200000000000002,5
1220,-0.0005999999999999998,-0.016800000000000002,5
1221,-0.0005800000000000007,-0.013600000000000001,5
1222,-0.000559999999999998,-0.0152,5
1223,-0.0005399999999999988,-0.012,5
1224,-0.0005199999999999996,-0.012,5
1225,-0.0005000000000000004,-0.0112,5
1226,-0.0004799999999999978,-0.010400000000000001,5
1227,-0.0004599999999999986,-0.016800000000000002,5
1228,-0.0004399999999999994,-0.0176,5
1229,-0.00042000000000000023,-0.0128,5
1230,-0.00040000000000000105,-0.013600000000000001,5
1231,-0.0003799999999999984,-0.008,5
1232,-0.0003599999999999992,-0.0128,5
1233,-0.00034,-0.0088,5
1234,-0.00032000000000000084,-0.0088,5
1235,-0.0002999999999999982,-0.007200000000000001,5
1236,-0.000279999999999999,-0.007200000000000001,5
1237,-0.0002599999999999998,-0.0048000000000000004,5
1238,-0.00024000000000000063,-0.0056,5
1239,-0.00021999999999999797,-0.0056,5
1240,-0.0001999999999999988,-0.0024000000000000002,5
1241,-0.0001799999999999996,-0.0056,5
1242,-0.00016000000000000042,-0.008,5
1243,-0.00013999999999999777,-0.0056,5
1244,-0.00011999999999999858,-0.0032,5
1245,-9.99999999999994e-05,-0.0176,5
1246,-8.000000000000021e-05,-0.016,5
1247,-6.0000000000001025e-05,-0.0128,5
1248,-3.999999999999837e-05,-0.016,5
1249,-1.9999999999999185e-05,-0.013600000000000001,5
1250,0.0,-0.0592,5
1251,1.9999999999999185e-05,-0.054400000000000004,5
1252,4.000000000000184e-05,-0.0512,5
1253,6.0000000000001025e-05,-0.054400000000000004,5
1254,8.000000000000021e-05,-0.0592,5
1255,9.99999999999994e-05,-0.0512,5
1256,0.00012000000000000205,-0.044000000000000004,5
1257,0.00014000000000000123,-0.0408,5
1258,0.00016000000000000042,-0.04,5
1259,0.0001799999999999996,-0.0456,5
1260,0.00020000000000000226,-0.0432,5
1261,0.00022000000000000144,-0.0424,5
1262,0.00024000000000000063,-0.0448,5
1263,0.0002599999999999998,-0.056,5
1264,0.000279999999999999,-0.0528,5
1265,0.00030000000000000165,-0.048,5
1266,0.00032000000000000084,-0.0528,5
1267,0.00034,-0.048,5
1268,0.0003599999999999992,-0.0424,5
1269,0.00038000000000000186,-0.0432,5
1270,0.00040000000000000105,-0.0392,5
1271,0.00042000000000000023,-0.033600000000000005,5
1272,0.0004399999999999994,-0.032,5
1273,0.0004600000000000021,-0.028800000000000003,5
1274,0.00048000000000000126,-0.023200000000000002,5
1275,0.0005000000000000004,-0.023200000000000002,5
1276,0.0005199999999999996,-0.024800000000000003,5
1277,0.0005400000000000023,-0.0296,5
1278,0.0005600000000000015,-0.0256,5
1279,0.0005800000000000007,-0.0256,5
1280,0.0005999999999999998,-0.024,5
1281,0.000619999999999999,-0.02,5
1282,0.0006400000000000017,-0.019200000000000002,5
1283,0.0006600000000000009,-0.0176,5
1284,0.00068,-0.0152,5
1285,0.0006999999999999992,-0.012,5
1286,0.0007200000000000019,-0.0152,5
1287,0.0007400000000000011,-0.0112,5
1288,0.0007600000000000003,-0.010400000000000001,5
1289,0.0007799999999999994,-0.0048000000000000004,5
1290,0.0008000000000000021,-0.0088,5
1291,0.0008200000000000013,-0.007200000000000001,5
1292,0.0008400000000000005,-0.004,5
1293,0.0008599999999999997,-0.004,5
1294,0.0008800000000000023,-0.004,5
1295,0.0009000000000000015,-0.0016,5
1296,0.0009200000000000007,-0.0056,5
1297,0.0009399999999999999,-0.028,5
1298,0.000959999999999999,-0.028800000000000003,5
1299,0.0009800000000000017,-0.0224,5
1300,0.0010000000000000009,-0.020800000000000003,5
1301,0.00102,-0.016800000000000002,5
1302,0.0010399999999999993,-0.016,5
1303,0.001060000000000002,-0.016800000000000002,5
1304,0.001080000000000001,-0.0128,5
1305,0.0011000000000000003,-0.010400000000000001,5
1306,0.0011199999999999995,-0.012,5
1307,0.0011400000000000021,-0.016,5
1308,0.0011600000000000013,-0.013600000000000001,5
1309,0.0011800000000000005,-0.012,5
1310,0.0011999999999999997,-0.0296,5
1311,0.0012200000000000023,-0.0256,5
1312,0.0012400000000000015,-0.024800000000000003,5
1313,0.0012600000000000007,-0.0216,5
1314,0.0012799999999999999,-0.0184,5
1315,0.001299999999999999,-0.016800000000000002,5
1316,0.0013200000000000017,-0.0152,5
1317,0.001340000000000001,-0.0112,5
1318,0.00136,-0.009600000000000001,5
1319,0.0013799999999999993,-0.012,5
1320,0.001400000000000002,-0.010400000000000001,5
1321,0.0014200000000000011,-0.009600000000000001,5
1322,0.0014400000000000003,-0.0056,5
1323,0.0014599999999999995,-0.0056,5
1324,0.0014800000000000021,-0.004,5
1325,0.0015000000000000013,-0.004,5
1326,0.0015200000000000005,-0.0024000000000000002,5
1327,0.0015399999999999997,-0.0064,5
1328,0.0015600000000000024,-0.0008,5
1329,0.0015800000000000015,-0.0024000000000000002,5
1330,0.0016000000000000007,-0.0064,5
1331,0.00162,-0.004,5
1332,0.001639999999999999,-0.0064,5
1333,0.0016600000000000018,-0.0032,5
1334,0.001680000000000001,-0.004,5
1335,0.0017000000000000001,-0.0056,5
1336,0.0017199999999999993,-0.0032,5
1337,0.001740000000000002,0.0,5
1338,0.0017600000000000011,-0.0008,5
1339,0.0017800000000000003,-0.0032,5
1340,0.0017999999999999995,-0.0008,5
1341,0.0018200000000000022,-0.0056,5
1342,0.0018400000000000014,-0.004,5
1343,0.0018600000000000005,-0.02,5
1344,0.0018799999999999997,-0.023200000000000002,5
1345,0.0019000000000000024,-0.014400000000000001,5
1346,0.0019200000000000016,-0.0176,5
1347,0.0019400000000000008,-0.0216,5
1348,0.00196,-0.0216,5
1349,0.001979999999999999,-0.024,5
1350,0.0020000000000000018,-0.0216,5
1351,0.002020000000000001,-0.0176,5
1352,0.00204,-0.0176,5
1353,0.0020599999999999993,-0.0152,5
1354,0.002080000000000002,-0.0128,5
1355,0.002100000000000001,-0.014400000000000001,5
1356,0.0021200000000000004,-0.0088,5
1357,0.0021399999999999995,-0.0056,5
1358,0.002160000000000002,-0.009600000000000001,5
1359,0.0021800000000000014,-0.013600000000000001,5
1360,0.0022000000000000006,-0.008,5
1361,0.0022199999999999998,-0.008,5
1362,0.0022400000000000024,-0.0064,5
1363,0.0022600000000000016,-0.008,5
1364,0.0022800000000000008,-0.0048000000000000004,5
1365,0.0023,-0.009600000000000001,5
1366,0.002319999999999999,-0.013600000000000001,5
1367,0.002340000000000002,-0.012,5
1368,0.002360000000000001,-0.010400000000000001,5
1369,0.00238,-0.012,5
1370,0.0023999999999999994,-0.0088,5
1371,0.002420000000000002,-0.0088,5
1372,0.002440000000000001,-0.0064,5
1373,0.0024600000000000004,-0.0024000000000000002,5
1374,0.0024799999999999996,-0.0064,5
1375,0.0025000000000000022,-0.0056,5
1376,0.0025200000000000014,-0.004,5
1377,0.0025400000000000006,-0.0016,5
1378,0.0025599999999999998,-0.0048000000000000004,5
1379,0.0025800000000000024,-0.0056,5
1380,0.0026000000000000016,-0.0008,5
1381,0.002620000000000001,-0.0024000000000000002,5
1382,0.00264,-0.0056,5
1383,0.002659999999999999,-0.0008,5
1384,0.002680000000000002,-0.0008,5
1385,0.002700000000000001,-0.0048000000000000004,5
1386,0.00272,-0.0024000000000000002,5
1387,0.0027399999999999994,-0.0032,5
1388,0.002760000000000002,-0.0008,5
1389,0.0027800000000000012,-0.0016,5
1390,0.0028000000000000004,-0.020800000000000003,5
1391,0.0028199999999999996,-0.0184,5
1392,0.0028400000000000022,-0.012,5
1393,0.0028600000000000014,-0.019200000000000002,5
1394,0.0028800000000000006,-0.0152,5
1395,0.0029,-0.016800000000000002,5
1396,0.0029200000000000025,-0.0152,5
1397,0.0029400000000000016,-0.010400000000000001,5
1398,0.002960000000000001,-0.013600000000000001,5
1399,0.00298,-0.010400000000000001,5
1400,0.002999999999999999,-0.009600000000000001,5
1401,0.003020000000000002,-0.007200000000000001,5
1402,0.003040000000000001,-0.0088,5
1403,0.0030600000000000002,-0.0064,5
1404,0.0030799999999999994,-0.0056,5
1405,0.003100000000000002,-0.0048000000000000004,5
1406,0.0031200000000000012,-0.0016,5
1407,0.0031400000000000004,-0.004,5
1408,0.0031599999999999996,-0.0128,5
1409,0.0031800000000000023,-0.013600000000000001,5
1410,0.0032000000000000015,-0.0128,5
1411,0.0032200000000000006,-0.009600000000000001,5
1412,0.00324,-0.010400000000000001,5
1413,0.0032600000000000025,-0.0088,5
1414,0.0032800000000000017,-0.0112,5
1415,0.003300000000000001,-0.012,5
1416,0.00332,-0.014400000000000001,5
1417,0.0033399999999999992,-0.010400000000000001,5
1418,0.003360000000000002,-0.009600000000000001,5
1419,0.003380000000000001,-0.0056,5
1420,0.0034000000000000002,-0.0184,5
1421,0.0034199999999999994,-0.020800000000000003,5
1422,0.003440000000000002,-0.02,5
1423,0.0034600000000000013,-0.016800000000000002,5
1424,0.0034800000000000005,-0.020800000000000003,5
1425,0.0034999999999999996,-0.0224,5
1426,0.0035200000000000023,-0.016800000000000002,5
1427,0.0035400000000000015,-0.02,5
1428,0.0035600000000000007,-0.028,5
1429,0.00358,-0.031200000000000002,5
1430,0.0036000000000000025,-0.0344,5
1431,0.0036200000000000017,-0.028,5
1432,0.003640000000000001,-0.031200000000000002,5
1433,0.00366,-0.0392,5
1434,0.0036799999999999992,-0.0392,5
1435,0.003700000000000002,-0.0352,5
1436,0.003720000000000001,-0.031200000000000002,5
1437,0.0037400000000000003,-0.028800000000000003,5
1438,0.0037599999999999995,-0.0296,5
1439,0.003780000000000002,-0.027200000000000002,5
1440,0.0038000000000000013,-0.023200000000000002,5
1441,0.0038200000000000005,-0.02,5
1442,0.0038399999999999997,-0.0176,5
1443,0.0038600000000000023,-0.0176,5
1444,0.0038800000000000015,-0.0152,5
1445,0.0039000000000000007,-0.012,5
1446,0.00392,-0.012,5
1447,0.0039400000000000025,-0.012,5
1448,0.003960000000000002,-0.013600000000000001,5
1449,0.003980000000000001,-0.010400000000000001,5
1450,0.004,-0.012,5
1451,0.004019999999999999,-0.009600000000000001,5
1452,0.004040000000000002,-0.0088,5
1453,0.004060000000000001,-0.0056,5
1454,0.00408,-0.009600000000000001,5
1455,0.0040999999999999995,-0.0064,5
1456,0.004120000000000002,-0.0064,5
1457,0.004140000000000001,-0.009600000000000001,5
1458,0.0041600000000000005,-0.0056,5
1459,0.00418,-0.0056,5
1460,0.004200000000000002,-0.0048000000000000004,5
1461,0.0042200000000000015,-0.0112,5
1462,0.004240000000000001,-0.010400000000000001,5
1463,0.00426,-0.0088,5
1464,0.0042800000000000026,-0.009600000000000001,5
1465,0.004300000000000002,-0.009600000000000001,5
1466,0.004320000000000001,-0.0048000000000000004,5
1467,0.00434,-0.004,5
1468,0.004359999999999999,-0.0088,5
1469,0.004380000000000002,-0.008,5
1470,0.004400000000000001,-0.009600000000000001,5
1471,0.00442,-0.008,5
1472,0.0044399999999999995,-0.009600000000000001,5
1473,0.004460000000000002,-0.0032,5
1474,0.004480000000000001,-0.0048000000000000004,5
1475,0.0045000000000000005,-0.0048000000000000004,5
1476,0.00452,-0.004,5
1477,0.004540000000000002,-0.0016,5
1478,0.0045600000000000016,-0.0008,5
1479,0.004580000000000001,-0.0088,5
1480,0.0046,-0.0056,5
1481,0.004620000000000003,-0.0776,5
1482,0.004640000000000002,-0.0664,5
1483,0.004660000000000001,-0.062400000000000004,5
1484,0.00468,-0.054400000000000004,5
1485,0.004699999999999999,-0.0528,5
1486,0.004720000000000002,-0.0432,5
1487,0.004740000000000001,-0.0424,5
1488,0.00476,-0.0392,5
1489,0.0047799999999999995,-0.0368,5
1490,0.004800000000000002,-0.032,5
1491,0.004820000000000001,-0.033600000000000005,5
1492,0.0048400000000000006,-0.027200000000000002,5
1493,0.00486,-0.024,5
1494,0.004880000000000002,-0.0216,5
1495,0.004900000000000002,-0.02,5
1496,0.004920000000000001,-0.028,5
1497,0.00494,-0.024800000000000003,5
1498,0.004960000000000003,-0.0256,5
1499,0.004980000000000002,-0.024800000000000003,5
1500,0.005000000000000001,-0.0224,5
1501,0.00502,-0.0216,5
1502,0.005039999999999999,-0.019200000000000002,5
1503,0.005060000000000002,-0.019200000000000002,5
1504,0.005080000000000001,-0.014400000000000001,5
1505,0.0051,-0.0152,5
1506,0.0051199999999999996,-0.014400000000000001,5
1507,0.005140000000000002,-0.0128,5
1508,0.005160000000000001,-0.009600000000000001,5
1509,0.005180000000000001,-0.012,5
1510,0.0052,-0.012,5
1511,0.005220000000000002,-0.009600000000000001,5
1512,0.005240000000000002,-0.0064,5
1513,0.005260000000000001,-0.0128,5
1514,0.00528,-0.012,5
1515,0.005300000000000003,-0.010400000000000001,5
1516,0.005320000000000002,-0.008,5
1517,0.005340000000000001,-0.016,5
1518,0.00536,-0.0128,5
1519,0.005379999999999999,-0.019200000000000002,5
1520,0.005400000000000002,-0.019200000000000002,5
1521,0.005420000000000001,-0.014400000000000001,5
1522,0.00544,-0.010400000000000001,5
1523,0.00546,-0.010400000000000001,5
1524,0.005480000000000002,-0.0128,5
1525,0.005500000000000001,-0.007200000000000001,5
1526,0.005520000000000001,-0.012,5
1527,0.00554,-0.0112,5
1528,0.0055600000000000024,-0.008,5
1529,0.005580000000000002,-0.0088,5
1530,0.005600000000000001,-0.0088,5
1531,0.00562,-0.013600000000000001,5
1532,0.005640000000000003,-0.0088,5
1533,0.005660000000000002,-0.0088,5
1534,0.005680000000000001,-0.0064,5
1535,0.0057,-0.0048000000000000004,5
1536,0.005720000000000003,-0.0064,5
1537,0.005740000000000002,-0.0056,5
1538,0.005760000000000001,-0.009600000000000001,5
1539,0.00578,-0.008,5
1540,0.0058,-0.0088,5
1541,0.005820000000000002,-0.008,5
1542,0.0058400000000000014,-0.007200000000000001,5
1543,0.005860000000000001,-0.004,5
1544,0.00588,-0.0024000000000000002,5
1545,0.0059000000000000025,-0.0056,5
1546,0.005920000000000002,-0.0048000000000000004,5
1547,0.005940000000000001,-0.0048000000000000004,5
1548,0.00596,-0.0048000000000000004,5
1549,0.005980000000000003,-0.004,5
1550,0.006000000000000002,-0.0032,5
1551,0.006020000000000001,-0.0032,5
1552,0.00604,-0.0056,5
1553,0.006060000000000003,-0.0008,5
1554,0.006080000000000002,0.0,5
1555,0.006100000000000001,-0.0024000000000000002,5
1556,0.0061200000000000004,-0.0088,5
1557,0.00614,-0.0064,5
1558,0.006160000000000002,-0.010400000000000001,5
1559,0.0061800000000000015,-0.008,5
1560,0.006200000000000001,-0.0048000000000000004,5
1561,0.00622,-0.0048000000000000004,5
1562,0.0062400000000000025,-0.004,5
1563,0.006260000000000002,-0.0088,5
1564,0.006280000000000001,-0.008,5
1565,0.0063,-0.0112,5
1566,0.006319999999999999,-0.0128,5
1567,0.006339999999999998,-0.0128,5
1568,0.0063600000000000045,-0.0128,5
1569,0.006380000000000004,-0.0128,5
1570,0.006400000000000003,-0.0088,5
1571,0.006420000000000002,-0.0064,5
1572,0.006440000000000001,-0.010400000000000001,5
1573,0.0064600000000000005,-0.008,5
1574,0.00648,-0.0088,5
1575,0.006499999999999999,-0.0056,5
1576,0.006519999999999998,-0.0048000000000000004,5
1577,0.006540000000000004,-0.0064,5
1578,0.006560000000000003,-0.007200000000000001,5
1579,0.0065800000000000025,-0.0056,5
1580,0.006600000000000002,-0.0048000000000000004,5
1581,0.006620000000000001,-0.0056,5
1582,0.00664,-0.004,5
1583,0.006659999999999999,-0.0024000000000000002,5
1584,0.0066799999999999984,-0.004,5
1585,0.0067000000000000046,-0.0088,5
1586,0.006720000000000004,-0.016,5
1587,0.006740000000000003,-0.010400000000000001,5
1588,0.006760000000000002,-0.0088,5
1589,0.006780000000000001,-0.0112,5
1590,0.0068000000000000005,-0.0064,5
1591,0.00682,-0.0064,5
1592,0.006839999999999999,-0.0064,5
1593,0.006859999999999998,-0.0056,5
1594,0.006880000000000004,-0.0056,5
1595,0.006900000000000003,-0.0032,5
1596,0.0069200000000000025,0.0,5
1597,0.006940000000000002,-0.0152,5
1598,0.006960000000000001,-0.0112,5
1599,0.00698,-0.0112,5
1600,0.006999999999999999,-0.016,5
1601,0.0070199999999999985,-0.013600000000000001,5
1602,0.007040000000000005,-0.0128,5
1603,0.007060000000000004,-0.0256,5
1604,0.007080000000000003,-0.0224,5
1605,0.007100000000000002,-0.0216,5
1606,0.007120000000000001,-0.024800000000000003,5
1607,0.0071400000000000005,-0.0152,5
1608,0.00716,-0.016800000000000002,5
1609,0.007179999999999999,-0.016800000000000002,5
1610,0.007199999999999998,-0.0176,5
1611,0.007220000000000004,-0.014400000000000001,5
1612,0.007240000000000003,-0.012,5
1613,0.0072600000000000026,-0.016800000000000002,5
1614,0.007280000000000002,-0.0128,5
1615,0.007300000000000001,-0.0152,5
1616,0.00732,-0.010400000000000001,5
1617,0.007339999999999999,-0.013600000000000001,5
1618,0.0073599999999999985,-0.0112,5
1619,0.007380000000000005,-0.010400000000000001,5
1620,0.007400000000000004,-0.008,5
1621,0.007420000000000003,-0.009600000000000001,5
1622,0.007440000000000002,-0.008,5
1623,0.007460000000000001,-0.0088,5
1624,0.0074800000000000005,-0.0048000000000000004,5
1625,0.0075,-0.0112,5
1626,0.007519999999999999,-0.008,5
1627,0.007539999999999998,-0.009600000000000001,5
1628,0.007560000000000004,-0.010400000000000001,5
1629,0.007580000000000003,-0.012,5
1630,0.007600000000000003,-0.0048000000000000004,5
1631,0.007620000000000002,-0.009600000000000001,5
1632,0.007640000000000001,-0.008,5
1633,0.00766,-0.013600000000000001,5
1634,0.007679999999999999,-0.0112,5
1635,0.0076999999999999985,-0.016800000000000002,5
1636,0.007720000000000005,-0.016800000000000002,5
1637,0.007740000000000004,-0.0176,5
1638,0.007760000000000003,-0.0176,5
1639,0.007780000000000002,-0.014400000000000001,5
1640,0.007800000000000001,-0.024800000000000003,5
1641,0.00782,-0.024,5
1642,0.00784,-0.0264,5
1643,0.007859999999999999,-0.028800000000000003,5
1644,0.007879999999999998,-0.0216,5
1645,0.007900000000000004,-0.023200000000000002,5
1646,0.007920000000000003,-0.0264,5
1647,0.007940000000000003,-0.023200000000000002,5
1648,0.007960000000000002,-0.020800000000000003,5
1649,0.007980000000000001,-0.02,5
1650,0.008,-0.027200000000000002,5
1651,0.00802,-0.023200000000000002,5
1652,0.008039999999999999,-0.0256,5
1653,0.008060000000000005,-0.0224,5
1654,0.008080000000000004,-0.0224,5
1655,0.008100000000000003,-0.0176,5
1656,0.008120000000000002,-0.020800000000000003,5
1657,0.008140000000000001,-0.019200000000000002,5
1658,0.00816,-0.0184,5
1659,0.00818,-0.0264,5
1660,0.008199999999999999,-0.0216,5
1661,0.008219999999999998,-0.0184,5
1662,0.008240000000000004,-0.020800000000000003,5
1663,0.008260000000000003,-0.0176,5
1664,0.008280000000000003,-0.0176,5
1665,0.008300000000000002,-0.0128,5
1666,0.008320000000000001,-0.0176,5
1667,0.00834,-0.0128,5
1668,0.00836,-0.0152,5
1669,0.008379999999999999,-0.012,5
1670,0.008400000000000005,-0.010400000000000001,5
1671,0.008420000000000004,-0.007200000000000001,5
1672,0.008440000000000003,-0.008,5
1673,0.008460000000000002,-0.009600000000000001,5
1674,0.008480000000000001,-0.019200000000000002,5
1675,0.0085,-0.0184,5
1676,0.00852,-0.02,5
1677,0.008539999999999999,-0.0128,5
1678,0.008559999999999998,-0.012,5
1679,0.008580000000000004,-0.013600000000000001,5
1680,0.008600000000000003,-0.0128,5
1681,0.008620000000000003,-0.014400000000000001,5
1682,0.008640000000000002,-0.0128,5
1683,0.008660000000000001,-0.013600000000000001,5
1684,0.00868,-0.013600000000000001,5
1685,0.0087,-0.013600000000000001,5
1686,0.008719999999999999,-0.012,5
1687,0.008740000000000005,-0.0128,5
1688,0.008760000000000004,-0.010400000000000001,5
1689,0.008780000000000003,-0.0128,5
1690,0.008800000000000002,-0.0112,5
1691,0.008820000000000001,-0.016,5
1692,0.00884,-0.023200000000000002,5
1693,0.00886,-0.0224,5
1694,0.008879999999999999,-0.02,5
1695,0.008899999999999998,-0.0216,5
1696,0.008920000000000004,-0.0176,5
1697,0.008940000000000003,-0.0184,5
1698,0.008960000000000003,-0.019200000000000002,5
1699,0.008980000000000002,-0.0216,5
1700,0.009000000000000001,-0.02,5
1701,0.00902,-0.0176,5
1702,0.00904,-0.014400000000000001,5
1703,0.009059999999999999,-0.0152,5
1704,0.009080000000000005,-0.0152,5
1705,0.009100000000000004,-0.014400000000000001,5
1706,0.009120000000000003,-0.008,5
1707,0.009140000000000002,-0.0176,5
1708,0.009160000000000001,-0.027200000000000002,5
1709,0.00918,-0.0256,5
1710,0.0092,-0.0216,5
1711,0.009219999999999999,-0.023200000000000002,5
1712,0.009239999999999998,-0.028,5
1713,0.009260000000000004,-0.032,5
1714,0.009280000000000004,-0.033600000000000005,5
1715,0.009300000000000003,-0.0376,5
1716,0.009320000000000002,-0.0368,5
1717,0.009340000000000001,-0.0344,5
1718,0.00936,-0.032,5
1719,0.00938,-0.028800000000000003,5
1720,0.009399999999999999,-0.0376,5
1721,0.009420000000000005,-0.0432,5
1722,0.009440000000000004,-0.038400000000000004,5
1723,0.009460000000000003,-0.0304,5
1724,0.009480000000000002,-0.0296,5
1725,0.009500000000000001,-0.036000000000000004,5
1726,0.00952,-0.0328,5
1727,0.00954,-0.032,5
1728,0.009559999999999999,-0.027200000000000002,5
1729,0.009579999999999998,-0.0264,5
1730,0.009600000000000004,-0.028,5
1731,0.009620000000000004,-0.0256,5
1732,0.009640000000000003,-0.0216,5
1733,0.009660000000000002,-0.0352,5
1734,0.009680000000000001,-0.028,5
1735,0.0097,-0.0256,5
1736,0.00972,-0.024800000000000003,5
1737,0.009739999999999999,-0.0216,5
1738,0.009760000000000005,-0.032,5
1739,0.009780000000000004,-0.027200000000000002,5
1740,0.009800000000000003,-0.036000000000000004,5
1741,0.009820000000000002,-0.031200000000000002,5
1742,0.009840000000000002,-0.031200000000000002,5
1743,0.00986,-0.0256,5
1744,0.00988,-0.024800000000000003,5
1745,0.009899999999999999,-0.024,5
1746,0.009919999999999998,-0.028800000000000003,5
1747,0.009940000000000004,-0.0296,5
1748,0.009960000000000004,-0.028800000000000003,5
1749,0.009980000000000003,-0.023200000000000002,5
1750,0.010000000000000002,-0.024800000000000003,5
1751,0.010020000000000001,-0.02,5
1752,0.01004,-0.02,5
1753,0.01006,-0.02,5
1754,0.010079999999999999,-0.014400000000000001,5
1755,0.010100000000000005,-0.014400000000000001,5
1756,0.010120000000000004,-0.0152,5
1757,0.010140000000000003,-0.0176,5
1758,0.010160000000000002,-0.012,5
1759,0.010180000000000002,-0.012,5
1760,0.0102,-0.014400000000000001,5
1761,0.01022,-0.016800000000000002,5
1762,0.010239999999999999,-0.016,5
1763,0.010259999999999998,-0.0408,5
1764,0.010280000000000004,-0.0368,5
1765,0.010300000000000004,-0.032,5
1766,0.010320000000000003,-0.0264,5
1767,0.010340000000000002,-0.0256,5
1768,0.010360000000000001,-0.024800000000000003,5
1769,0.01038,-0.023200000000000002,5
1770,0.0104,-0.020800000000000003,5
1771,0.010419999999999999,-0.019200000000000002,5
1772,0.010440000000000005,-0.02,5
1773,0.010460000000000004,-0.0176,5
1774,0.010480000000000003,-0.020800000000000003,5
1775,0.010500000000000002,-0.028800000000000003,5
1776,0.010520000000000002,-0.027200000000000002,5
1777,0.01054,-0.0448,5
1778,0.01056,-0.0528,5
1779,0.010579999999999999,-0.049600000000000005,5
1780,0.010599999999999998,-0.0448,5
1781,0.010620000000000004,-0.055200000000000006,5
1782,0.010640000000000004,-0.052000000000000005,5
1783,0.010660000000000003,-0.0432,5
1784,0.010680000000000002,-0.04,5
1785,0.010700000000000001,-0.0344,5
1786,0.01072,-0.032,5
1787,0.01074,-0.0328,5
1788,0.010759999999999999,-0.031200000000000002,5
1789,0.010780000000000005,-0.0256,5
1790,0.010800000000000004,-0.032,5
1791,0.010820000000000003,-0.036000000000000004,5
1792,0.010840000000000002,-0.0344,5
1793,0.010860000000000002,-0.032,5
1794,0.01088,-0.033600000000000005,5
1795,0.0109,-0.032,5
1796,0.01092,-0.028,5
1797,0.010939999999999998,-0.027200000000000002,5
1798,0.010960000000000004,-0.024800000000000003,5
1799,0.010980000000000004,-0.020800000000000003,5
1800,0.011000000000000003,-0.02,5
1801,0.011020000000000002,-0.0176,5
1802,0.011040000000000001,-0.016,5
1803,0.01106,-0.020800000000000003,5
1804,0.01108,-0.020800000000000003,5
1805,0.011099999999999999,-0.019200000000000002,5
1806,0.011120000000000005,-0.016800000000000002,5
1807,0.011140000000000004,-0.0152,5
1808,0.011160000000000003,-0.012,5
1809,0.011180000000000002,-0.0184,5
1810,0.011200000000000002,-0.020800000000000003,5
1811,0.01122,-0.020800000000000003,5
1812,0.01124,-0.019200000000000002,5
1813,0.01126,-0.0152,5
1814,0.011279999999999998,-0.014400000000000001,5
1815,0.011300000000000004,-0.0128,5
1816,0.011320000000000004,-0.014400000000000001,5
1817,0.011340000000000003,-0.0112,5
1818,0.011360000000000002,-0.010400000000000001,5
1819,0.011380000000000001,-0.012,5
1820,0.0114,-0.010400000000000001,5
1821,0.01142,-0.010400000000000001,5
1822,0.011439999999999999,-0.012,5
1823,0.011460000000000005,-0.0344,5
1824,0.011480000000000004,-0.0328,5
1825,0.011500000000000003,-0.028800000000000003,5
1826,0.011520000000000002,-0.0264,5
1827,0.011540000000000002,-0.023200000000000002,5
1828,0.01156,-0.02,5
1829,0.01158,-0.0256,5
1830,0.0116,-0.024800000000000003,5
1831,0.011619999999999998,-0.024,5
1832,0.011640000000000005,-0.023200000000000002,5
1833,0.011660000000000004,-0.023200000000000002,5
1834,0.011680000000000003,-0.023200000000000002,5
1835,0.011700000000000002,-0.027200000000000002,5
1836,0.011720000000000001,-0.028,5
1837,0.01174,-0.023200000000000002,5
1838,0.01176,-0.0304,5
1839,0.011779999999999999,-0.027200000000000002,5
1840,0.011800000000000005,-0.023200000000000002,5
1841,0.011820000000000004,-0.02,5
1842,0.011840000000000003,-0.033600000000000005,5
1843,0.011860000000000002,-0.028800000000000003,5
1844,0.011880000000000002,-0.028800000000000003,5
1845,0.0119,-0.024800000000000003,5
1846,0.01192,-0.0216,5
1847,0.01194,-0.019200000000000002,5
1848,0.011959999999999998,-0.019200000000000002,5
1849,0.011980000000000005,-0.013600000000000001,5
1850,0.012000000000000004,-0.013600000000000001,5
1851,0.012020000000000003,-0.0176,5
1852,0.012040000000000002,-0.0152,5
1853,0.012060000000000001,-0.016,5
1854,0.01208,-0.0152,5
1855,0.0121,-0.014400000000000001,5
1856,0.012119999999999999,-0.013600000000000001,5
1857,0.012140000000000005,-0.0152,5
1858,0.012160000000000004,-0.016800000000000002,5
1859,0.012180000000000003,-0.0128,5
1860,0.012200000000000003,-0.013600000000000001,5
1861,0.012220000000000002,-0.0128,5
1862,0.012240000000000001,-0.010400000000000001,5
1863,0.01226,-0.012,5
1864,0.01228,-0.010400000000000001,5
1865,0.012299999999999998,-0.014400000000000001,5
1866,0.012320000000000005,-0.014400000000000001,5
1867,0.012340000000000004,-0.0128,5
1868,0.012360000000000003,-0.0128,5
1869,0.012380000000000002,-0.010400000000000001,5
1870,0.012400000000000001,-0.0128,5
1871,0.01242,-0.007200000000000001,5
1872,0.01244,-0.007200000000000001,5
1873,0.012459999999999999,-0.0056,5
1874,0.012480000000000005,-0.008,5
1875,0.012500000000000004,-0.012,5
1876,0.012520000000000003,-0.0256,5
1877,0.012540000000000003,-0.020800000000000003,5
1878,0.012560000000000002,-0.0216,5
1879,0.012580000000000001,-0.02,5
1880,0.0126,-0.02,5
1881,0.01262,-0.020800000000000003,5
1882,0.012639999999999998,-0.038400000000000004,5
1883,0.012660000000000005,-0.038400000000000004,5
1884,0.012680000000000004,-0.0368,5
1885,0.012700000000000003,-0.028800000000000003,5
1886,0.012720000000000002,-0.0568,5
1887,0.012740000000000001,-0.049600000000000005,5
1888,0.01276,-0.0472,5
1889,0.01278,-0.0408,5
1890,0.012799999999999999,-0.0368,5
1891,0.012820000000000005,-0.031200000000000002,5
1892,0.012840000000000004,-0.036000000000000004,5
1893,0.012860000000000003,-0.036000000000000004,5
1894,0.012880000000000003,-0.032,5
1895,0.012900000000000002,-0.032,5
1896,0.012920000000000001,-0.033600000000000005,5
1897,0.01294,-0.036000000000000004,5
1898,0.01296,-0.032,5
1899,0.012979999999999998,-0.028,5
1900,0.013000000000000005,-0.028800000000000003,5
1901,0.013020000000000004,-0.024800000000000003,5
1902,0.013040000000000003,-0.0328,5
1903,0.013060000000000002,-0.027200000000000002,5
1904,0.013080000000000001,-0.024800000000000003,5
1905,0.0131,-0.031200000000000002,5
1906,0.01312,-0.032,5
1907,0.013139999999999999,-0.028800000000000003,5
1908,0.013160000000000005,-0.0224,5
1909,0.013180000000000004,-0.02,5
1910,0.013200000000000003,-0.028,5
1911,0.013220000000000003,-0.0296,5
1912,0.013240000000000002,-0.023200000000000002,5
1913,0.013260000000000001,-0.020800000000000003,5
1914,0.01328,-0.0256,5
1915,0.0133,-0.027200000000000002,5
1916,0.013319999999999999,-0.02,5
1917,0.013340000000000005,-0.0216,5
1918,0.013360000000000004,-0.0224,5
1919,0.013380000000000003,-0.0216,5
1920,0.013400000000000002,-0.019200000000000002,5
1921,0.013420000000000001,-0.02,5
1922,0.01344,-0.0176,5
1923,0.01346,-0.016,5
1924,0.013479999999999999,-0.0176,5
1925,0.013500000000000005,-0.0256,5
1926,0.013520000000000004,-0.0256,5
1927,0.013540000000000003,-0.024800000000000003,5
1928,0.013560000000000003,-0.024800000000000003,5
1929,0.013580000000000002,-0.02,5
1930,0.013600000000000001,-0.016800000000000002,5
1931,0.01362,-0.016800000000000002,5
1932,0.01364,-0.014400000000000001,5
1933,0.013659999999999999,-0.0128,5
1934,0.013680000000000005,-0.0128,5
1935,0.013700000000000004,-0.013600000000000001,5
1936,0.013720000000000003,-0.009600000000000001,5
1937,0.013740000000000002,-0.0088,5
1938,0.013760000000000001,-0.010400000000000001,5
1939,0.01378,-0.007200000000000001,5
1940,0.0138,-0.0064,5
1941,0.013819999999999999,-0.007200000000000001,5
1942,0.013840000000000005,-0.0048000000000000004,5
1943,0.013860000000000004,-0.009600000000000001,5
1944,0.013880000000000003,-0.008,5
1945,0.013900000000000003,-0.0064,5
1946,0.013920000000000002,-0.009600000000000001,5
1947,0.013940000000000001,-0.009600000000000001,5
1948,0.01396,-0.008,5
1949,0.01398,-0.009600000000000001,5
1950,0.013999999999999999,-0.010400000000000001,5
1951,0.014020000000000005,-0.008,5
1952,0.014040000000000004,-0.004,5
1953,0.014060000000000003,-0.009600000000000001,5
1954,0.014080000000000002,-0.0064,5
1955,0.014100000000000001,-0.0064,5
1956,0.01412,-0.007200000000000001,5
1957,0.01414,-0.0064,5
1958,0.014159999999999999,-0.0048000000000000004,5
1959,0.014180000000000005,-0.0024000000000000002,5
1960,0.014200000000000004,-0.004,5
1961,0.014220000000000003,-0.0016,5
1962,0.014240000000000003,-0.0016,5
1963,0.014260000000000002,-0.0048000000000000004,5
1964,0.014280000000000001,-0.0056,5
1965,0.0143,-0.0088,5
1966,0.01432,-0.009600000000000001,5
1967,0.014339999999999999,-0.0088,5
1968,0.014360000000000005,-0.016,5
1969,0.014380000000000004,-0.0088,5
1970,0.014400000000000003,-0.013600000000000001,5
1971,0.014420000000000002,-0.007200000000000001,5
1972,0.014440000000000001,-0.010400000000000001,5
1973,0.01446,-0.009600000000000001,5
1974,0.01448,-0.0064,5
1975,0.014499999999999999,-0.009600000000000001,5
1976,0.014520000000000005,-0.0064,5
1977,0.014540000000000004,-0.0056,5
1978,0.014560000000000003,-0.007200000000000001,5
1979,0.014580000000000003,-0.0064,5
1980,0.014600000000000002,-0.0056,5
1981,0.014620000000000001,-0.014400000000000001,5
1982,0.01464,-0.0112,5
1983,0.01466,-0.013600000000000001,5
1984,0.014679999999999999,-0.0128,5
1985,0.014700000000000005,-0.0152,5
1986,0.014720000000000004,-0.0128,5
1987,0.014740000000000003,-0.012,5
1988,0.014760000000000002,-0.009600000000000001,5
1989,0.014780000000000001,-0.008,5
1990,0.0148,-0.008,5
1991,0.01482,-0.007200000000000001,5
1992,0.014839999999999999,-0.0056,5
1993,0.014860000000000005,-0.0056,5
1994,0.014880000000000004,-0.004,5
1995,0.014900000000000004,-0.0064,5
1996,0.014920000000000003,-0.004,5
1997,0.014940000000000002,-0.0048000000000000004,5
1998,0.014960000000000001,-0.0064,5
1999,0.01498,-0.008,5
2000,0.015,-0.004,5
2001,0.015019999999999999,-0.007200000000000001,5
2002,0.015040000000000005,-0.0024000000000000002,5
2003,0.015060000000000004,-0.004,5
2004,0.015080000000000003,-0.012,5
2005,0.015100000000000002,-0.024800000000000003,5
2006,0.015120000000000001,-0.02,5
2007,0.01514,-0.020800000000000003,5
2008,0.01516,-0.0224,5
2009,0.015179999999999999,-0.019200000000000002,5
2010,0.015200000000000005,-0.014400000000000001,5
2011,0.015220000000000004,-0.013600000000000001,5
2012,0.015240000000000004,-0.0152,5
2013,0.015260000000000003,-0.016,5
2014,0.015280000000000002,-0.0152,5
2015,0.015300000000000001,-0.010400000000000001,5
2016,0.01532,-0.012,5
2017,0.01534,-0.0088,5
2018,0.015359999999999999,-0.008,5
2019,0.015380000000000005,-0.008,5
2020,0.015400000000000004,-0.009600000000000001,5
2021,0.015420000000000003,-0.0112,5
2022,0.015440000000000002,-0.0088,5
2023,0.015460000000000002,-0.0064,5
2024,0.01548,-0.004,5
2025,0.0155,-0.0056,5
2026,0.015519999999999999,-0.0064,5
2027,0.015540000000000005,-0.0056,5
2028,0.015560000000000004,-0.0024000000000000002,5
2029,0.015580000000000004,-0.013600000000000001,5
2030,0.015600000000000003,-0.012,5
2031,0.015620000000000002,-0.019200000000000002,5
2032,0.01564,-0.02,5
2033,0.01566,-0.0184,5
2034,0.01568,-0.0176,5
2035,0.0157,-0.02,5
2036,0.015720000000000005,-0.0184,5
2037,0.015740000000000004,-0.0128,5
2038,0.015760000000000003,-0.014400000000000001,5
2039,0.015780000000000002,-0.016800000000000002,5
2040,0.0158,-0.014400000000000001,5
2041,0.01582,-0.0128,5
2042,0.01584,-0.0128,5
2043,0.01586,-0.0152,5
2044,0.015880000000000005,-0.0128,5
2045,0.015900000000000004,-0.009600000000000001,5
2046,0.015920000000000004,-0.0256,5
2047,0.015940000000000003,-0.064,5
2048,0.015960000000000002,-0.062400000000000004,5
2049,0.01598,-0.0584,5
2050,0.016,-0.0504,5
2051,0.01602,-0.0504,5
2052,0.01604,-0.046400000000000004,5
2053,0.016060000000000005,-0.04,5
2054,0.016080000000000004,-0.036000000000000004,5
2055,0.016100000000000003,-0.0352,5
2056,0.016120000000000002,-0.0328,5
2057,0.01614,-0.0352,5
2058,0.01616,-0.0304,5
2059,0.01618,-0.0256,5
2060,0.0162,-0.024800000000000003,5
2061,0.016220000000000005,-0.028,5
2062,0.016240000000000004,-0.023200000000000002,5
2063,0.016260000000000004,-0.02,5
2064,0.016280000000000003,-0.016800000000000002,5
2065,0.016300000000000002,-0.014400000000000001,5
2066,0.01632,-0.0128,5
2067,0.01634,-0.0112,5
2068,0.01636,-0.008,5
2069,0.01638,-0.010400000000000001,5
2070,0.016400000000000005,-0.007200000000000001,5
2071,0.016420000000000004,-0.009600000000000001,5
2072,0.016440000000000003,-0.0088,5
2073,0.016460000000000002,-0.010400000000000001,5
2074,0.01648,-0.0032,5
2075,0.0165,-0.004,5
2076,0.01652,-0.010400000000000001,5
2077,0.01654,-0.0112,5
2078,0.016560000000000005,-0.013600000000000001,5
2079,0.016580000000000004,-0.0216,5
2080,0.016600000000000004,-0.0216,5
2081,0.016620000000000003,-0.0184,5
2082,0.016640000000000002,-0.016,5
2083,0.01666,-0.0184,5
2084,0.01668,-0.016,5
2085,0.0167,-0.016,5
2086,0.01672,-0.014400000000000001,5
2087,0.016740000000000005,-0.012,5
2088,0.016760000000000004,-0.0128,5
2089,0.016780000000000003,-0.009600000000000001,5
2090,0.016800000000000002,-0.009600000000000001,5
2091,0.01682,-0.0264,5
2092,0.01684,-0.024800000000000003,5
2093,0.01686,-0.024800000000000003,5
2094,0.01688,-0.0392,5
2095,0.016900000000000005,-0.033600000000000005,5
2096,0.016920000000000004,-0.0304,5
2097,0.016940000000000004,-0.033600000000000005,5
2098,0.016960000000000003,-0.0256,5
2099,0.016980000000000002,-0.0224,5
2100,0.017,-0.0216,5
2101,0.01702,-0.0176,5
2102,0.01704,-0.016,5
2103,0.01706,-0.016800000000000002,5
2104,0.017080000000000005,-0.012,5
2105,0.017100000000000004,-0.012,5
2106,0.017120000000000003,-0.012,5
2107,0.017140000000000002,-0.009600000000000001,5
2108,0.01716,-0.0088,5
2109,0.01718,-0.0088,5
2110,0.0172,-0.004,5
2111,0.01722,-0.004,5
2112,0.017240000000000005,-0.009600000000000001,5
2113,0.017260000000000005,-0.007200000000000001,5
2114,0.017280000000000004,-0.009600000000000001,5
2115,0.017300000000000003,-0.008,5
2116,0.017320000000000002,-0.010400000000000001,5
2117,0.01734,-0.0112,5
2118,0.01736,-0.008,5
2119,0.01738,-0.009600000000000001,5
2120,0.0174,-0.008,5
2121,0.017420000000000005,-0.0024000000000000002,5
2122,0.017440000000000004,-0.013600000000000001,5
2123,0.017460000000000003,-0.0112,5
2124,0.017480000000000002,-0.0176,5
2125,0.0175,-0.0184,5
2126,0.01752,-0.016,5
2127,0.01754,-0.013600000000000001,5
2128,0.01756,-0.013600000000000001,5
2129,0.017580000000000005,-0.0088,5
2130,0.017600000000000005,-0.013600000000000001,5
2131,0.017620000000000004,-0.016,5
2132,0.017640000000000003,-0.013600000000000001,5
2133,0.017660000000000002,-0.014400000000000001,5
2134,0.01768,-0.013600000000000001,5
2135,0.0177,-0.0224,5
2136,0.01772,-0.020800000000000003,5
2137,0.01774,-0.019200000000000002,5
2138,0.017760000000000005,-0.016,5
2139,0.017780000000000004,-0.0176,5
2140,0.017800000000000003,-0.0152,5
2141,0.017820000000000003,-0.0184,5
2142,0.01784,-0.016,5
2143,0.01786,-0.010400000000000001,5
2144,0.01788,-0.0112,5
2145,0.0179,-0.016,5
2146,0.017920000000000005,-0.0088,5
2147,0.017940000000000005,-0.019200000000000002,5
2148,0.017960000000000004,-0.0176,5
2149,0.017980000000000003,-0.012,5
2150,0.018000000000000002,-0.013600000000000001,5
2151,0.01802,-0.023200000000000002,5
2152,0.01804,-0.0224,5
2153,0.01806,-0.0256,5
2154,0.01808,-0.024,5
2155,0.018100000000000005,-0.0216,5
2156,0.018120000000000004,-0.0224,5
2157,0.018140000000000003,-0.0176,5
2158,0.018160000000000003,-0.0184,5
2159,0.01818,-0.0152,5
2160,0.0182,-0.02,5
2161,0.01822,-0.016800000000000002,5
2162,0.01824,-0.013600000000000001,5
2163,0.018260000000000005,-0.019200000000000002,5
2164,0.018280000000000005,-0.016,5
2165,0.018300000000000004,-0.010400000000000001,5
2166,0.018320000000000003,-0.0128,5
2167,0.018340000000000002,-0.013600000000000001,5
2168,0.01836,-0.0152,5
2169,0.01838,-0.016,5
2170,0.0184,-0.0184,5
2171,0.01842,-0.0176,5
2172,0.018440000000000005,-0.0152,5
2173,0.018460000000000004,-0.013600000000000001,5
2174,0.018480000000000003,-0.024,5
2175,0.018500000000000003,-0.024800000000000003,5
2176,0.018520000000000002,-0.02,5
2177,0.01854,-0.024,5
2178,0.01856,-0.02,5
2179,0.01858,-0.016,5
2180,0.018600000000000005,-0.02,5
2181,0.018620000000000005,-0.0176,5
2182,0.018640000000000004,-0.02,5
2183,0.018660000000000003,-0.013600000000000001,5
2184,0.018680000000000002,-0.0176,5
2185,0.0187,-0.0224,5
2186,0.01872,-0.024800000000000003,5
2187,0.01874,-0.024,5
2188,0.01876,-0.0176,5
2189,0.018780000000000005,-0.0176,5
2190,0.018800000000000004,-0.016800000000000002,5
2191,0.018820000000000003,-0.0152,5
2192,0.018840000000000003,-0.0216,5
2193,0.018860000000000002,-0.019200000000000002,5
2194,0.01888,-0.02,5
2195,0.0189,-0.014400000000000001,5
2196,0.01892,-0.013600000000000001,5
2197,0.018940000000000005,-0.0152,5
2198,0.018960000000000005,-0.014400000000000001,5
2199,0.018980000000000004,-0.0184,5
2200,0.019000000000000003,-0.016800000000000002,5
2201,0.019020000000000002,-0.023200000000000002,5
2202,0.01904,-0.024800000000000003,5
2203,0.01906,-0.024800000000000003,5
2204,0.01908,-0.0224,5
2205,0.0191,-0.0176,5
2206,0.019120000000000005,-0.0176,5
2207,0.019140000000000004,-0.0152,5
2208,0.019160000000000003,-0.012,5
2209,0.019180000000000003,-0.009600000000000001,5
2210,0.019200000000000002,-0.010400000000000001,5
2211,0.01922,-0.016,5
2212,0.01924,-0.013600000000000001,5
2213,0.01926,-0.009600000000000001,5
2214,0.019280000000000005,-0.012,5
2215,0.019300000000000005,-0.009600000000000001,5
2216,0.019320000000000004,-0.0064,5
2217,0.019340000000000003,-0.012,5
2218,0.019360000000000002,-0.0088,5
2219,0.01938,-0.009600000000000001,5
2220,0.0194,-0.0088,5
2221,0.01942,-0.0056,5
2222,0.01944,-0.004,5
2223,0.019460000000000005,-0.007200000000000001,5
2224,0.019480000000000004,-0.012,5
2225,0.019500000000000003,-0.019200000000000002,5
2226,0.019520000000000003,-0.027200000000000002,5
2227,0.019540000000000002,-0.0256,5
2228,0.01956,-0.020800000000000003,5
2229,0.01958,-0.023200000000000002,5
2230,0.0196,-0.024800000000000003,5
2231,0.019620000000000005,-0.0216,5
2232,0.019640000000000005,-0.02,5
2233,0.019660000000000004,-0.019200000000000002,5
2234,0.019680000000000003,-0.014400000000000001,5
2235,0.019700000000000002,-0.013600000000000001,5
2236,0.01972,-0.016800000000000002,5
2237,0.01974,-0.0112,5
2238,0.01976,-0.0088,5
2239,0.01978,-0.008,5
2240,0.019800000000000005,-0.014400000000000001,5
2241,0.019820000000000004,-0.014400000000000001,5
2242,0.019840000000000003,-0.0128,5
2243,0.019860000000000003,-0.013600000000000001,5
2244,0.019880000000000002,-0.0128,5
2245,0.0199,-0.008,5
2246,0.01992,-0.016800000000000002,5
2247,0.01994,-0.016800000000000002,5
2248,0.019960000000000006,-0.014400000000000001,5
2249,0.019980000000000005,-0.0128,5
2250,0.020000000000000004,-0.007200000000000001,5
2251,0.020020000000000003,-0.007200000000000001,5
2252,0.020040000000000002,-0.009600000000000001,5
2253,0.02006,-0.0256,5
2254,0.02008,-0.024800000000000003,5
2255,0.0201,-0.0216,5
2256,0.02012,-0.0176,5
2257,0.020140000000000005,-0.019200000000000002,5
2258,0.020160000000000004,-0.02,5
2259,0.020180000000000003,-0.016,5
2260,0.020200000000000003,-0.014400000000000001,5
2261,0.020220000000000002,-0.010400000000000001,5
2262,0.02024,-0.0112,5
2263,0.02026,-0.0112,5
2264,0.02028,-0.012,5
2265,0.020300000000000006,-0.012,5
2266,0.020320000000000005,-0.0152,5
2267,0.020340000000000004,-0.0088,5
2268,0.020360000000000003,-0.010400000000000001,5
2269,0.020380000000000002,-0.0152,5
2270,0.0204,-0.016,5
2271,0.02042,-0.0152,5
2272,0.02044,-0.013600000000000001,5
2273,0.02046,-0.020800000000000003,5
2274,0.020480000000000005,-0.0184,5
2275,0.020500000000000004,-0.0184,5
2276,0.020520000000000004,-0.013600000000000001,5
2277,0.020540000000000003,-0.010400000000000001,5
2278,0.020560000000000002,-0.014400000000000001,5
2279,0.02058,-0.008,5
2280,0.0206,-0.0056,5
2281,0.02062,-0.009600000000000001,5
2282,0.020640000000000006,-0.0128,5
2283,0.020660000000000005,-0.0112,5
2284,0.020680000000000004,-0.031200000000000002,5
2285,0.020700000000000003,-0.028,5
2286,0.020720000000000002,-0.0264,5
2287,0.02074,-0.0296,5
2288,0.02076,-0.0256,5
2289,0.02078,-0.0256,5
2290,0.0208,-0.0216,5
2291,0.020820000000000005,-0.0176,5
2292,0.020840000000000004,-0.0152,5
2293,0.020860000000000004,-0.013600000000000001,5
2294,0.020880000000000003,-0.0112,5
2295,0.020900000000000002,-0.010400000000000001,5
2296,0.02092,-0.0088,5
2297,0.02094,-0.008,5
2298,0.02096,-0.0064,5
2299,0.020980000000000006,-0.0112,5
2300,0.021000000000000005,-0.0064,5
2301,0.021020000000000004,-0.0056,5
2302,0.021040000000000003,-0.0112,5
2303,0.021060000000000002,-0.008,5
2304,0.02108,-0.016,5
2305,0.0211,-0.020800000000000003,5
2306,0.02112,-0.016,5
2307,0.02114,-0.012,5
2308,0.021160000000000005,-0.0112,5
2309,0.021180000000000004,-0.009600000000000001,5
2310,0.021200000000000004,-0.009600000000000001,5
2311,0.021220000000000003,-0.007200000000000001,5
2312,0.021240000000000002,-0.008,5
2313,0.02126,-0.0088,5
2314,0.02128,-0.0056,5
2315,0.0213,-0.0064,5
2316,0.021320000000000006,-0.0064,5
2317,0.021340000000000005,-0.004,5
2318,0.021360000000000004,-0.004,5
2319,0.021380000000000003,-0.019200000000000002,5
2320,0.021400000000000002,-0.019200000000000002,5
2321,0.02142,-0.016,5
2322,0.02144,-0.0152,5
2323,0.02146,-0.0112,5
2324,0.02148,-0.014400000000000001,5
2325,0.021500000000000005,-0.0088,5
2326,0.021520000000000004,-0.0064,5
2327,0.021540000000000004,-0.012,5
2328,0.021560000000000003,-0.009600000000000001,5
2329,0.021580000000000002,-0.016800000000000002,5
2330,0.0216,-0.016,5
2331,0.02162,-0.0088,5
2332,0.02164,-0.009600000000000001,5
2333,0.021660000000000006,-0.007200000000000001,5
2334,0.021680000000000005,-0.0088,5
2335,0.021700000000000004,-0.0152,5
2336,0.021720000000000003,-0.016,5
2337,0.021740000000000002,-0.0128,5
2338,0.02176,-0.009600000000000001,5
2339,0.02178,-0.0088,5
2340,0.0218,-0.007200000000000001,5
2341,0.02182,-0.010400000000000001,5
2342,0.021840000000000005,-0.0152,5
2343,0.021860000000000004,-0.0112,5
2344,0.021880000000000004,-0.012,5
2345,0.021900000000000003,-0.0112,5
2346,0.021920000000000002,-0.008,5
2347,0.02194,-0.0088,5
2348,0.02196,-0.008,5
2349,0.02198,-0.0176,5
2350,0.022000000000000006,-0.0152,5
2351,0.022020000000000005,-0.0112,5
2352,0.022040000000000004,-0.016800000000000002,5
2353,0.022060000000000003,-0.0176,5
2354,0.022080000000000002,-0.02,5
2355,0.0221,-0.0152,5
2356,0.02212,-0.016,5
2357,0.02214,-0.012,5
2358,0.02216,-0.014400000000000001,5
2359,0.022180000000000005,-0.014400000000000001,5
2360,0.022200000000000004,-0.009600000000000001,5
2361,0.022220000000000004,-0.012,5
2362,0.022240000000000003,-0.009600000000000001,5
2363,0.022260000000000002,-0.0064,5
2364,0.02228,-0.004,5
2365,0.0223,-0.0032,5
2366,0.02232,0.0024000000000000002,5
2367,0.022340000000000006,-0.004,5
2368,0.022360000000000005,-0.0024000000000000002,5
2369,0.022380000000000004,-0.0032,5
2370,0.022400000000000003,-0.004,5
2371,0.022420000000000002,-0.0008,5
2372,0.02244,-0.0016,5
2373,0.02246,0.0024000000000000002,5
2374,0.02248,0.0016,5
2375,0.0225,-0.0008,5
2376,0.022520000000000005,0.0,5
2377,0.022540000000000004,0.0016,5
2378,0.022560000000000004,0.0024000000000000002,5
2379,0.022580000000000003,0.0024000000000000002,5
2380,0.022600000000000002,0.0024000000000000002,5
2381,0.02262,-0.0016,5
2382,0.02264,-0.0016,5
2383,0.02266,-0.010400000000000001,5
2384,0.022680000000000006,-0.008,5
2385,0.022700000000000005,-0.02,5
2386,0.022720000000000004,-0.019200000000000002,5
2387,0.022740000000000003,-0.028800000000000003,5
2388,0.022760000000000002,-0.027200000000000002,5
2389,0.02278,-0.02,5
2390,0.0228,-0.0184,5
2391,0.02282,-0.0152,5
2392,0.02284,-0.013600000000000001,5
2393,0.022860000000000005,-0.024,5
2394,0.022880000000000005,-0.052000000000000005,5
2395,0.022900000000000004,-0.049600000000000005,5
2396,0.022920000000000003,-0.046400000000000004,5
2397,0.022940000000000002,-0.0368,5
2398,0.02296,-0.0352,5
2399,0.02298,-0.0304,5
2400,0.023,-0.028800000000000003,5
2401,0.023020000000000006,-0.0264,5
2402,0.023040000000000005,-0.028800000000000003,5
2403,0.023060000000000004,-0.0296,5
2404,0.023080000000000003,-0.024800000000000003,5
2405,0.023100000000000002,-0.024800000000000003,5
2406,0.02312,-0.016800000000000002,5
2407,0.02314,-0.0376,5
2408,0.02316,-0.028800000000000003,5
2409,0.02318,-0.0256,5
2410,0.023200000000000005,-0.0264,5
2411,0.023220000000000005,-0.023200000000000002,5
2412,0.023240000000000004,-0.023200000000000002,5
2413,0.023260000000000003,-0.016,5
2414,0.023280000000000002,-0.019200000000000002,5
2415,0.0233,-0.0176,5
2416,0.02332,-0.013600000000000001,5
2417,0.02334,-0.0152,5
2418,0.023360000000000006,-0.0224,5
2419,0.023380000000000005,-0.02,5
2420,0.023400000000000004,-0.0432,5
2421,0.023420000000000003,-0.0432,5
2422,0.023440000000000003,-0.0376,5
2423,0.02346,-0.032,5
2424,0.02348,-0.028,5
2425,0.0235,-0.0256,5
2426,0.02352,-0.0176,5
2427,0.023540000000000005,-0.0216,5
2428,0.023560000000000005,-0.0176,5
2429,0.023580000000000004,-0.0152,5
2430,0.023600000000000003,-0.014400000000000001,5
2431,0.023620000000000002,-0.016,5
2432,0.02364,-0.014400000000000001,5
2433,0.02366,-0.012,5
2434,0.02368,-0.007200000000000001,5
2435,0.023700000000000006,-0.008,5
2436,0.023720000000000005,-0.004,5
2437,0.023740000000000004,-0.004,5
2438,0.023760000000000003,-0.0128,5
2439,0.023780000000000003,-0.010400000000000001,5
2440,0.0238,-0.008,5
2441,0.02382,-0.014400000000000001,5
2442,0.02384,-0.007200000000000001,5
2443,0.02386,-0.0064,5
2444,0.023880000000000005,-0.007200000000000001,5
2445,0.023900000000000005,-0.0056,5
2446,0.023920000000000004,-0.0056,5
2447,0.023940000000000003,-0.010400000000000001,5
2448,0.023960000000000002,-0.009600000000000001,5
2449,0.02398,-0.004,5
2450,0.024,-0.0064,5
2451,0.02402,-0.012,5
2452,0.024040000000000006,-0.010400000000000001,5
2453,0.024060000000000005,-0.0112,5
2454,0.024080000000000004,-0.010400000000000001,5
2455,0.024100000000000003,-0.0048000000000000004,5
2456,0.024120000000000003,-0.007200000000000001,5
2457,0.02414,-0.008,5
2458,0.02416,-0.008,5
2459,0.02418,-0.009600000000000001,5
2460,0.0242,-0.012,5
2461,0.024220000000000005,-0.0056,5
2462,0.024240000000000005,-0.008,5
2463,0.024260000000000004,-0.0024000000000000002,5
2464,0.024280000000000003,-0.0064,5
2465,0.024300000000000002,-0.008,5
2466,0.02432,-0.0088,5
2467,0.02434,-0.0184,5
2468,0.02436,-0.0176,5
2469,0.024380000000000006,-0.02,5
2470,0.024400000000000005,-0.02,5
2471,0.024420000000000004,-0.0176,5
2472,0.024440000000000003,-0.016800000000000002,5
2473,0.024460000000000003,-0.0128,5
2474,0.024480000000000002,-0.013600000000000001,5
2475,0.0245,-0.0176,5
2476,0.02452,-0.016,5
2477,0.02454,-0.02,5
2478,0.024560000000000005,-0.019200000000000002,5
2479,0.024580000000000005,-0.020800000000000003,5
2480,0.024600000000000004,-0.016,5
2481,0.024620000000000003,-0.020800000000000003,5
2482,0.024640000000000002,-0.019200000000000002,5
2483,0.02466,-0.0176,5
2484,0.02468,-0.023200000000000002,5
2485,0.0247,-0.020800000000000003,5
2486,0.024720000000000006,-0.0224,5
2487,0.024740000000000005,-0.024,5
2488,0.024760000000000004,-0.020800000000000003,5
2489,0.024780000000000003,-0.016,5
2490,0.024800000000000003,-0.016,5
2491,0.024820000000000002,-0.033600000000000005,5
2492,0.02484,-0.0304,5
2493,0.02486,-0.027200000000000002,5
2494,0.02488,-0.02,5
2495,0.024900000000000005,-0.024800000000000003,5
2496,0.024920000000000005,-0.02,5
2497,0.024940000000000004,-0.020800000000000003,5
2498,0.024960000000000003,-0.02,5
2499,0.024980000000000002,-0.02,5
