,Mediciónes,Tiempo,Tiempo de integración [ms],Polarizacion grande,Polarizacion chica,Resistencia,Voltaje disco
0,-0.0048000000000000004,-5e-06,0.001,40,0,10000,3.3
1,-0.0064,-4.996e-06,0.001,40,0,10000,3.3
2,-0.0016,-4.992000000000001e-06,0.001,40,0,10000,3.3
3,-0.008,-4.988e-06,0.001,40,0,10000,3.3
4,-0.0056,-4.984e-06,0.001,40,0,10000,3.3
5,-0.004,-4.980000000000001e-06,0.001,40,0,10000,3.3
6,-0.007200000000000001,-4.976e-06,0.001,40,0,10000,3.3
7,-0.0024000000000000002,-4.972e-06,0.001,40,0,10000,3.3
8,-0.0056,-4.9680000000000005e-06,0.001,40,0,10000,3.3
9,-0.007200000000000001,-4.964e-06,0.001,40,0,10000,3.3
10,-0.0016,-4.960000000000001e-06,0.001,40,0,10000,3.3
11,-0.0064,-4.9560000000000005e-06,0.001,40,0,10000,3.3
12,-0.0048000000000000004,-4.952e-06,0.001,40,0,10000,3.3
13,-0.0032,-4.948000000000001e-06,0.001,40,0,10000,3.3
14,-0.0064,-4.9440000000000004e-06,0.001,40,0,10000,3.3
15,-0.0024000000000000002,-4.94e-06,0.001,40,0,10000,3.3
16,-0.0032,-4.936000000000001e-06,0.001,40,0,10000,3.3
17,-0.0064,-4.932e-06,0.001,40,0,10000,3.3
18,-0.0016,-4.928e-06,0.001,40,0,10000,3.3
19,-0.0056,-4.924000000000001e-06,0.001,40,0,10000,3.3
20,-0.0048000000000000004,-4.92e-06,0.001,40,0,10000,3.3
21,-0.0032,-4.916e-06,0.001,40,0,10000,3.3
22,-0.0056,-4.9120000000000006e-06,0.001,40,0,10000,3.3
23,-0.0032,-4.908e-06,0.001,40,0,10000,3.3
24,-0.0048000000000000004,-4.904000000000001e-06,0.001,40,0,10000,3.3
25,-0.0056,-4.9000000000000005e-06,0.001,40,0,10000,3.3
26,-0.0056,-4.896e-06,0.001,40,0,10000,3.3
27,-0.0056,-4.892000000000001e-06,0.001,40,0,10000,3.3
28,-0.004,-4.8880000000000005e-06,0.001,40,0,10000,3.3
29,-0.0048000000000000004,-4.884e-06,0.001,40,0,10000,3.3
30,-0.0032,-4.880000000000001e-06,0.001,40,0,10000,3.3
31,-0.0048000000000000004,-4.876e-06,0.001,40,0,10000,3.3
32,-0.0064,-4.872e-06,0.001,40,0,10000,3.3
33,-0.0016,-4.868000000000001e-06,0.001,40,0,10000,3.3
34,-0.0056,-4.864e-06,0.001,40,0,10000,3.3
35,-0.0024000000000000002,-4.86e-06,0.001,40,0,10000,3.3
36,-0.0048000000000000004,-4.856000000000001e-06,0.001,40,0,10000,3.3
37,-0.007200000000000001,-4.852e-06,0.001,40,0,10000,3.3
38,-0.0024000000000000002,-4.848e-06,0.001,40,0,10000,3.3
39,-0.0032,-4.8440000000000005e-06,0.001,40,0,10000,3.3
40,-0.0064,-4.84e-06,0.001,40,0,10000,3.3
41,-0.0032,-4.836000000000001e-06,0.001,40,0,10000,3.3
42,-0.0064,-4.8320000000000005e-06,0.001,40,0,10000,3.3
43,-0.0048000000000000004,-4.828e-06,0.001,40,0,10000,3.3
44,-0.0048000000000000004,-4.824000000000001e-06,0.001,40,0,10000,3.3
45,-0.0056,-4.8200000000000004e-06,0.001,40,0,10000,3.3
46,-0.0048000000000000004,-4.816e-06,0.001,40,0,10000,3.3
47,-0.004,-4.812000000000001e-06,0.001,40,0,10000,3.3
48,-0.0064,-4.808e-06,0.001,40,0,10000,3.3
49,-0.0024000000000000002,-4.804e-06,0.001,40,0,10000,3.3
50,-0.004,-4.800000000000001e-06,0.001,40,0,10000,3.3
51,-0.0064,-4.796e-06,0.001,40,0,10000,3.3
52,-0.0024000000000000002,-4.792e-06,0.001,40,0,10000,3.3
53,-0.007200000000000001,-4.7880000000000006e-06,0.001,40,0,10000,3.3
54,-0.0048000000000000004,-4.784e-06,0.001,40,0,10000,3.3
55,-0.0016,-4.78e-06,0.001,40,0,10000,3.3
56,-0.0088,-4.7760000000000005e-06,0.001,40,0,10000,3.3
57,-0.0024000000000000002,-4.772e-06,0.001,40,0,10000,3.3
58,-0.0048000000000000004,-4.768000000000001e-06,0.001,40,0,10000,3.3
59,-0.007200000000000001,-4.7640000000000005e-06,0.001,40,0,10000,3.3
60,-0.0024000000000000002,-4.76e-06,0.001,40,0,10000,3.3
61,-0.008,-4.756000000000001e-06,0.001,40,0,10000,3.3
62,-0.0032,-4.752e-06,0.001,40,0,10000,3.3
63,-0.0024000000000000002,-4.748e-06,0.001,40,0,10000,3.3
64,-0.008,-4.744000000000001e-06,0.001,40,0,10000,3.3
65,-0.0016,-4.74e-06,0.001,40,0,10000,3.3
66,-0.007200000000000001,-4.736e-06,0.001,40,0,10000,3.3
67,-0.004,-4.732000000000001e-06,0.001,40,0,10000,3.3
68,-0.004,-4.728e-06,0.001,40,0,10000,3.3
69,-0.0088,-4.724e-06,0.001,40,0,10000,3.3
70,-0.0016,-4.7200000000000005e-06,0.001,40,0,10000,3.3
71,-0.0056,-4.716e-06,0.001,40,0,10000,3.3
72,-0.0056,-4.712e-06,0.001,40,0,10000,3.3
73,-0.0024000000000000002,-4.7080000000000005e-06,0.001,40,0,10000,3.3
74,-0.0064,-4.704e-06,0.001,40,0,10000,3.3
75,-0.0032,-4.700000000000001e-06,0.001,40,0,10000,3.3
76,-0.0056,-4.6960000000000004e-06,0.001,40,0,10000,3.3
77,-0.0056,-4.692e-06,0.001,40,0,10000,3.3
78,-0.004,-4.688000000000001e-06,0.001,40,0,10000,3.3
79,-0.0064,-4.684e-06,0.001,40,0,10000,3.3
80,-0.0032,-4.68e-06,0.001,40,0,10000,3.3
81,-0.0048000000000000004,-4.676000000000001e-06,0.001,40,0,10000,3.3
82,-0.0056,-4.672e-06,0.001,40,0,10000,3.3
83,-0.004,-4.668e-06,0.001,40,0,10000,3.3
84,-0.0064,-4.664000000000001e-06,0.001,40,0,10000,3.3
85,-0.0024000000000000002,-4.66e-06,0.001,40,0,10000,3.3
86,-0.0048000000000000004,-4.656000000000001e-06,0.001,40,0,10000,3.3
87,-0.0048000000000000004,-4.6520000000000005e-06,0.001,40,0,10000,3.3
88,-0.0048000000000000004,-4.648e-06,0.001,40,0,10000,3.3
89,-0.007200000000000001,-4.644000000000001e-06,0.001,40,0,10000,3.3
90,-0.0032,-4.6400000000000005e-06,0.001,40,0,10000,3.3
91,-0.0048000000000000004,-4.636e-06,0.001,40,0,10000,3.3
92,-0.0048000000000000004,-4.632000000000001e-06,0.001,40,0,10000,3.3
93,-0.004,-4.628e-06,0.001,40,0,10000,3.3
94,-0.0048000000000000004,-4.624e-06,0.001,40,0,10000,3.3
95,-0.0048000000000000004,-4.620000000000001e-06,0.001,40,0,10000,3.3
96,-0.0048000000000000004,-4.616e-06,0.001,40,0,10000,3.3
97,-0.0056,-4.612e-06,0.001,40,0,10000,3.3
98,-0.0048000000000000004,-4.608000000000001e-06,0.001,40,0,10000,3.3
99,-0.004,-4.604e-06,0.001,40,0,10000,3.3
100,-0.004,-4.6e-06,0.001,40,0,10000,3.3
101,-0.0056,-4.5960000000000006e-06,0.001,40,0,10000,3.3
102,-0.0032,-4.592e-06,0.001,40,0,10000,3.3
103,-0.007200000000000001,-4.588000000000001e-06,0.001,40,0,10000,3.3
104,-0.0048000000000000004,-4.5840000000000005e-06,0.001,40,0,10000,3.3
105,-0.004,-4.58e-06,0.001,40,0,10000,3.3
106,-0.0088,-4.576000000000001e-06,0.001,40,0,10000,3.3
107,-0.0024000000000000002,-4.5720000000000004e-06,0.001,40,0,10000,3.3
108,-0.0048000000000000004,-4.568e-06,0.001,40,0,10000,3.3
109,-0.0056,-4.564000000000001e-06,0.001,40,0,10000,3.3
110,-0.0008,-4.56e-06,0.001,40,0,10000,3.3
111,-0.009600000000000001,-4.556e-06,0.001,40,0,10000,3.3
112,-0.0024000000000000002,-4.552000000000001e-06,0.001,40,0,10000,3.3
113,-0.0024000000000000002,-4.548e-06,0.001,40,0,10000,3.3
114,-0.008,-4.544e-06,0.001,40,0,10000,3.3
115,0.0008,-4.540000000000001e-06,0.001,40,0,10000,3.3
116,-0.007200000000000001,-4.536e-06,0.001,40,0,10000,3.3
117,-0.0048000000000000004,-4.532e-06,0.001,40,0,10000,3.3
118,-0.0008,-4.5280000000000005e-06,0.001,40,0,10000,3.3
119,-0.008,-4.524e-06,0.001,40,0,10000,3.3
120,-0.0008,-4.520000000000001e-06,0.001,40,0,10000,3.3
121,-0.0048000000000000004,-4.5160000000000005e-06,0.001,40,0,10000,3.3
122,-0.0056,-4.512e-06,0.001,40,0,10000,3.3
123,-0.0016,-4.508000000000001e-06,0.001,40,0,10000,3.3
124,-0.007200000000000001,-4.504e-06,0.001,40,0,10000,3.3
125,-0.0024000000000000002,-4.5e-06,0.001,40,0,10000,3.3
126,-0.004,-4.496000000000001e-06,0.001,40,0,10000,3.3
127,-0.0056,-4.492e-06,0.001,40,0,10000,3.3
128,-0.0032,-4.488e-06,0.001,40,0,10000,3.3
129,-0.0056,-4.484000000000001e-06,0.001,40,0,10000,3.3
130,-0.0024000000000000002,-4.48e-06,0.001,40,0,10000,3.3
131,-0.004,-4.476000000000001e-06,0.001,40,0,10000,3.3
132,-0.0048000000000000004,-4.4720000000000006e-06,0.001,40,0,10000,3.3
133,-0.0016,-4.468e-06,0.001,40,0,10000,3.3
134,-0.0048000000000000004,-4.464e-06,0.001,40,0,10000,3.3
135,-0.0024000000000000002,-4.4600000000000005e-06,0.001,40,0,10000,3.3
136,-0.0056,-4.456e-06,0.001,40,0,10000,3.3
137,-0.0048000000000000004,-4.452000000000001e-06,0.001,40,0,10000,3.3
138,-0.0008,-4.4480000000000004e-06,0.001,40,0,10000,3.3
139,-0.007200000000000001,-4.444e-06,0.001,40,0,10000,3.3
140,-0.0032,-4.440000000000001e-06,0.001,40,0,10000,3.3
141,-0.0032,-4.436e-06,0.001,40,0,10000,3.3
142,-0.0064,-4.432e-06,0.001,40,0,10000,3.3
143,-0.0024000000000000002,-4.428000000000001e-06,0.001,40,0,10000,3.3
144,-0.0056,-4.424e-06,0.001,40,0,10000,3.3
145,-0.0048000000000000004,-4.42e-06,0.001,40,0,10000,3.3
146,-0.0016,-4.416000000000001e-06,0.001,40,0,10000,3.3
147,-0.007200000000000001,-4.412e-06,0.001,40,0,10000,3.3
148,-0.0032,-4.408000000000001e-06,0.001,40,0,10000,3.3
149,-0.0048000000000000004,-4.4040000000000005e-06,0.001,40,0,10000,3.3
150,-0.004,-4.4e-06,0.001,40,0,10000,3.3
151,-0.0016,-4.396e-06,0.001,40,0,10000,3.3
152,-0.004,-4.3920000000000005e-06,0.001,40,0,10000,3.3
153,-0.004,-4.388e-06,0.001,40,0,10000,3.3
154,-0.0056,-4.384000000000001e-06,0.001,40,0,10000,3.3
155,-0.0056,-4.38e-06,0.001,40,0,10000,3.3
156,-0.004,-4.376e-06,0.001,40,0,10000,3.3
157,-0.0032,-4.372000000000001e-06,0.001,40,0,10000,3.3
158,-0.0032,-4.368e-06,0.001,40,0,10000,3.3
159,-0.0056,-4.364e-06,0.001,40,0,10000,3.3
160,-0.004,-4.360000000000001e-06,0.001,40,0,10000,3.3
161,-0.004,-4.356e-06,0.001,40,0,10000,3.3
162,-0.004,-4.352e-06,0.001,40,0,10000,3.3
163,-0.0024000000000000002,-4.3480000000000006e-06,0.001,40,0,10000,3.3
164,-0.007200000000000001,-4.344e-06,0.001,40,0,10000,3.3
165,-0.0024000000000000002,-4.340000000000001e-06,0.001,40,0,10000,3.3
166,-0.0032,-4.3360000000000005e-06,0.001,40,0,10000,3.3
167,-0.0056,-4.332e-06,0.001,40,0,10000,3.3
168,-0.0016,-4.328e-06,0.001,40,0,10000,3.3
169,-0.0064,-4.3240000000000004e-06,0.001,40,0,10000,3.3
170,-0.0032,-4.32e-06,0.001,40,0,10000,3.3
171,-0.0032,-4.316000000000001e-06,0.001,40,0,10000,3.3
172,-0.0064,-4.312e-06,0.001,40,0,10000,3.3
173,-0.0008,-4.308e-06,0.001,40,0,10000,3.3
174,-0.0048000000000000004,-4.304000000000001e-06,0.001,40,0,10000,3.3
175,-0.0048000000000000004,-4.3e-06,0.001,40,0,10000,3.3
176,-0.0032,-4.296e-06,0.001,40,0,10000,3.3
177,-0.0064,-4.292000000000001e-06,0.001,40,0,10000,3.3
178,-0.0024000000000000002,-4.288e-06,0.001,40,0,10000,3.3
179,-0.0024000000000000002,-4.284e-06,0.001,40,0,10000,3.3
180,-0.0056,-4.2800000000000005e-06,0.001,40,0,10000,3.3
181,-0.0032,-4.276e-06,0.001,40,0,10000,3.3
182,-0.0064,-4.272000000000001e-06,0.001,40,0,10000,3.3
183,-0.0048000000000000004,-4.2680000000000005e-06,0.001,40,0,10000,3.3
184,-0.0032,-4.264e-06,0.001,40,0,10000,3.3
185,-0.004,-4.260000000000001e-06,0.001,40,0,10000,3.3
186,-0.0032,-4.256e-06,0.001,40,0,10000,3.3
187,-0.0048000000000000004,-4.252e-06,0.001,40,0,10000,3.3
188,-0.004,-4.248000000000001e-06,0.001,40,0,10000,3.3
189,-0.004,-4.244e-06,0.001,40,0,10000,3.3
190,-0.0024000000000000002,-4.24e-06,0.001,40,0,10000,3.3
191,-0.004,-4.236000000000001e-06,0.001,40,0,10000,3.3
192,-0.0048000000000000004,-4.232e-06,0.001,40,0,10000,3.3
193,-0.0024000000000000002,-4.228e-06,0.001,40,0,10000,3.3
194,-0.0056,-4.2240000000000006e-06,0.001,40,0,10000,3.3
195,-0.0016,-4.22e-06,0.001,40,0,10000,3.3
196,-0.0032,-4.216e-06,0.001,40,0,10000,3.3
197,-0.0056,-4.2120000000000005e-06,0.001,40,0,10000,3.3
198,-0.0016,-4.208e-06,0.001,40,0,10000,3.3
199,-0.0048000000000000004,-4.204000000000001e-06,0.001,40,0,10000,3.3
200,-0.0056,-4.2000000000000004e-06,0.001,40,0,10000,3.3
201,-0.0008,-4.196e-06,0.001,40,0,10000,3.3
202,-0.0056,-4.192000000000001e-06,0.001,40,0,10000,3.3
203,-0.004,-4.188e-06,0.001,40,0,10000,3.3
204,-0.0032,-4.184e-06,0.001,40,0,10000,3.3
205,-0.007200000000000001,-4.180000000000001e-06,0.001,40,0,10000,3.3
206,-0.0024000000000000002,-4.176e-06,0.001,40,0,10000,3.3
207,-0.0032,-4.172e-06,0.001,40,0,10000,3.3
208,-0.0056,-4.168000000000001e-06,0.001,40,0,10000,3.3
209,-0.0032,-4.164e-06,0.001,40,0,10000,3.3
210,-0.004,-4.160000000000001e-06,0.001,40,0,10000,3.3
211,-0.0056,-4.1560000000000005e-06,0.001,40,0,10000,3.3
212,-0.0008,-4.152e-06,0.001,40,0,10000,3.3
213,-0.0032,-4.148e-06,0.001,40,0,10000,3.3
214,-0.0064,-4.1440000000000005e-06,0.001,40,0,10000,3.3
215,-0.0024000000000000002,-4.14e-06,0.001,40,0,10000,3.3
216,-0.0064,-4.136000000000001e-06,0.001,40,0,10000,3.3
217,-0.0024000000000000002,-4.132e-06,0.001,40,0,10000,3.3
218,-0.0016,-4.128e-06,0.001,40,0,10000,3.3
219,-0.007200000000000001,-4.124000000000001e-06,0.001,40,0,10000,3.3
220,-0.0032,-4.12e-06,0.001,40,0,10000,3.3
221,-0.0032,-4.116e-06,0.001,40,0,10000,3.3
222,-0.0048000000000000004,-4.112000000000001e-06,0.001,40,0,10000,3.3
223,-0.0008,-4.108e-06,0.001,40,0,10000,3.3
224,-0.0056,-4.104e-06,0.001,40,0,10000,3.3
225,-0.0048000000000000004,-4.1000000000000006e-06,0.001,40,0,10000,3.3
226,-0.0016,-4.096e-06,0.001,40,0,10000,3.3
227,-0.004,-4.092000000000001e-06,0.001,40,0,10000,3.3
228,-0.0024000000000000002,-4.0880000000000005e-06,0.001,40,0,10000,3.3
229,-0.0016,-4.084e-06,0.001,40,0,10000,3.3
230,-0.0048000000000000004,-4.08e-06,0.001,40,0,10000,3.3
231,-0.004,-4.0760000000000004e-06,0.001,40,0,10000,3.3
232,-0.0032,-4.072e-06,0.001,40,0,10000,3.3
233,-0.004,-4.068000000000001e-06,0.001,40,0,10000,3.3
234,-0.0024000000000000002,-4.064e-06,0.001,40,0,10000,3.3
235,-0.004,-4.06e-06,0.001,40,0,10000,3.3
236,-0.0056,-4.056000000000001e-06,0.001,40,0,10000,3.3
237,-0.0016,-4.052e-06,0.001,40,0,10000,3.3
238,-0.004,-4.048e-06,0.001,40,0,10000,3.3
239,-0.004,-4.044000000000001e-06,0.001,40,0,10000,3.3
240,-0.0024000000000000002,-4.04e-06,0.001,40,0,10000,3.3
241,-0.0048000000000000004,-4.036e-06,0.001,40,0,10000,3.3
242,-0.004,-4.0320000000000005e-06,0.001,40,0,10000,3.3
243,-0.0008,-4.028e-06,0.001,40,0,10000,3.3
244,-0.004,-4.024000000000001e-06,0.001,40,0,10000,3.3
245,-0.0016,-4.0200000000000005e-06,0.001,40,0,10000,3.3
246,-0.0032,-4.016e-06,0.001,40,0,10000,3.3
247,-0.0056,-4.012e-06,0.001,40,0,10000,3.3
248,-0.0032,-4.008e-06,0.001,40,0,10000,3.3
249,-0.004,-4.004e-06,0.001,40,0,10000,3.3
250,-0.004,-4.000000000000001e-06,0.001,40,0,10000,3.3
251,-0.0032,-3.996e-06,0.001,40,0,10000,3.3
252,-0.0056,-3.992e-06,0.001,40,0,10000,3.3
253,-0.004,-3.988000000000001e-06,0.001,40,0,10000,3.3
254,-0.0024000000000000002,-3.984e-06,0.001,40,0,10000,3.3
255,-0.004,-3.980000000000001e-06,0.001,40,0,10000,3.3
256,-0.0032,-3.9760000000000006e-06,0.001,40,0,10000,3.3
257,-0.0032,-3.972e-06,0.001,40,0,10000,3.3
258,-0.0064,-3.968e-06,0.001,40,0,10000,3.3
259,-0.0048000000000000004,-3.9640000000000005e-06,0.001,40,0,10000,3.3
260,-0.0016,-3.96e-06,0.001,40,0,10000,3.3
261,-0.0048000000000000004,-3.956000000000001e-06,0.001,40,0,10000,3.3
262,-0.0024000000000000002,-3.9520000000000004e-06,0.001,40,0,10000,3.3
263,-0.0048000000000000004,-3.948e-06,0.001,40,0,10000,3.3
264,-0.0064,-3.944e-06,0.001,40,0,10000,3.3
265,-0.0008,-3.94e-06,0.001,40,0,10000,3.3
266,-0.0056,-3.936e-06,0.001,40,0,10000,3.3
267,-0.0048000000000000004,-3.932000000000001e-06,0.001,40,0,10000,3.3
268,-0.0008,-3.928e-06,0.001,40,0,10000,3.3
269,-0.0056,-3.924e-06,0.001,40,0,10000,3.3
270,-0.0016,-3.920000000000001e-06,0.001,40,0,10000,3.3
271,-0.0024000000000000002,-3.916e-06,0.001,40,0,10000,3.3
272,-0.0056,-3.912000000000001e-06,0.001,40,0,10000,3.3
273,-0.0008,-3.9080000000000005e-06,0.001,40,0,10000,3.3
274,-0.0064,-3.904e-06,0.001,40,0,10000,3.3
275,-0.004,-3.9e-06,0.001,40,0,10000,3.3
276,-0.0024000000000000002,-3.8960000000000005e-06,0.001,40,0,10000,3.3
277,-0.0032,-3.892e-06,0.001,40,0,10000,3.3
278,-0.0032,-3.888000000000001e-06,0.001,40,0,10000,3.3
279,-0.0032,-3.884e-06,0.001,40,0,10000,3.3
280,-0.0048000000000000004,-3.88e-06,0.001,40,0,10000,3.3
281,-0.0032,-3.876e-06,0.001,40,0,10000,3.3
282,-0.004,-3.872e-06,0.001,40,0,10000,3.3
283,-0.0024000000000000002,-3.868e-06,0.001,40,0,10000,3.3
284,-0.0024000000000000002,-3.864000000000001e-06,0.001,40,0,10000,3.3
285,-0.0048000000000000004,-3.86e-06,0.001,40,0,10000,3.3
286,-0.0048000000000000004,-3.856e-06,0.001,40,0,10000,3.3
287,-0.0024000000000000002,-3.8520000000000006e-06,0.001,40,0,10000,3.3
288,-0.004,-3.848e-06,0.001,40,0,10000,3.3
289,-0.0032,-3.844000000000001e-06,0.001,40,0,10000,3.3
290,-0.0032,-3.8400000000000005e-06,0.001,40,0,10000,3.3
291,-0.0048000000000000004,-3.836e-06,0.001,40,0,10000,3.3
292,-0.0016,-3.832e-06,0.001,40,0,10000,3.3
293,-0.004,-3.8280000000000004e-06,0.001,40,0,10000,3.3
294,-0.0024000000000000002,-3.824e-06,0.001,40,0,10000,3.3
295,-0.0032,-3.820000000000001e-06,0.001,40,0,10000,3.3
296,-0.0048000000000000004,-3.816e-06,0.001,40,0,10000,3.3
297,-0.0008,-3.812e-06,0.001,40,0,10000,3.3
298,-0.0032,-3.8080000000000006e-06,0.001,40,0,10000,3.3
299,-0.0024000000000000002,-3.8040000000000003e-06,0.001,40,0,10000,3.3
300,-0.0024000000000000002,-3.8e-06,0.001,40,0,10000,3.3
301,-0.0024000000000000002,-3.7960000000000006e-06,0.001,40,0,10000,3.3
302,-0.0024000000000000002,-3.7920000000000003e-06,0.001,40,0,10000,3.3
303,-0.004,-3.7880000000000004e-06,0.001,40,0,10000,3.3
304,-0.0016,-3.7840000000000005e-06,0.001,40,0,10000,3.3
305,-0.0032,-3.7800000000000002e-06,0.001,40,0,10000,3.3
306,-0.0024000000000000002,-3.7760000000000004e-06,0.001,40,0,10000,3.3
307,-0.0016,-3.7720000000000005e-06,0.001,40,0,10000,3.3
308,-0.0048000000000000004,-3.768e-06,0.001,40,0,10000,3.3
309,-0.0008,-3.7640000000000003e-06,0.001,40,0,10000,3.3
310,-0.004,-3.7600000000000004e-06,0.001,40,0,10000,3.3
311,-0.004,-3.756e-06,0.001,40,0,10000,3.3
312,0.0016,-3.7520000000000002e-06,0.001,40,0,10000,3.3
313,-0.007200000000000001,-3.7480000000000004e-06,0.001,40,0,10000,3.3
314,-0.0024000000000000002,-3.744e-06,0.001,40,0,10000,3.3
315,-0.0016,-3.7400000000000006e-06,0.001,40,0,10000,3.3
316,-0.007200000000000001,-3.7360000000000003e-06,0.001,40,0,10000,3.3
317,-0.0016,-3.732e-06,0.001,40,0,10000,3.3
318,-0.0048000000000000004,-3.7280000000000006e-06,0.001,40,0,10000,3.3
319,-0.0056,-3.7240000000000003e-06,0.001,40,0,10000,3.3
320,0.0,-3.7200000000000004e-06,0.001,40,0,10000,3.3
321,-0.0064,-3.7160000000000005e-06,0.001,40,0,10000,3.3
322,-0.004,-3.712e-06,0.001,40,0,10000,3.3
323,-0.0016,-3.7080000000000003e-06,0.001,40,0,10000,3.3
324,-0.0056,-3.7040000000000005e-06,0.001,40,0,10000,3.3
325,-0.0016,-3.7e-06,0.001,40,0,10000,3.3
326,-0.0016,-3.6960000000000003e-06,0.001,40,0,10000,3.3
327,-0.0048000000000000004,-3.6920000000000004e-06,0.001,40,0,10000,3.3
328,0.0,-3.688e-06,0.001,40,0,10000,3.3
329,-0.0032,-3.6840000000000006e-06,0.001,40,0,10000,3.3
330,-0.004,-3.6800000000000003e-06,0.001,40,0,10000,3.3
331,0.0,-3.676e-06,0.001,40,0,10000,3.3
332,-0.004,-3.6720000000000006e-06,0.001,40,0,10000,3.3
333,-0.0032,-3.6680000000000003e-06,0.001,40,0,10000,3.3
334,-0.0032,-3.6640000000000004e-06,0.001,40,0,10000,3.3
335,-0.004,-3.6600000000000005e-06,0.001,40,0,10000,3.3
336,-0.0008,-3.6560000000000002e-06,0.001,40,0,10000,3.3
337,-0.004,-3.6520000000000004e-06,0.001,40,0,10000,3.3
338,-0.0024000000000000002,-3.6480000000000005e-06,0.001,40,0,10000,3.3
339,-0.0016,-3.644e-06,0.001,40,0,10000,3.3
340,-0.0032,-3.6400000000000003e-06,0.001,40,0,10000,3.3
341,-0.004,-3.6360000000000004e-06,0.001,40,0,10000,3.3
342,-0.0032,-3.632e-06,0.001,40,0,10000,3.3
343,-0.0016,-3.6280000000000002e-06,0.001,40,0,10000,3.3
344,-0.0024000000000000002,-3.6240000000000004e-06,0.001,40,0,10000,3.3
345,-0.0032,-3.62e-06,0.001,40,0,10000,3.3
346,-0.0016,-3.6160000000000006e-06,0.001,40,0,10000,3.3
347,-0.004,-3.6120000000000003e-06,0.001,40,0,10000,3.3
348,-0.0008,-3.608e-06,0.001,40,0,10000,3.3
349,-0.0016,-3.6040000000000006e-06,0.001,40,0,10000,3.3
350,-0.004,-3.6000000000000003e-06,0.001,40,0,10000,3.3
351,-0.0008,-3.5960000000000004e-06,0.001,40,0,10000,3.3
352,-0.004,-3.5920000000000005e-06,0.001,40,0,10000,3.3
353,-0.0032,-3.588e-06,0.001,40,0,10000,3.3
354,-0.0008,-3.5840000000000003e-06,0.001,40,0,10000,3.3
355,-0.0032,-3.5800000000000005e-06,0.001,40,0,10000,3.3
356,-0.0008,-3.576e-06,0.001,40,0,10000,3.3
357,-0.0024000000000000002,-3.5720000000000003e-06,0.001,40,0,10000,3.3
358,-0.0032,-3.5680000000000004e-06,0.001,40,0,10000,3.3
359,-0.0008,-3.564e-06,0.001,40,0,10000,3.3
360,-0.0024000000000000002,-3.5600000000000002e-06,0.001,40,0,10000,3.3
361,-0.0048000000000000004,-3.5560000000000003e-06,0.001,40,0,10000,3.3
362,0.0,-3.552e-06,0.001,40,0,10000,3.3
363,-0.0032,-3.5480000000000006e-06,0.001,40,0,10000,3.3
364,-0.0024000000000000002,-3.5440000000000003e-06,0.001,40,0,10000,3.3
365,-0.0008,-3.5400000000000004e-06,0.001,40,0,10000,3.3
366,-0.0056,-3.5360000000000005e-06,0.001,40,0,10000,3.3
367,-0.0008,-3.5320000000000002e-06,0.001,40,0,10000,3.3
368,-0.0008,-3.5280000000000004e-06,0.001,40,0,10000,3.3
369,-0.0048000000000000004,-3.5240000000000005e-06,0.001,40,0,10000,3.3
370,0.0016,-3.52e-06,0.001,40,0,10000,3.3
371,-0.0032,-3.5160000000000003e-06,0.001,40,0,10000,3.3
372,-0.0032,-3.5120000000000004e-06,0.001,40,0,10000,3.3
373,0.0008,-3.508e-06,0.001,40,0,10000,3.3
374,-0.0064,-3.5040000000000002e-06,0.001,40,0,10000,3.3
375,0.0,-3.5000000000000004e-06,0.001,40,0,10000,3.3
376,-0.0016,-3.496e-06,0.001,40,0,10000,3.3
377,-0.0056,-3.4920000000000006e-06,0.001,40,0,10000,3.3
378,0.0016,-3.4880000000000003e-06,0.001,40,0,10000,3.3
379,-0.0056,-3.484e-06,0.001,40,0,10000,3.3
380,-0.0008,-3.4800000000000006e-06,0.001,40,0,10000,3.3
381,0.0,-3.4760000000000003e-06,0.001,40,0,10000,3.3
382,-0.0064,-3.4720000000000004e-06,0.001,40,0,10000,3.3
383,0.0016,-3.4680000000000005e-06,0.001,40,0,10000,3.3
384,-0.0032,-3.464e-06,0.001,40,0,10000,3.3
385,-0.0024000000000000002,-3.4600000000000003e-06,0.001,40,0,10000,3.3
386,-0.0008,-3.4560000000000005e-06,0.001,40,0,10000,3.3
387,-0.0064,-3.452e-06,0.001,40,0,10000,3.3
388,0.0,-3.4480000000000003e-06,0.001,40,0,10000,3.3
389,-0.0032,-3.4440000000000004e-06,0.001,40,0,10000,3.3
390,-0.0024000000000000002,-3.44e-06,0.001,40,0,10000,3.3
391,-0.0008,-3.4360000000000002e-06,0.001,40,0,10000,3.3
392,-0.004,-3.4320000000000003e-06,0.001,40,0,10000,3.3
393,-0.0008,-3.428e-06,0.001,40,0,10000,3.3
394,-0.0056,-3.4240000000000006e-06,0.001,40,0,10000,3.3
395,0.0,-3.4200000000000003e-06,0.001,40,0,10000,3.3
396,-0.0016,-3.4160000000000004e-06,0.001,40,0,10000,3.3
397,-0.0024000000000000002,-3.4120000000000005e-06,0.001,40,0,10000,3.3
398,-0.0008,-3.4080000000000002e-06,0.001,40,0,10000,3.3
399,-0.004,-3.4040000000000004e-06,0.001,40,0,10000,3.3
400,-0.0008,-3.4000000000000005e-06,0.001,40,0,10000,3.3
401,-0.0024000000000000002,-3.396e-06,0.001,40,0,10000,3.3
402,-0.0024000000000000002,-3.3920000000000003e-06,0.001,40,0,10000,3.3
403,-0.0016,-3.3880000000000004e-06,0.001,40,0,10000,3.3
404,-0.0032,-3.384e-06,0.001,40,0,10000,3.3
405,-0.0016,-3.3800000000000002e-06,0.001,40,0,10000,3.3
406,0.0,-3.3760000000000004e-06,0.001,40,0,10000,3.3
407,-0.004,-3.372e-06,0.001,40,0,10000,3.3
408,-0.0008,-3.3680000000000006e-06,0.001,40,0,10000,3.3
409,-0.0032,-3.3640000000000003e-06,0.001,40,0,10000,3.3
410,-0.0016,-3.36e-06,0.001,40,0,10000,3.3
411,0.0,-3.3560000000000006e-06,0.001,40,0,10000,3.3
412,-0.0016,-3.3520000000000003e-06,0.001,40,0,10000,3.3
413,-0.0024000000000000002,-3.3480000000000004e-06,0.001,40,0,10000,3.3
414,-0.0024000000000000002,-3.3440000000000005e-06,0.001,40,0,10000,3.3
415,-0.0016,-3.34e-06,0.001,40,0,10000,3.3
416,-0.0032,-3.3360000000000003e-06,0.001,40,0,10000,3.3
417,-0.0008,-3.3320000000000005e-06,0.001,40,0,10000,3.3
418,-0.0016,-3.328e-06,0.001,40,0,10000,3.3
419,-0.004,-3.3240000000000003e-06,0.001,40,0,10000,3.3
420,0.0008,-3.3200000000000004e-06,0.001,40,0,10000,3.3
421,-0.0032,-3.316e-06,0.001,40,0,10000,3.3
422,-0.0024000000000000002,-3.3120000000000002e-06,0.001,40,0,10000,3.3
423,0.0,-3.3080000000000003e-06,0.001,40,0,10000,3.3
424,-0.0064,-3.304e-06,0.001,40,0,10000,3.3
425,0.0008,-3.3000000000000006e-06,0.001,40,0,10000,3.3
426,-0.0016,-3.2960000000000003e-06,0.001,40,0,10000,3.3
427,-0.004,-3.292e-06,0.001,40,0,10000,3.3
428,0.0024000000000000002,-3.2880000000000005e-06,0.001,40,0,10000,3.3
429,-0.007200000000000001,-3.2840000000000002e-06,0.001,40,0,10000,3.3
430,-0.0016,-3.2800000000000004e-06,0.001,40,0,10000,3.3
431,0.0008,-3.2760000000000005e-06,0.001,40,0,10000,3.3
432,-0.0056,-3.272e-06,0.001,40,0,10000,3.3
433,0.0024000000000000002,-3.2680000000000003e-06,0.001,40,0,10000,3.3
434,-0.0032,-3.2640000000000004e-06,0.001,40,0,10000,3.3
435,-0.0032,-3.26e-06,0.001,40,0,10000,3.3
436,0.0008,-3.2560000000000003e-06,0.001,40,0,10000,3.3
437,-0.0056,-3.2520000000000004e-06,0.001,40,0,10000,3.3
438,0.0,-3.248e-06,0.001,40,0,10000,3.3
439,-0.0016,-3.244e-06,0.001,40,0,10000,3.3
440,-0.004,-3.2400000000000003e-06,0.001,40,0,10000,3.3
441,-0.0008,-3.236e-06,0.001,40,0,10000,3.3
442,-0.0016,-3.2320000000000006e-06,0.001,40,0,10000,3.3
443,0.0008,-3.2280000000000003e-06,0.001,40,0,10000,3.3
444,-0.0024000000000000002,-3.2240000000000004e-06,0.001,40,0,10000,3.3
445,0.0,-3.2200000000000005e-06,0.001,40,0,10000,3.3
446,-0.0016,-3.216e-06,0.001,40,0,10000,3.3
447,-0.0024000000000000002,-3.2120000000000003e-06,0.001,40,0,10000,3.3
448,0.0008,-3.2080000000000005e-06,0.001,40,0,10000,3.3
449,-0.004,-3.204e-06,0.001,40,0,10000,3.3
450,-0.0016,-3.2000000000000003e-06,0.001,40,0,10000,3.3
451,-0.0008,-3.1960000000000004e-06,0.001,40,0,10000,3.3
452,-0.0056,-3.192e-06,0.001,40,0,10000,3.3
453,0.0016,-3.1880000000000002e-06,0.001,40,0,10000,3.3
454,-0.0016,-3.1840000000000003e-06,0.001,40,0,10000,3.3
455,-0.0032,-3.18e-06,0.001,40,0,10000,3.3
456,-0.0008,-3.1760000000000006e-06,0.001,40,0,10000,3.3
457,-0.0048000000000000004,-3.1720000000000003e-06,0.001,40,0,10000,3.3
458,0.0008,-3.168e-06,0.001,40,0,10000,3.3
459,-0.0008,-3.1640000000000005e-06,0.001,40,0,10000,3.3
460,-0.004,-3.1600000000000002e-06,0.001,40,0,10000,3.3
461,-0.0008,-3.1560000000000004e-06,0.001,40,0,10000,3.3
462,-0.0024000000000000002,-3.1520000000000005e-06,0.001,40,0,10000,3.3
463,-0.0016,-3.148e-06,0.001,40,0,10000,3.3
464,0.0008,-3.1440000000000003e-06,0.001,40,0,10000,3.3
465,-0.004,-3.1400000000000004e-06,0.001,40,0,10000,3.3
466,0.0,-3.136e-06,0.001,40,0,10000,3.3
467,-0.0016,-3.1320000000000003e-06,0.001,40,0,10000,3.3
468,-0.0032,-3.1280000000000004e-06,0.001,40,0,10000,3.3
469,0.0,-3.124e-06,0.001,40,0,10000,3.3
470,-0.0016,-3.12e-06,0.001,40,0,10000,3.3
471,-0.0016,-3.1160000000000003e-06,0.001,40,0,10000,3.3
472,-0.004,-3.112e-06,0.001,40,0,10000,3.3
473,-0.0016,-3.1080000000000006e-06,0.001,40,0,10000,3.3
474,-0.004,-3.1040000000000003e-06,0.001,40,0,10000,3.3
475,-0.0008,-3.1000000000000004e-06,0.001,40,0,10000,3.3
476,-0.0008,-3.0960000000000005e-06,0.001,40,0,10000,3.3
477,-0.004,-3.092e-06,0.001,40,0,10000,3.3
478,0.0,-3.0880000000000003e-06,0.001,40,0,10000,3.3
479,-0.0024000000000000002,-3.0840000000000005e-06,0.001,40,0,10000,3.3
480,-0.0024000000000000002,-3.08e-06,0.001,40,0,10000,3.3
481,-0.0008,-3.0760000000000003e-06,0.001,40,0,10000,3.3
482,-0.0048000000000000004,-3.0720000000000004e-06,0.001,40,0,10000,3.3
483,-0.0008,-3.068e-06,0.001,40,0,10000,3.3
484,-0.0016,-3.0640000000000002e-06,0.001,40,0,10000,3.3
485,-0.004,-3.0600000000000003e-06,0.001,40,0,10000,3.3
486,0.0008,-3.0560000000000005e-06,0.001,40,0,10000,3.3
487,-0.004,-3.052e-06,0.001,40,0,10000,3.3
488,-0.0016,-3.0480000000000003e-06,0.001,40,0,10000,3.3
489,0.0,-3.0440000000000004e-06,0.001,40,0,10000,3.3
490,-0.004,-3.04e-06,0.001,40,0,10000,3.3
491,0.0,-3.0360000000000002e-06,0.001,40,0,10000,3.3
492,-0.023200000000000002,-3.0320000000000004e-06,0.001,40,0,10000,3.3
493,-0.0264,-3.0280000000000005e-06,0.001,40,0,10000,3.3
494,-0.013600000000000001,-3.024e-06,0.001,40,0,10000,3.3
495,-0.0064,-3.0200000000000003e-06,0.001,40,0,10000,3.3
496,-0.0024000000000000002,-3.0160000000000004e-06,0.001,40,0,10000,3.3
497,-0.012,-3.012e-06,0.001,40,0,10000,3.3
498,-0.0224,-3.0080000000000003e-06,0.001,40,0,10000,3.3
499,-0.0184,-3.0040000000000004e-06,0.001,40,0,10000,3.3
500,-0.009600000000000001,-3e-06,0.001,40,0,10000,3.3
501,-0.0048000000000000004,-2.996e-06,0.001,40,0,10000,3.3
502,-0.008,-2.9920000000000003e-06,0.001,40,0,10000,3.3
503,-0.016,-2.9880000000000004e-06,0.001,40,0,10000,3.3
504,-0.020800000000000003,-2.984e-06,0.001,40,0,10000,3.3
505,-0.012,-2.9800000000000003e-06,0.001,40,0,10000,3.3
506,-0.008,-2.9760000000000004e-06,0.001,40,0,10000,3.3
507,-0.0064,-2.972e-06,0.001,40,0,10000,3.3
508,-0.0112,-2.9680000000000002e-06,0.001,40,0,10000,3.3
509,-0.019200000000000002,-2.9640000000000003e-06,0.001,40,0,10000,3.3
510,-0.016,-2.9600000000000005e-06,0.001,40,0,10000,3.3
511,-0.009600000000000001,-2.956e-06,0.001,40,0,10000,3.3
512,-0.008,-2.9520000000000003e-06,0.001,40,0,10000,3.3
513,-0.0088,-2.9480000000000004e-06,0.001,40,0,10000,3.3
514,-0.0152,-2.944e-06,0.001,40,0,10000,3.3
515,-0.0184,-2.9400000000000002e-06,0.001,40,0,10000,3.3
516,-0.0112,-2.9360000000000003e-06,0.001,40,0,10000,3.3
517,-0.008,-2.9320000000000005e-06,0.001,40,0,10000,3.3
518,-0.010400000000000001,-2.928e-06,0.001,40,0,10000,3.3
519,-0.012,-2.9240000000000003e-06,0.001,40,0,10000,3.3
520,-0.0152,-2.9200000000000004e-06,0.001,40,0,10000,3.3
521,-0.014400000000000001,-2.916e-06,0.001,40,0,10000,3.3
522,-0.007200000000000001,-2.9120000000000002e-06,0.001,40,0,10000,3.3
523,-0.0088,-2.9080000000000004e-06,0.001,40,0,10000,3.3
524,-0.0128,-2.9040000000000005e-06,0.001,40,0,10000,3.3
525,-0.0128,-2.9e-06,0.001,40,0,10000,3.3
526,-0.0152,-2.8960000000000003e-06,0.001,40,0,10000,3.3
527,-0.012,-2.8920000000000004e-06,0.001,40,0,10000,3.3
528,-0.007200000000000001,-2.888e-06,0.001,40,0,10000,3.3
529,-0.0128,-2.8840000000000003e-06,0.001,40,0,10000,3.3
530,-0.0112,-2.8800000000000004e-06,0.001,40,0,10000,3.3
531,-0.012,-2.876e-06,0.001,40,0,10000,3.3
532,-0.014400000000000001,-2.872e-06,0.001,40,0,10000,3.3
533,-0.007200000000000001,-2.8680000000000003e-06,0.001,40,0,10000,3.3
534,-0.009600000000000001,-2.8640000000000004e-06,0.001,40,0,10000,3.3
535,-0.0128,-2.86e-06,0.001,40,0,10000,3.3
536,-0.010400000000000001,-2.8560000000000003e-06,0.001,40,0,10000,3.3
537,-0.013600000000000001,-2.8520000000000004e-06,0.001,40,0,10000,3.3
538,-0.009600000000000001,-2.848e-06,0.001,40,0,10000,3.3
539,-0.0088,-2.8440000000000002e-06,0.001,40,0,10000,3.3
540,-0.013600000000000001,-2.8400000000000003e-06,0.001,40,0,10000,3.3
541,-0.010400000000000001,-2.8360000000000005e-06,0.001,40,0,10000,3.3
542,-0.0128,-2.832e-06,0.001,40,0,10000,3.3
543,-0.0128,-2.8280000000000003e-06,0.001,40,0,10000,3.3
544,-0.008,-2.8240000000000004e-06,0.001,40,0,10000,3.3
545,-0.010400000000000001,-2.82e-06,0.001,40,0,10000,3.3
546,-0.0112,-2.8160000000000002e-06,0.001,40,0,10000,3.3
547,-0.0088,-2.8120000000000004e-06,0.001,40,0,10000,3.3
548,-0.012,-2.8080000000000005e-06,0.001,40,0,10000,3.3
549,-0.0112,-2.804e-06,0.001,40,0,10000,3.3
550,-0.009600000000000001,-2.8000000000000003e-06,0.001,40,0,10000,3.3
551,-0.012,-2.7960000000000004e-06,0.001,40,0,10000,3.3
552,-0.0112,-2.792e-06,0.001,40,0,10000,3.3
553,-0.010400000000000001,-2.7880000000000002e-06,0.001,40,0,10000,3.3
554,-0.013600000000000001,-2.7840000000000004e-06,0.001,40,0,10000,3.3
555,-0.010400000000000001,-2.78e-06,0.001,40,0,10000,3.3
556,-0.009600000000000001,-2.776e-06,0.001,40,0,10000,3.3
557,-0.013600000000000001,-2.7720000000000003e-06,0.001,40,0,10000,3.3
558,-0.009600000000000001,-2.7680000000000004e-06,0.001,40,0,10000,3.3
559,-0.0112,-2.764e-06,0.001,40,0,10000,3.3
560,-0.0112,-2.7600000000000003e-06,0.001,40,0,10000,3.3
561,-0.0088,-2.7560000000000004e-06,0.001,40,0,10000,3.3
562,-0.0128,-2.752e-06,0.001,40,0,10000,3.3
563,-0.010400000000000001,-2.748e-06,0.001,40,0,10000,3.3
564,-0.010400000000000001,-2.7440000000000003e-06,0.001,40,0,10000,3.3
565,-0.012,-2.7400000000000004e-06,0.001,40,0,10000,3.3
566,-0.009600000000000001,-2.736e-06,0.001,40,0,10000,3.3
567,-0.0112,-2.7320000000000003e-06,0.001,40,0,10000,3.3
568,-0.012,-2.7280000000000004e-06,0.001,40,0,10000,3.3
569,-0.010400000000000001,-2.724e-06,0.001,40,0,10000,3.3
570,-0.009600000000000001,-2.7200000000000002e-06,0.001,40,0,10000,3.3
571,-0.0112,-2.7160000000000003e-06,0.001,40,0,10000,3.3
572,-0.0112,-2.7120000000000005e-06,0.001,40,0,10000,3.3
573,-0.0112,-2.708e-06,0.001,40,0,10000,3.3
574,-0.0128,-2.7040000000000003e-06,0.001,40,0,10000,3.3
575,-0.0088,-2.7000000000000004e-06,0.001,40,0,10000,3.3
576,-0.0112,-2.696e-06,0.001,40,0,10000,3.3
577,-0.012,-2.6920000000000002e-06,0.001,40,0,10000,3.3
578,-0.010400000000000001,-2.6880000000000004e-06,0.001,40,0,10000,3.3
579,-0.0128,-2.6840000000000005e-06,0.001,40,0,10000,3.3
580,-0.009600000000000001,-2.68e-06,0.001,40,0,10000,3.3
581,-0.009600000000000001,-2.6760000000000003e-06,0.001,40,0,10000,3.3
582,-0.012,-2.6720000000000004e-06,0.001,40,0,10000,3.3
583,-0.009600000000000001,-2.668e-06,0.001,40,0,10000,3.3
584,-0.010400000000000001,-2.6640000000000002e-06,0.001,40,0,10000,3.3
585,-0.0112,-2.6600000000000004e-06,0.001,40,0,10000,3.3
586,-0.0088,-2.656e-06,0.001,40,0,10000,3.3
587,-0.013600000000000001,-2.652e-06,0.001,40,0,10000,3.3
588,-0.010400000000000001,-2.6480000000000003e-06,0.001,40,0,10000,3.3
589,-0.009600000000000001,-2.6440000000000004e-06,0.001,40,0,10000,3.3
590,-0.013600000000000001,-2.64e-06,0.001,40,0,10000,3.3
591,-0.009600000000000001,-2.6360000000000003e-06,0.001,40,0,10000,3.3
592,-0.0128,-2.6320000000000004e-06,0.001,40,0,10000,3.3
593,-0.0112,-2.628e-06,0.001,40,0,10000,3.3
594,-0.0088,-2.624e-06,0.001,40,0,10000,3.3
595,-0.012,-2.6200000000000003e-06,0.001,40,0,10000,3.3
596,-0.009600000000000001,-2.6160000000000004e-06,0.001,40,0,10000,3.3
597,-0.009600000000000001,-2.612e-06,0.001,40,0,10000,3.3
598,-0.0128,-2.6080000000000003e-06,0.001,40,0,10000,3.3
599,-0.009600000000000001,-2.6040000000000004e-06,0.001,40,0,10000,3.3
600,-0.010400000000000001,-2.6e-06,0.001,40,0,10000,3.3
601,-0.0128,-2.5960000000000002e-06,0.001,40,0,10000,3.3
602,-0.0088,-2.5920000000000003e-06,0.001,40,0,10000,3.3
603,-0.012,-2.5880000000000005e-06,0.001,40,0,10000,3.3
604,-0.0112,-2.584e-06,0.001,40,0,10000,3.3
605,-0.009600000000000001,-2.5800000000000003e-06,0.001,40,0,10000,3.3
606,-0.0128,-2.5760000000000004e-06,0.001,40,0,10000,3.3
607,-0.010400000000000001,-2.572e-06,0.001,40,0,10000,3.3
608,-0.009600000000000001,-2.5680000000000002e-06,0.001,40,0,10000,3.3
609,-0.012,-2.5640000000000004e-06,0.001,40,0,10000,3.3
610,-0.0112,-2.56e-06,0.001,40,0,10000,3.3
611,-0.0112,-2.556e-06,0.001,40,0,10000,3.3
612,-0.0112,-2.5520000000000003e-06,0.001,40,0,10000,3.3
613,-0.010400000000000001,-2.5480000000000004e-06,0.001,40,0,10000,3.3
614,-0.009600000000000001,-2.544e-06,0.001,40,0,10000,3.3
615,-0.0112,-2.5400000000000002e-06,0.001,40,0,10000,3.3
616,-0.0112,-2.5360000000000004e-06,0.001,40,0,10000,3.3
617,-0.009600000000000001,-2.532e-06,0.001,40,0,10000,3.3
618,-0.0128,-2.528e-06,0.001,40,0,10000,3.3
619,-0.0088,-2.5240000000000003e-06,0.001,40,0,10000,3.3
620,-0.012,-2.5200000000000004e-06,0.001,40,0,10000,3.3
621,-0.0112,-2.516e-06,0.001,40,0,10000,3.3
622,-0.008,-2.5120000000000003e-06,0.001,40,0,10000,3.3
623,-0.013600000000000001,-2.5080000000000004e-06,0.001,40,0,10000,3.3
624,-0.0112,-2.504e-06,0.001,40,0,10000,3.3
625,-0.007200000000000001,-2.5e-06,0.001,40,0,10000,3.3
626,-0.013600000000000001,-2.4960000000000003e-06,0.001,40,0,10000,3.3
627,-0.0088,-2.4920000000000005e-06,0.001,40,0,10000,3.3
628,-0.010400000000000001,-2.488e-06,0.001,40,0,10000,3.3
629,-0.012,-2.4840000000000003e-06,0.001,40,0,10000,3.3
630,-0.007200000000000001,-2.4800000000000004e-06,0.001,40,0,10000,3.3
631,-0.0128,-2.476e-06,0.001,40,0,10000,3.3
632,-0.009600000000000001,-2.4720000000000002e-06,0.001,40,0,10000,3.3
633,-0.0064,-2.4680000000000003e-06,0.001,40,0,10000,3.3
634,-0.012,-2.464e-06,0.001,40,0,10000,3.3
635,-0.0088,-2.46e-06,0.001,40,0,10000,3.3
636,-0.0088,-2.4560000000000003e-06,0.001,40,0,10000,3.3
637,-0.013600000000000001,-2.4520000000000004e-06,0.001,40,0,10000,3.3
638,-0.009600000000000001,-2.448e-06,0.001,40,0,10000,3.3
639,-0.010400000000000001,-2.4440000000000002e-06,0.001,40,0,10000,3.3
640,-0.0112,-2.4400000000000004e-06,0.001,40,0,10000,3.3
641,-0.007200000000000001,-2.436e-06,0.001,40,0,10000,3.3
642,-0.0128,-2.432e-06,0.001,40,0,10000,3.3
643,-0.010400000000000001,-2.4280000000000003e-06,0.001,40,0,10000,3.3
644,-0.008,-2.4240000000000004e-06,0.001,40,0,10000,3.3
645,-0.0112,-2.42e-06,0.001,40,0,10000,3.3
646,-0.007200000000000001,-2.4160000000000002e-06,0.001,40,0,10000,3.3
647,-0.0088,-2.4120000000000004e-06,0.001,40,0,10000,3.3
648,-0.012,-2.408e-06,0.001,40,0,10000,3.3
649,-0.0088,-2.404e-06,0.001,40,0,10000,3.3
650,-0.010400000000000001,-2.4000000000000003e-06,0.001,40,0,10000,3.3
651,-0.0088,-2.3960000000000004e-06,0.001,40,0,10000,3.3
652,-0.009600000000000001,-2.392e-06,0.001,40,0,10000,3.3
653,-0.0112,-2.3880000000000003e-06,0.001,40,0,10000,3.3
654,-0.009600000000000001,-2.3840000000000004e-06,0.001,40,0,10000,3.3
655,-0.010400000000000001,-2.38e-06,0.001,40,0,10000,3.3
656,-0.0088,-2.376e-06,0.001,40,0,10000,3.3
657,-0.0112,-2.3720000000000003e-06,0.001,40,0,10000,3.3
658,-0.009600000000000001,-2.3680000000000005e-06,0.001,40,0,10000,3.3
659,-0.009600000000000001,-2.364e-06,0.001,40,0,10000,3.3
660,-0.0112,-2.3600000000000003e-06,0.001,40,0,10000,3.3
661,-0.0088,-2.3560000000000004e-06,0.001,40,0,10000,3.3
662,-0.0112,-2.352e-06,0.001,40,0,10000,3.3
663,-0.010400000000000001,-2.3480000000000002e-06,0.001,40,0,10000,3.3
664,-0.0056,-2.3440000000000003e-06,0.001,40,0,10000,3.3
665,-0.0112,-2.34e-06,0.001,40,0,10000,3.3
666,-0.0088,-2.336e-06,0.001,40,0,10000,3.3
667,-0.0088,-2.3320000000000003e-06,0.001,40,0,10000,3.3
668,-0.0112,-2.3280000000000004e-06,0.001,40,0,10000,3.3
669,-0.0088,-2.324e-06,0.001,40,0,10000,3.3
670,-0.008,-2.3200000000000002e-06,0.001,40,0,10000,3.3
671,-0.009600000000000001,-2.3160000000000004e-06,0.001,40,0,10000,3.3
672,-0.008,-2.312e-06,0.001,40,0,10000,3.3
673,-0.010400000000000001,-2.308e-06,0.001,40,0,10000,3.3
674,-0.010400000000000001,-2.3040000000000003e-06,0.001,40,0,10000,3.3
675,-0.007200000000000001,-2.3000000000000004e-06,0.001,40,0,10000,3.3
676,-0.0112,-2.296e-06,0.001,40,0,10000,3.3
677,-0.0088,-2.2920000000000002e-06,0.001,40,0,10000,3.3
678,-0.007200000000000001,-2.2880000000000004e-06,0.001,40,0,10000,3.3
679,-0.010400000000000001,-2.284e-06,0.001,40,0,10000,3.3
680,-0.0056,-2.28e-06,0.001,40,0,10000,3.3
681,-0.009600000000000001,-2.2760000000000003e-06,0.001,40,0,10000,3.3
682,-0.0112,-2.2720000000000004e-06,0.001,40,0,10000,3.3
683,-0.0056,-2.268e-06,0.001,40,0,10000,3.3
684,-0.012,-2.2640000000000003e-06,0.001,40,0,10000,3.3
685,-0.007200000000000001,-2.2600000000000004e-06,0.001,40,0,10000,3.3
686,-0.008,-2.256e-06,0.001,40,0,10000,3.3
687,-0.012,-2.252e-06,0.001,40,0,10000,3.3
688,-0.0048000000000000004,-2.2480000000000003e-06,0.001,40,0,10000,3.3
689,-0.0128,-2.244e-06,0.001,40,0,10000,3.3
690,-0.0088,-2.24e-06,0.001,40,0,10000,3.3
691,-0.007200000000000001,-2.2360000000000003e-06,0.001,40,0,10000,3.3
692,-0.0128,-2.2320000000000004e-06,0.001,40,0,10000,3.3
693,-0.007200000000000001,-2.228e-06,0.001,40,0,10000,3.3
694,-0.009600000000000001,-2.2240000000000002e-06,0.001,40,0,10000,3.3
695,-0.010400000000000001,-2.2200000000000003e-06,0.001,40,0,10000,3.3
696,-0.0056,-2.216e-06,0.001,40,0,10000,3.3
697,-0.0112,-2.212e-06,0.001,40,0,10000,3.3
698,-0.008,-2.2080000000000003e-06,0.001,40,0,10000,3.3
699,-0.0088,-2.2040000000000004e-06,0.001,40,0,10000,3.3
700,-0.009600000000000001,-2.2e-06,0.001,40,0,10000,3.3
701,-0.0064,-2.1960000000000002e-06,0.001,40,0,10000,3.3
702,-0.009600000000000001,-2.1920000000000004e-06,0.001,40,0,10000,3.3
703,-0.0064,-2.188e-06,0.001,40,0,10000,3.3
704,-0.0088,-2.184e-06,0.001,40,0,10000,3.3
705,-0.010400000000000001,-2.1800000000000003e-06,0.001,40,0,10000,3.3
706,-0.008,-2.1760000000000004e-06,0.001,40,0,10000,3.3
707,-0.010400000000000001,-2.172e-06,0.001,40,0,10000,3.3
708,-0.008,-2.1680000000000002e-06,0.001,40,0,10000,3.3
709,-0.009600000000000001,-2.1640000000000004e-06,0.001,40,0,10000,3.3
710,-0.010400000000000001,-2.16e-06,0.001,40,0,10000,3.3
711,-0.007200000000000001,-2.156e-06,0.001,40,0,10000,3.3
712,-0.0112,-2.1520000000000003e-06,0.001,40,0,10000,3.3
713,-0.007200000000000001,-2.1480000000000004e-06,0.001,40,0,10000,3.3
714,-0.009600000000000001,-2.144e-06,0.001,40,0,10000,3.3
715,-0.010400000000000001,-2.1400000000000003e-06,0.001,40,0,10000,3.3
716,-0.0064,-2.1360000000000004e-06,0.001,40,0,10000,3.3
717,-0.012,-2.132e-06,0.001,40,0,10000,3.3
718,-0.008,-2.128e-06,0.001,40,0,10000,3.3
719,-0.007200000000000001,-2.1240000000000003e-06,0.001,40,0,10000,3.3
720,-0.009600000000000001,-2.12e-06,0.001,40,0,10000,3.3
721,-0.007200000000000001,-2.116e-06,0.001,40,0,10000,3.3
722,-0.010400000000000001,-2.1120000000000003e-06,0.001,40,0,10000,3.3
723,-0.008,-2.1080000000000004e-06,0.001,40,0,10000,3.3
724,-0.008,-2.104e-06,0.001,40,0,10000,3.3
725,-0.007200000000000001,-2.1000000000000002e-06,0.001,40,0,10000,3.3
726,-0.008,-2.0960000000000003e-06,0.001,40,0,10000,3.3
727,-0.007200000000000001,-2.092e-06,0.001,40,0,10000,3.3
728,-0.007200000000000001,-2.088e-06,0.001,40,0,10000,3.3
729,-0.0088,-2.0840000000000003e-06,0.001,40,0,10000,3.3
730,-0.0064,-2.0800000000000004e-06,0.001,40,0,10000,3.3
731,-0.0088,-2.076e-06,0.001,40,0,10000,3.3
732,-0.008,-2.0720000000000002e-06,0.001,40,0,10000,3.3
733,-0.007200000000000001,-2.0680000000000004e-06,0.001,40,0,10000,3.3
734,-0.010400000000000001,-2.064e-06,0.001,40,0,10000,3.3
735,-0.0064,-2.06e-06,0.001,40,0,10000,3.3
736,-0.007200000000000001,-2.0560000000000003e-06,0.001,40,0,10000,3.3
737,-0.012,-2.0520000000000004e-06,0.001,40,0,10000,3.3
738,-0.0048000000000000004,-2.048e-06,0.001,40,0,10000,3.3
739,-0.009600000000000001,-2.0440000000000003e-06,0.001,40,0,10000,3.3
740,-0.008,-2.0400000000000004e-06,0.001,40,0,10000,3.3
741,-0.0048000000000000004,-2.036e-06,0.001,40,0,10000,3.3
742,-0.0128,-2.032e-06,0.001,40,0,10000,3.3
743,-0.0056,-2.0280000000000003e-06,0.001,40,0,10000,3.3
744,-0.008,-2.024e-06,0.001,40,0,10000,3.3
745,-0.0112,-2.02e-06,0.001,40,0,10000,3.3
746,-0.004,-2.0160000000000003e-06,0.001,40,0,10000,3.3
747,-0.0112,-2.0120000000000004e-06,0.001,40,0,10000,3.3
748,-0.007200000000000001,-2.008e-06,0.001,40,0,10000,3.3
749,-0.0064,-2.004e-06,0.001,40,0,10000,3.3
750,-0.010400000000000001,-2.0000000000000003e-06,0.001,40,0,10000,3.3
751,-0.0064,-1.996e-06,0.001,40,0,10000,3.3
752,-0.009600000000000001,-1.992e-06,0.001,40,0,10000,3.3
753,-0.008,-1.9880000000000003e-06,0.001,40,0,10000,3.3
754,-0.0088,-1.9840000000000004e-06,0.001,40,0,10000,3.3
755,-0.0088,-1.98e-06,0.001,40,0,10000,3.3
756,-0.0064,-1.9760000000000002e-06,0.001,40,0,10000,3.3
757,-0.010400000000000001,-1.9720000000000003e-06,0.001,40,0,10000,3.3
758,-0.007200000000000001,-1.968e-06,0.001,40,0,10000,3.3
759,-0.0088,-1.964e-06,0.001,40,0,10000,3.3
760,-0.0088,-1.9600000000000003e-06,0.001,40,0,10000,3.3
761,-0.0064,-1.9560000000000004e-06,0.001,40,0,10000,3.3
762,-0.0128,-1.952e-06,0.001,40,0,10000,3.3
763,-0.0064,-1.9480000000000002e-06,0.001,40,0,10000,3.3
764,-0.007200000000000001,-1.9440000000000004e-06,0.001,40,0,10000,3.3
765,-0.010400000000000001,-1.94e-06,0.001,40,0,10000,3.3
766,-0.004,-1.936e-06,0.001,40,0,10000,3.3
767,-0.010400000000000001,-1.9320000000000003e-06,0.001,40,0,10000,3.3
768,-0.0088,-1.928e-06,0.001,40,0,10000,3.3
769,-0.007200000000000001,-1.924e-06,0.001,40,0,10000,3.3
770,-0.009600000000000001,-1.9200000000000003e-06,0.001,40,0,10000,3.3
771,-0.0056,-1.9160000000000004e-06,0.001,40,0,10000,3.3
772,-0.0088,-1.912e-06,0.001,40,0,10000,3.3
773,-0.010400000000000001,-1.908e-06,0.001,40,0,10000,3.3
774,-0.0064,-1.9040000000000003e-06,0.001,40,0,10000,3.3
775,-0.010400000000000001,-1.9e-06,0.001,40,0,10000,3.3
776,-0.0064,-1.8960000000000001e-06,0.001,40,0,10000,3.3
777,-0.007200000000000001,-1.8920000000000003e-06,0.001,40,0,10000,3.3
778,-0.009600000000000001,-1.8880000000000004e-06,0.001,40,0,10000,3.3
779,-0.0064,-1.884e-06,0.001,40,0,10000,3.3
780,-0.008,-1.8800000000000002e-06,0.001,40,0,10000,3.3
781,-0.007200000000000001,-1.8760000000000003e-06,0.001,40,0,10000,3.3
782,-0.008,-1.872e-06,0.001,40,0,10000,3.3
783,-0.0088,-1.8680000000000002e-06,0.001,40,0,10000,3.3
784,-0.008,-1.8640000000000003e-06,0.001,40,0,10000,3.3
785,-0.0088,-1.8600000000000004e-06,0.001,40,0,10000,3.3
786,-0.007200000000000001,-1.856e-06,0.001,40,0,10000,3.3
787,-0.008,-1.8520000000000002e-06,0.001,40,0,10000,3.3
788,-0.008,-1.8480000000000003e-06,0.001,40,0,10000,3.3
789,-0.008,-1.844e-06,0.001,40,0,10000,3.3
790,-0.010400000000000001,-1.8400000000000002e-06,0.001,40,0,10000,3.3
791,-0.0064,-1.8360000000000003e-06,0.001,40,0,10000,3.3
792,-0.007200000000000001,-1.8320000000000004e-06,0.001,40,0,10000,3.3
793,-0.0064,-1.8280000000000001e-06,0.001,40,0,10000,3.3
794,-0.007200000000000001,-1.8240000000000002e-06,0.001,40,0,10000,3.3
795,-0.010400000000000001,-1.8200000000000004e-06,0.001,40,0,10000,3.3
796,-0.0056,-1.816e-06,0.001,40,0,10000,3.3
797,-0.007200000000000001,-1.8120000000000002e-06,0.001,40,0,10000,3.3
798,-0.007200000000000001,-1.8080000000000003e-06,0.001,40,0,10000,3.3
799,-0.0064,-1.804e-06,0.001,40,0,10000,3.3
800,-0.0088,-1.8000000000000001e-06,0.001,40,0,10000,3.3
801,-0.0064,-1.7960000000000003e-06,0.001,40,0,10000,3.3
802,-0.007200000000000001,-1.7920000000000004e-06,0.001,40,0,10000,3.3
803,-0.008,-1.788e-06,0.001,40,0,10000,3.3
804,-0.0056,-1.7840000000000002e-06,0.001,40,0,10000,3.3
805,-0.0088,-1.7800000000000003e-06,0.001,40,0,10000,3.3
806,-0.008,-1.776e-06,0.001,40,0,10000,3.3
807,-0.0056,-1.7720000000000001e-06,0.001,40,0,10000,3.3
808,-0.0088,-1.7680000000000003e-06,0.001,40,0,10000,3.3
809,-0.007200000000000001,-1.7640000000000004e-06,0.001,40,0,10000,3.3
810,-0.007200000000000001,-1.76e-06,0.001,40,0,10000,3.3
811,-0.0088,-1.7560000000000002e-06,0.001,40,0,10000,3.3
812,-0.008,-1.7520000000000003e-06,0.001,40,0,10000,3.3
813,-0.007200000000000001,-1.748e-06,0.001,40,0,10000,3.3
814,-0.007200000000000001,-1.7440000000000002e-06,0.001,40,0,10000,3.3
815,-0.007200000000000001,-1.7400000000000003e-06,0.001,40,0,10000,3.3
816,-0.007200000000000001,-1.7360000000000004e-06,0.001,40,0,10000,3.3
817,-0.009600000000000001,-1.732e-06,0.001,40,0,10000,3.3
818,-0.007200000000000001,-1.7280000000000002e-06,0.001,40,0,10000,3.3
819,-0.007200000000000001,-1.7240000000000003e-06,0.001,40,0,10000,3.3
820,-0.009600000000000001,-1.72e-06,0.001,40,0,10000,3.3
821,-0.0064,-1.7160000000000002e-06,0.001,40,0,10000,3.3
822,-0.0088,-1.7120000000000003e-06,0.001,40,0,10000,3.3
823,-0.007200000000000001,-1.708e-06,0.001,40,0,10000,3.3
824,-0.0048000000000000004,-1.7040000000000001e-06,0.001,40,0,10000,3.3
825,-0.009600000000000001,-1.7000000000000002e-06,0.001,40,0,10000,3.3
826,-0.004,-1.6960000000000004e-06,0.001,40,0,10000,3.3
827,-0.007200000000000001,-1.692e-06,0.001,40,0,10000,3.3
828,-0.0088,-1.6880000000000002e-06,0.001,40,0,10000,3.3
829,-0.0048000000000000004,-1.6840000000000003e-06,0.001,40,0,10000,3.3
830,-0.008,-1.68e-06,0.001,40,0,10000,3.3
831,-0.007200000000000001,-1.6760000000000001e-06,0.001,40,0,10000,3.3
832,-0.007200000000000001,-1.6720000000000003e-06,0.001,40,0,10000,3.3
833,-0.008,-1.6680000000000004e-06,0.001,40,0,10000,3.3
834,-0.0064,-1.664e-06,0.001,40,0,10000,3.3
835,-0.0048000000000000004,-1.6600000000000002e-06,0.001,40,0,10000,3.3
836,-0.009600000000000001,-1.6560000000000003e-06,0.001,40,0,10000,3.3
837,-0.0048000000000000004,-1.652e-06,0.001,40,0,10000,3.3
838,-0.0064,-1.6480000000000001e-06,0.001,40,0,10000,3.3
839,-0.007200000000000001,-1.6440000000000003e-06,0.001,40,0,10000,3.3
840,-0.007200000000000001,-1.6400000000000004e-06,0.001,40,0,10000,3.3
841,-0.0064,-1.636e-06,0.001,40,0,10000,3.3
842,-0.0088,-1.6320000000000002e-06,0.001,40,0,10000,3.3
843,-0.0048000000000000004,-1.6280000000000003e-06,0.001,40,0,10000,3.3
844,-0.0064,-1.624e-06,0.001,40,0,10000,3.3
845,-0.007200000000000001,-1.6200000000000002e-06,0.001,40,0,10000,3.3
846,-0.0048000000000000004,-1.6160000000000003e-06,0.001,40,0,10000,3.3
847,-0.008,-1.6120000000000004e-06,0.001,40,0,10000,3.3
848,-0.0056,-1.608e-06,0.001,40,0,10000,3.3
849,-0.0056,-1.6040000000000002e-06,0.001,40,0,10000,3.3
850,-0.008,-1.6000000000000004e-06,0.001,40,0,10000,3.3
851,-0.0056,-1.596e-06,0.001,40,0,10000,3.3
852,-0.007200000000000001,-1.5920000000000002e-06,0.001,40,0,10000,3.3
853,-0.0088,-1.5880000000000003e-06,0.001,40,0,10000,3.3
854,-0.0048000000000000004,-1.584e-06,0.001,40,0,10000,3.3
855,-0.007200000000000001,-1.5800000000000001e-06,0.001,40,0,10000,3.3
856,-0.007200000000000001,-1.5760000000000002e-06,0.001,40,0,10000,3.3
857,-0.0064,-1.5720000000000004e-06,0.001,40,0,10000,3.3
858,-0.008,-1.568e-06,0.001,40,0,10000,3.3
859,-0.0064,-1.5640000000000002e-06,0.001,40,0,10000,3.3
860,-0.0064,-1.5600000000000003e-06,0.001,40,0,10000,3.3
861,-0.007200000000000001,-1.556e-06,0.001,40,0,10000,3.3
862,-0.007200000000000001,-1.5520000000000001e-06,0.001,40,0,10000,3.3
863,-0.0064,-1.5480000000000003e-06,0.001,40,0,10000,3.3
864,-0.007200000000000001,-1.5440000000000004e-06,0.001,40,0,10000,3.3
865,-0.0064,-1.54e-06,0.001,40,0,10000,3.3
866,-0.0064,-1.5360000000000002e-06,0.001,40,0,10000,3.3
867,-0.008,-1.5320000000000003e-06,0.001,40,0,10000,3.3
868,-0.0056,-1.528e-06,0.001,40,0,10000,3.3
869,-0.008,-1.5240000000000001e-06,0.001,40,0,10000,3.3
870,-0.008,-1.5200000000000003e-06,0.001,40,0,10000,3.3
871,-0.004,-1.5160000000000004e-06,0.001,40,0,10000,3.3
872,-0.007200000000000001,-1.512e-06,0.001,40,0,10000,3.3
873,-0.007200000000000001,-1.5080000000000002e-06,0.001,40,0,10000,3.3
874,-0.0056,-1.5040000000000003e-06,0.001,40,0,10000,3.3
875,-0.0088,-1.5e-06,0.001,40,0,10000,3.3
876,-0.0056,-1.4960000000000002e-06,0.001,40,0,10000,3.3
877,-0.007200000000000001,-1.4920000000000003e-06,0.001,40,0,10000,3.3
878,-0.008,-1.488e-06,0.001,40,0,10000,3.3
879,-0.0056,-1.4840000000000001e-06,0.001,40,0,10000,3.3
880,-0.0088,-1.4800000000000002e-06,0.001,40,0,10000,3.3
881,-0.0056,-1.4760000000000004e-06,0.001,40,0,10000,3.3
882,-0.0056,-1.472e-06,0.001,40,0,10000,3.3
883,-0.0088,-1.4680000000000002e-06,0.001,40,0,10000,3.3
884,-0.0056,-1.4640000000000003e-06,0.001,40,0,10000,3.3
885,-0.0056,-1.46e-06,0.001,40,0,10000,3.3
886,-0.0064,-1.4560000000000001e-06,0.001,40,0,10000,3.3
887,-0.007200000000000001,-1.4520000000000002e-06,0.001,40,0,10000,3.3
888,-0.0064,-1.4480000000000004e-06,0.001,40,0,10000,3.3
889,-0.007200000000000001,-1.444e-06,0.001,40,0,10000,3.3
890,-0.0048000000000000004,-1.4400000000000002e-06,0.001,40,0,10000,3.3
891,-0.0048000000000000004,-1.4360000000000003e-06,0.001,40,0,10000,3.3
892,-0.008,-1.432e-06,0.001,40,0,10000,3.3
893,-0.0048000000000000004,-1.4280000000000001e-06,0.001,40,0,10000,3.3
894,-0.007200000000000001,-1.4240000000000003e-06,0.001,40,0,10000,3.3
895,-0.007200000000000001,-1.4200000000000004e-06,0.001,40,0,10000,3.3
896,-0.0056,-1.416e-06,0.001,40,0,10000,3.3
897,-0.008,-1.4120000000000002e-06,0.001,40,0,10000,3.3
898,-0.0048000000000000004,-1.4080000000000003e-06,0.001,40,0,10000,3.3
899,-0.0056,-1.404e-06,0.001,40,0,10000,3.3
900,-0.007200000000000001,-1.4000000000000001e-06,0.001,40,0,10000,3.3
901,-0.004,-1.3960000000000003e-06,0.001,40,0,10000,3.3
902,-0.008,-1.3920000000000004e-06,0.001,40,0,10000,3.3
903,-0.0064,-1.388e-06,0.001,40,0,10000,3.3
904,-0.0056,-1.3840000000000002e-06,0.001,40,0,10000,3.3
905,-0.0064,-1.3800000000000003e-06,0.001,40,0,10000,3.3
906,-0.0032,-1.376e-06,0.001,40,0,10000,3.3
907,-0.0064,-1.3720000000000002e-06,0.001,40,0,10000,3.3
908,-0.008,-1.3680000000000003e-06,0.001,40,0,10000,3.3
909,-0.004,-1.364e-06,0.001,40,0,10000,3.3
910,-0.0056,-1.3600000000000001e-06,0.001,40,0,10000,3.3
911,-0.0056,-1.3560000000000002e-06,0.001,40,0,10000,3.3
912,-0.004,-1.3520000000000004e-06,0.001,40,0,10000,3.3
913,-0.007200000000000001,-1.348e-06,0.001,40,0,10000,3.3
914,-0.007200000000000001,-1.3440000000000002e-06,0.001,40,0,10000,3.3
915,-0.0048000000000000004,-1.3400000000000003e-06,0.001,40,0,10000,3.3
916,-0.0056,-1.336e-06,0.001,40,0,10000,3.3
917,-0.004,-1.3320000000000001e-06,0.001,40,0,10000,3.3
918,-0.0056,-1.3280000000000002e-06,0.001,40,0,10000,3.3
919,-0.0088,-1.3240000000000004e-06,0.001,40,0,10000,3.3
920,-0.0056,-1.32e-06,0.001,40,0,10000,3.3
921,-0.007200000000000001,-1.3160000000000002e-06,0.001,40,0,10000,3.3
922,-0.0056,-1.3120000000000003e-06,0.001,40,0,10000,3.3
923,-0.004,-1.308e-06,0.001,40,0,10000,3.3
924,-0.0064,-1.3040000000000001e-06,0.001,40,0,10000,3.3
925,-0.0064,-1.3000000000000003e-06,0.001,40,0,10000,3.3
926,-0.0056,-1.2960000000000004e-06,0.001,40,0,10000,3.3
927,-0.0048000000000000004,-1.292e-06,0.001,40,0,10000,3.3
928,-0.0048000000000000004,-1.2880000000000002e-06,0.001,40,0,10000,3.3
929,-0.0048000000000000004,-1.2840000000000003e-06,0.001,40,0,10000,3.3
930,-0.0064,-1.28e-06,0.001,40,0,10000,3.3
931,-0.008,-1.2760000000000001e-06,0.001,40,0,10000,3.3
932,-0.0024000000000000002,-1.2720000000000003e-06,0.001,40,0,10000,3.3
933,-0.0048000000000000004,-1.268e-06,0.001,40,0,10000,3.3
934,-0.0032,-1.264e-06,0.001,40,0,10000,3.3
935,-0.0056,-1.2600000000000002e-06,0.001,40,0,10000,3.3
936,-0.010400000000000001,-1.2560000000000003e-06,0.001,40,0,10000,3.3
937,-0.0032,-1.252e-06,0.001,40,0,10000,3.3
938,-0.0048000000000000004,-1.2480000000000002e-06,0.001,40,0,10000,3.3
939,-0.007200000000000001,-1.2440000000000003e-06,0.001,40,0,10000,3.3
940,-0.0032,-1.24e-06,0.001,40,0,10000,3.3
941,-0.009600000000000001,-1.2360000000000001e-06,0.001,40,0,10000,3.3
942,-0.0064,-1.2320000000000002e-06,0.001,40,0,10000,3.3
943,-0.0016,-1.2280000000000004e-06,0.001,40,0,10000,3.3
944,-0.007200000000000001,-1.224e-06,0.001,40,0,10000,3.3
945,-0.004,-1.2200000000000002e-06,0.001,40,0,10000,3.3
946,-0.0056,-1.2160000000000003e-06,0.001,40,0,10000,3.3
947,-0.009600000000000001,-1.212e-06,0.001,40,0,10000,3.3
948,-0.0032,-1.2080000000000001e-06,0.001,40,0,10000,3.3
949,-0.0056,-1.2040000000000002e-06,0.001,40,0,10000,3.3
950,-0.0056,-1.2000000000000004e-06,0.001,40,0,10000,3.3
951,-0.0032,-1.196e-06,0.001,40,0,10000,3.3
952,-0.0088,-1.1920000000000002e-06,0.001,40,0,10000,3.3
953,-0.0056,-1.1880000000000003e-06,0.001,40,0,10000,3.3
954,-0.0032,-1.184e-06,0.001,40,0,10000,3.3
955,-0.007200000000000001,-1.1800000000000006e-06,0.001,40,0,10000,3.3
956,-0.0032,-1.1760000000000003e-06,0.001,40,0,10000,3.3
957,-0.0064,-1.172e-06,0.001,40,0,10000,3.3
958,-0.0088,-1.1680000000000005e-06,0.001,40,0,10000,3.3
959,-0.0032,-1.1640000000000002e-06,0.001,40,0,10000,3.3
960,-0.0064,-1.16e-06,0.001,40,0,10000,3.3
961,-0.0048000000000000004,-1.1560000000000005e-06,0.001,40,0,10000,3.3
962,-0.0048000000000000004,-1.1520000000000002e-06,0.001,40,0,10000,3.3
963,-0.0088,-1.1479999999999999e-06,0.001,40,0,10000,3.3
964,-0.004,-1.1440000000000004e-06,0.001,40,0,10000,3.3
965,-0.0064,-1.14e-06,0.001,40,0,10000,3.3
966,-0.0048000000000000004,-1.1359999999999998e-06,0.001,40,0,10000,3.3
967,-0.0048000000000000004,-1.1320000000000003e-06,0.001,40,0,10000,3.3
968,-0.0064,-1.128e-06,0.001,40,0,10000,3.3
969,-0.007200000000000001,-1.1240000000000006e-06,0.001,40,0,10000,3.3
970,-0.0064,-1.1200000000000003e-06,0.001,40,0,10000,3.3
971,-0.0032,-1.116e-06,0.001,40,0,10000,3.3
972,-0.0032,-1.1120000000000005e-06,0.001,40,0,10000,3.3
973,-0.0056,-1.1080000000000002e-06,0.001,40,0,10000,3.3
974,-0.0056,-1.104e-06,0.001,40,0,10000,3.3
975,-0.007200000000000001,-1.1000000000000005e-06,0.001,40,0,10000,3.3
976,-0.0032,-1.0960000000000002e-06,0.001,40,0,10000,3.3
977,-0.0056,-1.0919999999999999e-06,0.001,40,0,10000,3.3
978,-0.0056,-1.0880000000000004e-06,0.001,40,0,10000,3.3
979,-0.0048000000000000004,-1.0840000000000001e-06,0.001,40,0,10000,3.3
980,-0.007200000000000001,-1.0799999999999998e-06,0.001,40,0,10000,3.3
981,-0.0056,-1.0760000000000004e-06,0.001,40,0,10000,3.3
982,-0.0048000000000000004,-1.072e-06,0.001,40,0,10000,3.3
983,-0.0064,-1.0679999999999998e-06,0.001,40,0,10000,3.3
984,-0.004,-1.0640000000000003e-06,0.001,40,0,10000,3.3
985,-0.0056,-1.06e-06,0.001,40,0,10000,3.3
986,-0.007200000000000001,-1.0560000000000006e-06,0.001,40,0,10000,3.3
987,-0.004,-1.0520000000000003e-06,0.001,40,0,10000,3.3
988,-0.0048000000000000004,-1.048e-06,0.001,40,0,10000,3.3
989,-0.0056,-1.0440000000000005e-06,0.001,40,0,10000,3.3
990,-0.0032,-1.0400000000000002e-06,0.001,40,0,10000,3.3
991,-0.007200000000000001,-1.036e-06,0.001,40,0,10000,3.3
992,-0.0056,-1.0320000000000005e-06,0.001,40,0,10000,3.3
993,-0.0032,-1.0280000000000002e-06,0.001,40,0,10000,3.3
994,-0.007200000000000001,-1.0239999999999999e-06,0.001,40,0,10000,3.3
995,-0.004,-1.0200000000000004e-06,0.001,40,0,10000,3.3
996,-0.004,-1.016e-06,0.001,40,0,10000,3.3
997,-0.009600000000000001,-1.0119999999999998e-06,0.001,40,0,10000,3.3
998,-0.0024000000000000002,-1.0080000000000003e-06,0.001,40,0,10000,3.3
999,-0.007200000000000001,-1.004e-06,0.001,40,0,10000,3.3
1000,-0.0064,-9.999999999999997e-07,0.001,40,0,10000,3.3
1001,-0.0016,-9.960000000000003e-07,0.001,40,0,10000,3.3
1002,-0.009600000000000001,-9.92e-07,0.001,40,0,10000,3.3
1003,-0.004,-9.880000000000005e-07,0.001,40,0,10000,3.3
1004,-0.0048000000000000004,-9.840000000000002e-07,0.001,40,0,10000,3.3
1005,-0.008,-9.8e-07,0.001,40,0,10000,3.3
1006,-0.0016,-9.760000000000005e-07,0.001,40,0,10000,3.3
1007,-0.007200000000000001,-9.720000000000002e-07,0.001,40,0,10000,3.3
1008,-0.0048000000000000004,-9.679999999999999e-07,0.001,40,0,10000,3.3
1009,-0.0024000000000000002,-9.640000000000004e-07,0.001,40,0,10000,3.3
1010,-0.008,-9.600000000000001e-07,0.001,40,0,10000,3.3
1011,-0.0016,-9.559999999999998e-07,0.001,40,0,10000,3.3
1012,-0.0056,-9.520000000000004e-07,0.001,40,0,10000,3.3
1013,-0.0056,-9.480000000000001e-07,0.001,40,0,10000,3.3
1014,-0.0032,-9.439999999999998e-07,0.001,40,0,10000,3.3
1015,-0.007200000000000001,-9.400000000000003e-07,0.001,40,0,10000,3.3
1016,-0.004,-9.36e-07,0.001,40,0,10000,3.3
1017,-0.004,-9.320000000000006e-07,0.001,40,0,10000,3.3
1018,-0.0048000000000000004,-9.280000000000003e-07,0.001,40,0,10000,3.3
1019,-0.0048000000000000004,-9.24e-07,0.001,40,0,10000,3.3
1020,-0.0064,-9.200000000000005e-07,0.001,40,0,10000,3.3
1021,-0.0032,-9.160000000000002e-07,0.001,40,0,10000,3.3
1022,-0.0056,-9.119999999999999e-07,0.001,40,0,10000,3.3
1023,-0.004,-9.080000000000005e-07,0.001,40,0,10000,3.3
1024,-0.0048000000000000004,-9.040000000000002e-07,0.001,40,0,10000,3.3
1025,-0.0056,-8.999999999999999e-07,0.001,40,0,10000,3.3
1026,-0.0032,-8.960000000000004e-07,0.001,40,0,10000,3.3
1027,-0.0064,-8.920000000000001e-07,0.001,40,0,10000,3.3
1028,-0.004,-8.879999999999998e-07,0.001,40,0,10000,3.3
1029,-0.0024000000000000002,-8.840000000000003e-07,0.001,40,0,10000,3.3
1030,-0.007200000000000001,-8.8e-07,0.001,40,0,10000,3.3
1031,-0.0032,-8.759999999999997e-07,0.001,40,0,10000,3.3
1032,-0.0056,-8.720000000000003e-07,0.001,40,0,10000,3.3
1033,-0.0056,-8.68e-07,0.001,40,0,10000,3.3
1034,-0.004,-8.640000000000005e-07,0.001,40,0,10000,3.3
1035,-0.007200000000000001,-8.600000000000002e-07,0.001,40,0,10000,3.3
1036,-0.004,-8.559999999999999e-07,0.001,40,0,10000,3.3
1037,-0.0032,-8.520000000000005e-07,0.001,40,0,10000,3.3
1038,-0.008,-8.480000000000002e-07,0.001,40,0,10000,3.3
1039,-0.0032,-8.439999999999999e-07,0.001,40,0,10000,3.3
1040,-0.0048000000000000004,-8.400000000000004e-07,0.001,40,0,10000,3.3
1041,-0.007200000000000001,-8.360000000000001e-07,0.001,40,0,10000,3.3
1042,-0.0032,-8.319999999999998e-07,0.001,40,0,10000,3.3
1043,-0.0048000000000000004,-8.280000000000004e-07,0.001,40,0,10000,3.3
1044,-0.0064,-8.240000000000001e-07,0.001,40,0,10000,3.3
1045,-0.0032,-8.199999999999998e-07,0.001,40,0,10000,3.3
1046,-0.0056,-8.160000000000003e-07,0.001,40,0,10000,3.3
1047,-0.007200000000000001,-8.12e-07,0.001,40,0,10000,3.3
1048,-0.0016,-8.080000000000006e-07,0.001,40,0,10000,3.3
1049,-0.0064,-8.040000000000003e-07,0.001,40,0,10000,3.3
1050,-0.0064,-8e-07,0.001,40,0,10000,3.3
1051,-0.0024000000000000002,-7.960000000000005e-07,0.001,40,0,10000,3.3
1052,-0.009600000000000001,-7.920000000000002e-07,0.001,40,0,10000,3.3
1053,-0.0032,-7.879999999999999e-07,0.001,40,0,10000,3.3
1054,-0.004,-7.840000000000005e-07,0.001,40,0,10000,3.3
1055,-0.009600000000000001,-7.800000000000002e-07,0.001,40,0,10000,3.3
1056,-0.0008,-7.759999999999999e-07,0.001,40,0,10000,3.3
1057,-0.007200000000000001,-7.720000000000004e-07,0.001,40,0,10000,3.3
1058,-0.0064,-7.680000000000001e-07,0.001,40,0,10000,3.3
1059,-0.0016,-7.639999999999998e-07,0.001,40,0,10000,3.3
1060,-0.0088,-7.600000000000003e-07,0.001,40,0,10000,3.3
1061,-0.0016,-7.56e-07,0.001,40,0,10000,3.3
1062,-0.0056,-7.519999999999997e-07,0.001,40,0,10000,3.3
1063,-0.0064,-7.480000000000003e-07,0.001,40,0,10000,3.3
1064,-0.0024000000000000002,-7.44e-07,0.001,40,0,10000,3.3
1065,-0.0064,-7.400000000000005e-07,0.001,40,0,10000,3.3
1066,-0.0032,-7.360000000000002e-07,0.001,40,0,10000,3.3
1067,-0.004,-7.319999999999999e-07,0.001,40,0,10000,3.3
1068,-0.0056,-7.280000000000005e-07,0.001,40,0,10000,3.3
1069,-0.0024000000000000002,-7.240000000000002e-07,0.001,40,0,10000,3.3
1070,-0.0064,-7.199999999999999e-07,0.001,40,0,10000,3.3
1071,-0.0024000000000000002,-7.160000000000004e-07,0.001,40,0,10000,3.3
1072,-0.0048000000000000004,-7.120000000000001e-07,0.001,40,0,10000,3.3
1073,-0.004,-7.079999999999998e-07,0.001,40,0,10000,3.3
1074,-0.004,-7.040000000000004e-07,0.001,40,0,10000,3.3
1075,-0.007200000000000001,-7.000000000000001e-07,0.001,40,0,10000,3.3
1076,-0.0008,-6.959999999999998e-07,0.001,40,0,10000,3.3
1077,-0.0064,-6.920000000000003e-07,0.001,40,0,10000,3.3
1078,-0.0056,-6.88e-07,0.001,40,0,10000,3.3
1079,-0.0016,-6.839999999999997e-07,0.001,40,0,10000,3.3
1080,-0.008,-6.800000000000003e-07,0.001,40,0,10000,3.3
1081,-0.0024000000000000002,-6.76e-07,0.001,40,0,10000,3.3
1082,-0.0032,-6.720000000000005e-07,0.001,40,0,10000,3.3
1083,-0.008,-6.680000000000002e-07,0.001,40,0,10000,3.3
1084,-0.0008,-6.639999999999999e-07,0.001,40,0,10000,3.3
1085,-0.008,-6.600000000000005e-07,0.001,40,0,10000,3.3
1086,-0.0056,-6.560000000000002e-07,0.001,40,0,10000,3.3
1087,-0.0024000000000000002,-6.519999999999999e-07,0.001,40,0,10000,3.3
1088,-0.008,-6.480000000000004e-07,0.001,40,0,10000,3.3
1089,-0.0024000000000000002,-6.440000000000001e-07,0.001,40,0,10000,3.3
1090,-0.0048000000000000004,-6.399999999999998e-07,0.001,40,0,10000,3.3
1091,-0.0064,-6.360000000000003e-07,0.001,40,0,10000,3.3
1092,-0.032,-6.32e-07,0.001,40,0,10000,3.3
1093,-0.036000000000000004,-6.279999999999997e-07,0.001,40,0,10000,3.3
1094,-0.02,-6.240000000000003e-07,0.001,40,0,10000,3.3
1095,-0.009600000000000001,-6.2e-07,0.001,40,0,10000,3.3
1096,-0.007200000000000001,-6.160000000000005e-07,0.001,40,0,10000,3.3
1097,-0.0216,-6.120000000000002e-07,0.001,40,0,10000,3.3
1098,-0.032,-6.079999999999999e-07,0.001,40,0,10000,3.3
1099,-0.024800000000000003,-6.040000000000005e-07,0.001,40,0,10000,3.3
1100,-0.013600000000000001,-6.000000000000002e-07,0.001,40,0,10000,3.3
1101,-0.0088,-5.959999999999999e-07,0.001,40,0,10000,3.3
1102,-0.014400000000000001,-5.920000000000004e-07,0.001,40,0,10000,3.3
1103,-0.027200000000000002,-5.880000000000001e-07,0.001,40,0,10000,3.3
1104,-0.024800000000000003,-5.839999999999998e-07,0.001,40,0,10000,3.3
1105,-0.019200000000000002,-5.800000000000004e-07,0.001,40,0,10000,3.3
1106,-0.0112,-5.760000000000001e-07,0.001,40,0,10000,3.3
1107,-0.0112,-5.719999999999998e-07,0.001,40,0,10000,3.3
1108,-0.0224,-5.680000000000003e-07,0.001,40,0,10000,3.3
1109,-0.024800000000000003,-5.64e-07,0.001,40,0,10000,3.3
1110,-0.0224,-5.599999999999997e-07,0.001,40,0,10000,3.3
1111,-0.0152,-5.560000000000003e-07,0.001,40,0,10000,3.3
1112,-0.010400000000000001,-5.52e-07,0.001,40,0,10000,3.3
1113,-0.0184,-5.480000000000005e-07,0.001,40,0,10000,3.3
1114,-0.0224,-5.440000000000002e-07,0.001,40,0,10000,3.3
1115,-0.024800000000000003,-5.399999999999999e-07,0.001,40,0,10000,3.3
1116,-0.0176,-5.360000000000005e-07,0.001,40,0,10000,3.3
1117,-0.0112,-5.320000000000002e-07,0.001,40,0,10000,3.3
1118,-0.016800000000000002,-5.279999999999999e-07,0.001,40,0,10000,3.3
1119,-0.020800000000000003,-5.240000000000004e-07,0.001,40,0,10000,3.3
1120,-0.023200000000000002,-5.200000000000001e-07,0.001,40,0,10000,3.3
1121,-0.019200000000000002,-5.159999999999998e-07,0.001,40,0,10000,3.3
1122,-0.0152,-5.120000000000003e-07,0.001,40,0,10000,3.3
1123,-0.0128,-5.08e-07,0.001,40,0,10000,3.3
1124,-0.024,-5.039999999999997e-07,0.001,40,0,10000,3.3
1125,-0.028800000000000003,-5.000000000000003e-07,0.001,40,0,10000,3.3
1126,-0.023200000000000002,-4.96e-07,0.001,40,0,10000,3.3
1127,-0.02,-4.920000000000005e-07,0.001,40,0,10000,3.3
1128,-0.013600000000000001,-4.880000000000002e-07,0.001,40,0,10000,3.3
1129,-0.019200000000000002,-4.839999999999999e-07,0.001,40,0,10000,3.3
1130,-0.027200000000000002,-4.800000000000005e-07,0.001,40,0,10000,3.3
1131,-0.0224,-4.760000000000002e-07,0.001,40,0,10000,3.3
1132,-0.020800000000000003,-4.719999999999999e-07,0.001,40,0,10000,3.3
1133,-0.0176,-4.6800000000000043e-07,0.001,40,0,10000,3.3
1134,-0.014400000000000001,-4.6400000000000013e-07,0.001,40,0,10000,3.3
1135,-0.0256,-4.5999999999999983e-07,0.001,40,0,10000,3.3
1136,-0.0224,-4.560000000000004e-07,0.001,40,0,10000,3.3
1137,-0.0224,-4.520000000000001e-07,0.001,40,0,10000,3.3
1138,-0.020800000000000003,-4.479999999999998e-07,0.001,40,0,10000,3.3
1139,-0.013600000000000001,-4.440000000000003e-07,0.001,40,0,10000,3.3
1140,-0.020800000000000003,-4.4e-07,0.001,40,0,10000,3.3
1141,-0.024800000000000003,-4.359999999999997e-07,0.001,40,0,10000,3.3
1142,-0.02,-4.3200000000000027e-07,0.001,40,0,10000,3.3
1143,-0.023200000000000002,-4.2799999999999997e-07,0.001,40,0,10000,3.3
1144,-0.016,-4.240000000000005e-07,0.001,40,0,10000,3.3
1145,-0.0176,-4.200000000000002e-07,0.001,40,0,10000,3.3
1146,-0.024,-4.159999999999999e-07,0.001,40,0,10000,3.3
1147,-0.0224,-4.1200000000000046e-07,0.001,40,0,10000,3.3
1148,-0.0216,-4.0800000000000016e-07,0.001,40,0,10000,3.3
1149,-0.019200000000000002,-4.0399999999999986e-07,0.001,40,0,10000,3.3
1150,-0.016,-4.000000000000004e-07,0.001,40,0,10000,3.3
1151,-0.020800000000000003,-3.960000000000001e-07,0.001,40,0,10000,3.3
1152,-0.023200000000000002,-3.919999999999998e-07,0.001,40,0,10000,3.3
1153,-0.0216,-3.8800000000000035e-07,0.001,40,0,10000,3.3
1154,-0.0216,-3.8400000000000005e-07,0.001,40,0,10000,3.3
1155,-0.02,-3.7999999999999975e-07,0.001,40,0,10000,3.3
1156,-0.0176,-3.760000000000003e-07,0.001,40,0,10000,3.3
1157,-0.023200000000000002,-3.72e-07,0.001,40,0,10000,3.3
1158,-0.023200000000000002,-3.6800000000000054e-07,0.001,40,0,10000,3.3
1159,-0.020800000000000003,-3.6400000000000024e-07,0.001,40,0,10000,3.3
1160,-0.020800000000000003,-3.5999999999999994e-07,0.001,40,0,10000,3.3
1161,-0.0184,-3.560000000000005e-07,0.001,40,0,10000,3.3
1162,-0.020800000000000003,-3.520000000000002e-07,0.001,40,0,10000,3.3
1163,-0.023200000000000002,-3.479999999999999e-07,0.001,40,0,10000,3.3
1164,-0.019200000000000002,-3.4400000000000043e-07,0.001,40,0,10000,3.3
1165,-0.0216,-3.4000000000000013e-07,0.001,40,0,10000,3.3
1166,-0.019200000000000002,-3.3599999999999983e-07,0.001,40,0,10000,3.3
1167,-0.020800000000000003,-3.320000000000004e-07,0.001,40,0,10000,3.3
1168,-0.020800000000000003,-3.280000000000001e-07,0.001,40,0,10000,3.3
1169,-0.020800000000000003,-3.239999999999998e-07,0.001,40,0,10000,3.3
1170,-0.02,-3.200000000000003e-07,0.001,40,0,10000,3.3
1171,-0.020800000000000003,-3.16e-07,0.001,40,0,10000,3.3
1172,-0.020800000000000003,-3.119999999999997e-07,0.001,40,0,10000,3.3
1173,-0.02,-3.0800000000000027e-07,0.001,40,0,10000,3.3
1174,-0.02,-3.0399999999999997e-07,0.001,40,0,10000,3.3
1175,-0.0216,-3.000000000000005e-07,0.001,40,0,10000,3.3
1176,-0.019200000000000002,-2.960000000000002e-07,0.001,40,0,10000,3.3
1177,-0.0216,-2.919999999999999e-07,0.001,40,0,10000,3.3
1178,-0.019200000000000002,-2.8800000000000046e-07,0.001,40,0,10000,3.3
1179,-0.0176,-2.8400000000000016e-07,0.001,40,0,10000,3.3
1180,-0.023200000000000002,-2.7999999999999986e-07,0.001,40,0,10000,3.3
1181,-0.019200000000000002,-2.760000000000004e-07,0.001,40,0,10000,3.3
1182,-0.019200000000000002,-2.720000000000001e-07,0.001,40,0,10000,3.3
1183,-0.020800000000000003,-2.679999999999998e-07,0.001,40,0,10000,3.3
1184,-0.0176,-2.6400000000000035e-07,0.001,40,0,10000,3.3
1185,-0.023200000000000002,-2.6000000000000005e-07,0.001,40,0,10000,3.3
1186,-0.0216,-2.5599999999999975e-07,0.001,40,0,10000,3.3
1187,-0.0176,-2.520000000000003e-07,0.001,40,0,10000,3.3
1188,-0.0224,-2.48e-07,0.001,40,0,10000,3.3
1189,-0.0176,-2.439999999999997e-07,0.001,40,0,10000,3.3
1190,-0.020800000000000003,-2.4000000000000024e-07,0.001,40,0,10000,3.3
1191,-0.0224,-2.3599999999999994e-07,0.001,40,0,10000,3.3
1192,-0.019200000000000002,-2.320000000000005e-07,0.001,40,0,10000,3.3
1193,-0.0216,-2.280000000000002e-07,0.001,40,0,10000,3.3
1194,-0.02,-2.239999999999999e-07,0.001,40,0,10000,3.3
1195,-0.0176,-2.2000000000000043e-07,0.001,40,0,10000,3.3
1196,-0.020800000000000003,-2.1600000000000013e-07,0.001,40,0,10000,3.3
1197,-0.019200000000000002,-2.1199999999999983e-07,0.001,40,0,10000,3.3
1198,-0.019200000000000002,-2.0800000000000038e-07,0.001,40,0,10000,3.3
1199,-0.019200000000000002,-2.0400000000000008e-07,0.001,40,0,10000,3.3
1200,-0.019200000000000002,-1.9999999999999978e-07,0.001,40,0,10000,3.3
1201,-0.02,-1.9600000000000033e-07,0.001,40,0,10000,3.3
1202,-0.02,-1.9200000000000003e-07,0.001,40,0,10000,3.3
1203,-0.0184,-1.8799999999999972e-07,0.001,40,0,10000,3.3
1204,-0.02,-1.8400000000000027e-07,0.001,40,0,10000,3.3
1205,-0.02,-1.7999999999999997e-07,0.001,40,0,10000,3.3
1206,-0.019200000000000002,-1.7600000000000052e-07,0.001,40,0,10000,3.3
1207,-0.02,-1.7200000000000022e-07,0.001,40,0,10000,3.3
1208,-0.019200000000000002,-1.6799999999999992e-07,0.001,40,0,10000,3.3
1209,-0.019200000000000002,-1.6400000000000046e-07,0.001,40,0,10000,3.3
1210,-0.02,-1.6000000000000016e-07,0.001,40,0,10000,3.3
1211,-0.0184,-1.5599999999999986e-07,0.001,40,0,10000,3.3
1212,-0.020800000000000003,-1.520000000000004e-07,0.001,40,0,10000,3.3
1213,-0.02,-1.480000000000001e-07,0.001,40,0,10000,3.3
1214,-0.0184,-1.439999999999998e-07,0.001,40,0,10000,3.3
1215,-0.0184,-1.4000000000000035e-07,0.001,40,0,10000,3.3
1216,-0.016800000000000002,-1.3600000000000005e-07,0.001,40,0,10000,3.3
1217,-0.019200000000000002,-1.3199999999999975e-07,0.001,40,0,10000,3.3
1218,-0.0216,-1.280000000000003e-07,0.001,40,0,10000,3.3
1219,-0.0176,-1.24e-07,0.001,40,0,10000,3.3
1220,-0.0184,-1.199999999999997e-07,0.001,40,0,10000,3.3
1221,-0.02,-1.1600000000000024e-07,0.001,40,0,10000,3.3
1222,-0.016,-1.1199999999999994e-07,0.001,40,0,10000,3.3
1223,-0.02,-1.0800000000000049e-07,0.001,40,0,10000,3.3
1224,-0.0184,-1.0400000000000019e-07,0.001,40,0,10000,3.3
1225,-0.0176,-9.999999999999989e-08,0.001,40,0,10000,3.3
1226,-0.019200000000000002,-9.600000000000044e-08,0.001,40,0,10000,3.3
1227,-0.016800000000000002,-9.200000000000014e-08,0.001,40,0,10000,3.3
1228,-0.0184,-8.799999999999984e-08,0.001,40,0,10000,3.3
1229,-0.02,-8.400000000000038e-08,0.001,40,0,10000,3.3
1230,-0.0176,-8.000000000000008e-08,0.001,40,0,10000,3.3
1231,-0.019200000000000002,-7.599999999999978e-08,0.001,40,0,10000,3.3
1232,-0.0184,-7.200000000000033e-08,0.001,40,0,10000,3.3
1233,-0.0184,-6.800000000000003e-08,0.001,40,0,10000,3.3
1234,-0.019200000000000002,-6.399999999999973e-08,0.001,40,0,10000,3.3
1235,-0.0176,-6.000000000000027e-08,0.001,40,0,10000,3.3
1236,-0.02,-5.599999999999997e-08,0.001,40,0,10000,3.3
1237,-0.0184,-5.200000000000052e-08,0.001,40,0,10000,3.3
1238,-0.0176,-4.800000000000022e-08,0.001,40,0,10000,3.3
1239,-0.0184,-4.399999999999992e-08,0.001,40,0,10000,3.3
1240,-0.016800000000000002,-4.0000000000000464e-08,0.001,40,0,10000,3.3
1241,-0.0184,-3.6000000000000164e-08,0.001,40,0,10000,3.3
1242,-0.0216,-3.199999999999986e-08,0.001,40,0,10000,3.3
1243,-0.023200000000000002,-2.800000000000041e-08,0.001,40,0,10000,3.3
1244,-0.023200000000000002,-2.400000000000011e-08,0.001,40,0,10000,3.3
1245,-0.0184,-1.999999999999981e-08,0.001,40,0,10000,3.3
1246,-0.020800000000000003,-1.6000000000000355e-08,0.001,40,0,10000,3.3
1247,-0.02,-1.2000000000000055e-08,0.001,40,0,10000,3.3
1248,-0.023200000000000002,-7.999999999999754e-09,0.001,40,0,10000,3.3
1249,-0.0256,-4.0000000000003005e-09,0.001,40,0,10000,3.3
1250,-0.016800000000000002,0.0,0.001,40,0,10000,3.3
1251,-0.020800000000000003,4.0000000000003005e-09,0.001,40,0,10000,3.3
1252,-0.019200000000000002,7.999999999999754e-09,0.001,40,0,10000,3.3
1253,-0.019200000000000002,1.2000000000000055e-08,0.001,40,0,10000,3.3
1254,-0.0256,1.5999999999999508e-08,0.001,40,0,10000,3.3
1255,-0.0184,1.999999999999981e-08,0.001,40,0,10000,3.3
1256,-0.02,2.400000000000011e-08,0.001,40,0,10000,3.3
1257,-0.0216,2.7999999999999563e-08,0.001,40,0,10000,3.3
1258,-0.016800000000000002,3.199999999999986e-08,0.001,40,0,10000,3.3
1259,-0.024,3.6000000000000164e-08,0.001,40,0,10000,3.3
1260,-0.0224,3.999999999999962e-08,0.001,40,0,10000,3.3
1261,-0.0176,4.399999999999992e-08,0.001,40,0,10000,3.3
1262,-0.0216,4.800000000000022e-08,0.001,40,0,10000,3.3
1263,-0.019200000000000002,5.199999999999967e-08,0.001,40,0,10000,3.3
1264,-0.02,5.599999999999997e-08,0.001,40,0,10000,3.3
1265,-0.023200000000000002,6.000000000000027e-08,0.001,40,0,10000,3.3
1266,-0.019200000000000002,6.399999999999973e-08,0.001,40,0,10000,3.3
1267,-0.02,6.800000000000003e-08,0.001,40,0,10000,3.3
1268,-0.024,7.200000000000033e-08,0.001,40,0,10000,3.3
1269,-0.02,7.599999999999978e-08,0.001,40,0,10000,3.3
1270,-0.024,8.000000000000008e-08,0.001,40,0,10000,3.3
1271,-0.020800000000000003,8.399999999999953e-08,0.001,40,0,10000,3.3
1272,-0.0176,8.799999999999984e-08,0.001,40,0,10000,3.3
1273,-0.023200000000000002,9.200000000000014e-08,0.001,40,0,10000,3.3
1274,-0.020800000000000003,9.599999999999959e-08,0.001,40,0,10000,3.3
1275,-0.020800000000000003,9.999999999999989e-08,0.001,40,0,10000,3.3
1276,-0.023200000000000002,1.0400000000000019e-07,0.001,40,0,10000,3.3
1277,-0.016800000000000002,1.0799999999999964e-07,0.001,40,0,10000,3.3
1278,-0.0216,1.1199999999999994e-07,0.001,40,0,10000,3.3
1279,-0.0216,1.1600000000000024e-07,0.001,40,0,10000,3.3
1280,-0.0216,1.199999999999997e-07,0.001,40,0,10000,3.3
1281,-0.0224,1.24e-07,0.001,40,0,10000,3.3
1282,-0.02,1.280000000000003e-07,0.001,40,0,10000,3.3
1283,-0.0216,1.3199999999999975e-07,0.001,40,0,10000,3.3
1284,-0.020800000000000003,1.3600000000000005e-07,0.001,40,0,10000,3.3
1285,-0.0224,1.399999999999995e-07,0.001,40,0,10000,3.3
1286,-0.02,1.439999999999998e-07,0.001,40,0,10000,3.3
1287,-0.019200000000000002,1.480000000000001e-07,0.001,40,0,10000,3.3
1288,-0.020800000000000003,1.5199999999999956e-07,0.001,40,0,10000,3.3
1289,-0.0184,1.5599999999999986e-07,0.001,40,0,10000,3.3
1290,-0.0216,1.6000000000000016e-07,0.001,40,0,10000,3.3
1291,-0.0216,1.6399999999999962e-07,0.001,40,0,10000,3.3
1292,-0.019200000000000002,1.6799999999999992e-07,0.001,40,0,10000,3.3
1293,-0.0216,1.7200000000000022e-07,0.001,40,0,10000,3.3
1294,-0.020800000000000003,1.7599999999999967e-07,0.001,40,0,10000,3.3
1295,-0.02,1.7999999999999997e-07,0.001,40,0,10000,3.3
1296,-0.0224,1.8400000000000027e-07,0.001,40,0,10000,3.3
1297,-0.02,1.8799999999999972e-07,0.001,40,0,10000,3.3
1298,-0.02,1.9200000000000003e-07,0.001,40,0,10000,3.3
1299,-0.02,1.9600000000000033e-07,0.001,40,0,10000,3.3
1300,-0.02,1.9999999999999978e-07,0.001,40,0,10000,3.3
1301,-0.020800000000000003,2.0400000000000008e-07,0.001,40,0,10000,3.3
1302,-0.02,2.0799999999999953e-07,0.001,40,0,10000,3.3
1303,-0.02,2.1199999999999983e-07,0.001,40,0,10000,3.3
1304,-0.0216,2.1600000000000013e-07,0.001,40,0,10000,3.3
1305,-0.02,2.199999999999996e-07,0.001,40,0,10000,3.3
1306,-0.019200000000000002,2.239999999999999e-07,0.001,40,0,10000,3.3
1307,-0.023200000000000002,2.280000000000002e-07,0.001,40,0,10000,3.3
1308,-0.0184,2.3199999999999964e-07,0.001,40,0,10000,3.3
1309,-0.020800000000000003,2.3599999999999994e-07,0.001,40,0,10000,3.3
1310,-0.0216,2.4000000000000024e-07,0.001,40,0,10000,3.3
1311,-0.016800000000000002,2.439999999999997e-07,0.001,40,0,10000,3.3
1312,-0.0224,2.48e-07,0.001,40,0,10000,3.3
1313,-0.0184,2.520000000000003e-07,0.001,40,0,10000,3.3
1314,-0.016800000000000002,2.5599999999999975e-07,0.001,40,0,10000,3.3
1315,-0.023200000000000002,2.6000000000000005e-07,0.001,40,0,10000,3.3
1316,-0.016800000000000002,2.639999999999995e-07,0.001,40,0,10000,3.3
1317,-0.0224,2.679999999999998e-07,0.001,40,0,10000,3.3
1318,-0.020800000000000003,2.720000000000001e-07,0.001,40,0,10000,3.3
1319,-0.016,2.7599999999999956e-07,0.001,40,0,10000,3.3
1320,-0.023200000000000002,2.7999999999999986e-07,0.001,40,0,10000,3.3
1321,-0.016,2.8400000000000016e-07,0.001,40,0,10000,3.3
1322,-0.016800000000000002,2.879999999999996e-07,0.001,40,0,10000,3.3
1323,-0.0224,2.919999999999999e-07,0.001,40,0,10000,3.3
1324,-0.016,2.960000000000002e-07,0.001,40,0,10000,3.3
1325,-0.0216,2.9999999999999967e-07,0.001,40,0,10000,3.3
1326,-0.0176,3.0399999999999997e-07,0.001,40,0,10000,3.3
1327,-0.0176,3.0800000000000027e-07,0.001,40,0,10000,3.3
1328,-0.0224,3.119999999999997e-07,0.001,40,0,10000,3.3
1329,-0.016800000000000002,3.16e-07,0.001,40,0,10000,3.3
1330,-0.0184,3.200000000000003e-07,0.001,40,0,10000,3.3
1331,-0.019200000000000002,3.239999999999998e-07,0.001,40,0,10000,3.3
1332,-0.0176,3.280000000000001e-07,0.001,40,0,10000,3.3
1333,-0.02,3.3199999999999953e-07,0.001,40,0,10000,3.3
1334,-0.0176,3.3599999999999983e-07,0.001,40,0,10000,3.3
1335,-0.019200000000000002,3.4000000000000013e-07,0.001,40,0,10000,3.3
1336,-0.016800000000000002,3.439999999999996e-07,0.001,40,0,10000,3.3
1337,-0.0184,3.479999999999999e-07,0.001,40,0,10000,3.3
1338,-0.0184,3.520000000000002e-07,0.001,40,0,10000,3.3
1339,-0.016,3.5599999999999964e-07,0.001,40,0,10000,3.3
1340,-0.020800000000000003,3.5999999999999994e-07,0.001,40,0,10000,3.3
1341,-0.0176,3.6400000000000024e-07,0.001,40,0,10000,3.3
1342,-0.0176,3.679999999999997e-07,0.001,40,0,10000,3.3
1343,-0.02,3.72e-07,0.001,40,0,10000,3.3
1344,-0.0152,3.760000000000003e-07,0.001,40,0,10000,3.3
1345,-0.0216,3.7999999999999975e-07,0.001,40,0,10000,3.3
1346,-0.0184,3.8400000000000005e-07,0.001,40,0,10000,3.3
1347,-0.016800000000000002,3.879999999999995e-07,0.001,40,0,10000,3.3
1348,-0.020800000000000003,3.919999999999998e-07,0.001,40,0,10000,3.3
1349,-0.016800000000000002,3.960000000000001e-07,0.001,40,0,10000,3.3
1350,-0.0184,3.9999999999999956e-07,0.001,40,0,10000,3.3
1351,-0.019200000000000002,4.0399999999999986e-07,0.001,40,0,10000,3.3
1352,-0.016,4.0800000000000016e-07,0.001,40,0,10000,3.3
1353,-0.019200000000000002,4.119999999999996e-07,0.001,40,0,10000,3.3
1354,-0.019200000000000002,4.159999999999999e-07,0.001,40,0,10000,3.3
1355,-0.0176,4.200000000000002e-07,0.001,40,0,10000,3.3
1356,-0.020800000000000003,4.2399999999999967e-07,0.001,40,0,10000,3.3
1357,-0.0184,4.2799999999999997e-07,0.001,40,0,10000,3.3
1358,-0.016800000000000002,4.3200000000000027e-07,0.001,40,0,10000,3.3
1359,-0.019200000000000002,4.359999999999997e-07,0.001,40,0,10000,3.3
1360,-0.0176,4.4e-07,0.001,40,0,10000,3.3
1361,-0.016800000000000002,4.440000000000003e-07,0.001,40,0,10000,3.3
1362,-0.02,4.479999999999998e-07,0.001,40,0,10000,3.3
1363,-0.016800000000000002,4.520000000000001e-07,0.001,40,0,10000,3.3
1364,-0.016800000000000002,4.5599999999999953e-07,0.001,40,0,10000,3.3
1365,-0.020800000000000003,4.5999999999999983e-07,0.001,40,0,10000,3.3
1366,-0.014400000000000001,4.6400000000000013e-07,0.001,40,0,10000,3.3
1367,-0.0184,4.679999999999996e-07,0.001,40,0,10000,3.3
1368,-0.0176,4.719999999999999e-07,0.001,40,0,10000,3.3
1369,-0.014400000000000001,4.760000000000002e-07,0.001,40,0,10000,3.3
1370,-0.0216,4.799999999999996e-07,0.001,40,0,10000,3.3
1371,-0.016,4.839999999999999e-07,0.001,40,0,10000,3.3
1372,-0.016800000000000002,4.880000000000002e-07,0.001,40,0,10000,3.3
1373,-0.020800000000000003,4.919999999999997e-07,0.001,40,0,10000,3.3
1374,-0.013600000000000001,4.96e-07,0.001,40,0,10000,3.3
1375,-0.020800000000000003,5.000000000000003e-07,0.001,40,0,10000,3.3
1376,-0.016,5.039999999999997e-07,0.001,40,0,10000,3.3
1377,-0.016,5.08e-07,0.001,40,0,10000,3.3
1378,-0.020800000000000003,5.120000000000003e-07,0.001,40,0,10000,3.3
1379,-0.0152,5.159999999999998e-07,0.001,40,0,10000,3.3
1380,-0.019200000000000002,5.200000000000001e-07,0.001,40,0,10000,3.3
1381,-0.0176,5.239999999999996e-07,0.001,40,0,10000,3.3
1382,-0.016800000000000002,5.279999999999999e-07,0.001,40,0,10000,3.3
1383,-0.019200000000000002,5.320000000000002e-07,0.001,40,0,10000,3.3
1384,-0.016,5.359999999999996e-07,0.001,40,0,10000,3.3
1385,-0.0184,5.399999999999999e-07,0.001,40,0,10000,3.3
1386,-0.0176,5.440000000000002e-07,0.001,40,0,10000,3.3
1387,-0.016,5.479999999999997e-07,0.001,40,0,10000,3.3
1388,-0.019200000000000002,5.52e-07,0.001,40,0,10000,3.3
1389,-0.0152,5.560000000000003e-07,0.001,40,0,10000,3.3
1390,-0.02,5.599999999999997e-07,0.001,40,0,10000,3.3
1391,-0.0176,5.64e-07,0.001,40,0,10000,3.3
1392,-0.0152,5.680000000000003e-07,0.001,40,0,10000,3.3
1393,-0.019200000000000002,5.719999999999998e-07,0.001,40,0,10000,3.3
1394,-0.014400000000000001,5.760000000000001e-07,0.001,40,0,10000,3.3
1395,-0.0184,5.799999999999995e-07,0.001,40,0,10000,3.3
1396,-0.0184,5.839999999999998e-07,0.001,40,0,10000,3.3
1397,-0.013600000000000001,5.880000000000001e-07,0.001,40,0,10000,3.3
1398,-0.02,5.919999999999996e-07,0.001,40,0,10000,3.3
1399,-0.016,5.959999999999999e-07,0.001,40,0,10000,3.3
1400,-0.0176,6.000000000000002e-07,0.001,40,0,10000,3.3
1401,-0.0184,6.039999999999996e-07,0.001,40,0,10000,3.3
1402,-0.014400000000000001,6.079999999999999e-07,0.001,40,0,10000,3.3
1403,-0.02,6.120000000000002e-07,0.001,40,0,10000,3.3
1404,-0.016800000000000002,6.159999999999997e-07,0.001,40,0,10000,3.3
1405,-0.0152,6.2e-07,0.001,40,0,10000,3.3
1406,-0.020800000000000003,6.240000000000003e-07,0.001,40,0,10000,3.3
1407,-0.0152,6.279999999999997e-07,0.001,40,0,10000,3.3
1408,-0.016800000000000002,6.32e-07,0.001,40,0,10000,3.3
1409,-0.016,6.360000000000003e-07,0.001,40,0,10000,3.3
1410,-0.0152,6.399999999999998e-07,0.001,40,0,10000,3.3
1411,-0.0184,6.440000000000001e-07,0.001,40,0,10000,3.3
1412,-0.016800000000000002,6.479999999999996e-07,0.001,40,0,10000,3.3
1413,-0.0152,6.519999999999999e-07,0.001,40,0,10000,3.3
1414,-0.0184,6.560000000000002e-07,0.001,40,0,10000,3.3
1415,-0.016800000000000002,6.599999999999996e-07,0.001,40,0,10000,3.3
1416,-0.016,6.639999999999999e-07,0.001,40,0,10000,3.3
1417,-0.0176,6.680000000000002e-07,0.001,40,0,10000,3.3
1418,-0.016800000000000002,6.719999999999997e-07,0.001,40,0,10000,3.3
1419,-0.016,6.76e-07,0.001,40,0,10000,3.3
1420,-0.016800000000000002,6.800000000000003e-07,0.001,40,0,10000,3.3
1421,-0.014400000000000001,6.839999999999997e-07,0.001,40,0,10000,3.3
1422,-0.016800000000000002,6.88e-07,0.001,40,0,10000,3.3
1423,-0.016800000000000002,6.920000000000003e-07,0.001,40,0,10000,3.3
1424,-0.014400000000000001,6.959999999999998e-07,0.001,40,0,10000,3.3
1425,-0.016,7.000000000000001e-07,0.001,40,0,10000,3.3
1426,-0.016,7.039999999999995e-07,0.001,40,0,10000,3.3
1427,-0.014400000000000001,7.079999999999998e-07,0.001,40,0,10000,3.3
1428,-0.0176,7.120000000000001e-07,0.001,40,0,10000,3.3
1429,-0.014400000000000001,7.159999999999996e-07,0.001,40,0,10000,3.3
1430,-0.016800000000000002,7.199999999999999e-07,0.001,40,0,10000,3.3
1431,-0.016800000000000002,7.240000000000002e-07,0.001,40,0,10000,3.3
1432,-0.013600000000000001,7.279999999999996e-07,0.001,40,0,10000,3.3
1433,-0.016800000000000002,7.319999999999999e-07,0.001,40,0,10000,3.3
1434,-0.016,7.360000000000002e-07,0.001,40,0,10000,3.3
1435,-0.013600000000000001,7.399999999999997e-07,0.001,40,0,10000,3.3
1436,-0.016,7.44e-07,0.001,40,0,10000,3.3
1437,-0.013600000000000001,7.480000000000003e-07,0.001,40,0,10000,3.3
1438,-0.016800000000000002,7.519999999999997e-07,0.001,40,0,10000,3.3
1439,-0.016,7.56e-07,0.001,40,0,10000,3.3
1440,-0.016,7.600000000000003e-07,0.001,40,0,10000,3.3
1441,-0.016,7.639999999999998e-07,0.001,40,0,10000,3.3
1442,-0.0152,7.680000000000001e-07,0.001,40,0,10000,3.3
1443,-0.016800000000000002,7.719999999999996e-07,0.001,40,0,10000,3.3
1444,-0.013600000000000001,7.759999999999999e-07,0.001,40,0,10000,3.3
1445,-0.0184,7.800000000000002e-07,0.001,40,0,10000,3.3
1446,-0.016,7.839999999999996e-07,0.001,40,0,10000,3.3
1447,-0.013600000000000001,7.879999999999999e-07,0.001,40,0,10000,3.3
1448,-0.0184,7.920000000000002e-07,0.001,40,0,10000,3.3
1449,-0.0128,7.959999999999997e-07,0.001,40,0,10000,3.3
1450,-0.016800000000000002,8e-07,0.001,40,0,10000,3.3
1451,-0.0184,8.040000000000003e-07,0.001,40,0,10000,3.3
1452,-0.012,8.079999999999997e-07,0.001,40,0,10000,3.3
1453,-0.0176,8.12e-07,0.001,40,0,10000,3.3
1454,-0.016,8.160000000000003e-07,0.001,40,0,10000,3.3
1455,-0.013600000000000001,8.199999999999998e-07,0.001,40,0,10000,3.3
1456,-0.0184,8.240000000000001e-07,0.001,40,0,10000,3.3
1457,-0.012,8.280000000000004e-07,0.001,40,0,10000,3.3
1458,-0.0152,8.319999999999998e-07,0.001,40,0,10000,3.3
1459,-0.016800000000000002,8.360000000000001e-07,0.001,40,0,10000,3.3
1460,-0.013600000000000001,8.399999999999996e-07,0.001,40,0,10000,3.3
1461,-0.016,8.439999999999999e-07,0.001,40,0,10000,3.3
1462,-0.016,8.480000000000002e-07,0.001,40,0,10000,3.3
1463,-0.013600000000000001,8.519999999999996e-07,0.001,40,0,10000,3.3
1464,-0.0176,8.559999999999999e-07,0.001,40,0,10000,3.3
1465,-0.014400000000000001,8.600000000000002e-07,0.001,40,0,10000,3.3
1466,-0.013600000000000001,8.639999999999997e-07,0.001,40,0,10000,3.3
1467,-0.016,8.68e-07,0.001,40,0,10000,3.3
1468,-0.0128,8.720000000000003e-07,0.001,40,0,10000,3.3
1469,-0.0128,8.759999999999997e-07,0.001,40,0,10000,3.3
1470,-0.0176,8.8e-07,0.001,40,0,10000,3.3
1471,-0.0128,8.840000000000003e-07,0.001,40,0,10000,3.3
1472,-0.0152,8.879999999999998e-07,0.001,40,0,10000,3.3
1473,-0.016,8.920000000000001e-07,0.001,40,0,10000,3.3
1474,-0.0128,8.959999999999996e-07,0.001,40,0,10000,3.3
1475,-0.016,8.999999999999999e-07,0.001,40,0,10000,3.3
1476,-0.0152,9.040000000000002e-07,0.001,40,0,10000,3.3
1477,-0.013600000000000001,9.079999999999996e-07,0.001,40,0,10000,3.3
1478,-0.0152,9.119999999999999e-07,0.001,40,0,10000,3.3
1479,-0.0128,9.160000000000002e-07,0.001,40,0,10000,3.3
1480,-0.0128,9.199999999999997e-07,0.001,40,0,10000,3.3
1481,-0.016800000000000002,9.24e-07,0.001,40,0,10000,3.3
1482,-0.0128,9.280000000000003e-07,0.001,40,0,10000,3.3
1483,-0.0152,9.319999999999997e-07,0.001,40,0,10000,3.3
1484,-0.013600000000000001,9.36e-07,0.001,40,0,10000,3.3
1485,-0.0128,9.400000000000003e-07,0.001,40,0,10000,3.3
1486,-0.014400000000000001,9.439999999999998e-07,0.001,40,0,10000,3.3
1487,-0.013600000000000001,9.480000000000001e-07,0.001,40,0,10000,3.3
1488,-0.014400000000000001,9.520000000000004e-07,0.001,40,0,10000,3.3
1489,-0.013600000000000001,9.559999999999998e-07,0.001,40,0,10000,3.3
1490,-0.014400000000000001,9.600000000000001e-07,0.001,40,0,10000,3.3
1491,-0.013600000000000001,9.639999999999996e-07,0.001,40,0,10000,3.3
1492,-0.014400000000000001,9.679999999999999e-07,0.001,40,0,10000,3.3
1493,-0.0152,9.720000000000002e-07,0.001,40,0,10000,3.3
1494,-0.012,9.759999999999996e-07,0.001,40,0,10000,3.3
1495,-0.0128,9.8e-07,0.001,40,0,10000,3.3
1496,-0.013600000000000001,9.840000000000002e-07,0.001,40,0,10000,3.3
1497,-0.0128,9.879999999999997e-07,0.001,40,0,10000,3.3
1498,-0.016800000000000002,9.92e-07,0.001,40,0,10000,3.3
1499,-0.0112,9.960000000000003e-07,0.001,40,0,10000,3.3
1500,-0.0128,9.999999999999997e-07,0.001,40,0,10000,3.3
1501,-0.0152,1.004e-06,0.001,40,0,10000,3.3
1502,-0.012,1.0080000000000003e-06,0.001,40,0,10000,3.3
1503,-0.0152,1.0119999999999998e-06,0.001,40,0,10000,3.3
1504,-0.014400000000000001,1.016e-06,0.001,40,0,10000,3.3
1505,-0.0128,1.0199999999999996e-06,0.001,40,0,10000,3.3
1506,-0.016,1.0239999999999999e-06,0.001,40,0,10000,3.3
1507,-0.012,1.0280000000000002e-06,0.001,40,0,10000,3.3
1508,-0.014400000000000001,1.0319999999999996e-06,0.001,40,0,10000,3.3
1509,-0.016,1.036e-06,0.001,40,0,10000,3.3
1510,-0.0128,1.0400000000000002e-06,0.001,40,0,10000,3.3
1511,-0.014400000000000001,1.0439999999999997e-06,0.001,40,0,10000,3.3
1512,-0.0128,1.048e-06,0.001,40,0,10000,3.3
1513,-0.013600000000000001,1.0520000000000003e-06,0.001,40,0,10000,3.3
1514,-0.014400000000000001,1.0559999999999997e-06,0.001,40,0,10000,3.3
1515,-0.013600000000000001,1.06e-06,0.001,40,0,10000,3.3
1516,-0.0128,1.0640000000000003e-06,0.001,40,0,10000,3.3
1517,-0.0128,1.0679999999999998e-06,0.001,40,0,10000,3.3
1518,-0.0128,1.072e-06,0.001,40,0,10000,3.3
1519,-0.0128,1.0760000000000004e-06,0.001,40,0,10000,3.3
1520,-0.013600000000000001,1.0799999999999998e-06,0.001,40,0,10000,3.3
1521,-0.012,1.0840000000000001e-06,0.001,40,0,10000,3.3
1522,-0.013600000000000001,1.0879999999999996e-06,0.001,40,0,10000,3.3
1523,-0.014400000000000001,1.0919999999999999e-06,0.001,40,0,10000,3.3
1524,-0.012,1.0960000000000002e-06,0.001,40,0,10000,3.3
1525,-0.014400000000000001,1.0999999999999996e-06,0.001,40,0,10000,3.3
1526,-0.012,1.104e-06,0.001,40,0,10000,3.3
1527,-0.012,1.1080000000000002e-06,0.001,40,0,10000,3.3
1528,-0.013600000000000001,1.1119999999999997e-06,0.001,40,0,10000,3.3
1529,-0.0128,1.116e-06,0.001,40,0,10000,3.3
1530,-0.013600000000000001,1.1200000000000003e-06,0.001,40,0,10000,3.3
1531,-0.014400000000000001,1.1239999999999997e-06,0.001,40,0,10000,3.3
1532,-0.012,1.128e-06,0.001,40,0,10000,3.3
1533,-0.013600000000000001,1.1320000000000003e-06,0.001,40,0,10000,3.3
1534,-0.012,1.1359999999999998e-06,0.001,40,0,10000,3.3
1535,-0.010400000000000001,1.14e-06,0.001,40,0,10000,3.3
1536,-0.013600000000000001,1.1440000000000004e-06,0.001,40,0,10000,3.3
1537,-0.0112,1.1479999999999999e-06,0.001,40,0,10000,3.3
1538,-0.012,1.1520000000000002e-06,0.001,40,0,10000,3.3
1539,-0.013600000000000001,1.1559999999999996e-06,0.001,40,0,10000,3.3
1540,-0.0088,1.16e-06,0.001,40,0,10000,3.3
1541,-0.014400000000000001,1.1640000000000002e-06,0.001,40,0,10000,3.3
1542,-0.0128,1.1679999999999997e-06,0.001,40,0,10000,3.3
1543,-0.009600000000000001,1.172e-06,0.001,40,0,10000,3.3
1544,-0.0152,1.1760000000000003e-06,0.001,40,0,10000,3.3
1545,-0.012,1.1799999999999997e-06,0.001,40,0,10000,3.3
1546,-0.012,1.184e-06,0.001,40,0,10000,3.3
1547,-0.013600000000000001,1.1880000000000003e-06,0.001,40,0,10000,3.3
1548,-0.012,1.1919999999999998e-06,0.001,40,0,10000,3.3
1549,-0.013600000000000001,1.196e-06,0.001,40,0,10000,3.3
1550,-0.0128,1.2000000000000004e-06,0.001,40,0,10000,3.3
1551,-0.0112,1.2039999999999998e-06,0.001,40,0,10000,3.3
1552,-0.012,1.2080000000000001e-06,0.001,40,0,10000,3.3
1553,-0.012,1.2119999999999996e-06,0.001,40,0,10000,3.3
1554,-0.0128,1.2159999999999999e-06,0.001,40,0,10000,3.3
1555,-0.010400000000000001,1.2200000000000002e-06,0.001,40,0,10000,3.3
1556,-0.0128,1.2239999999999996e-06,0.001,40,0,10000,3.3
1557,-0.010400000000000001,1.228e-06,0.001,40,0,10000,3.3
1558,-0.010400000000000001,1.2320000000000002e-06,0.001,40,0,10000,3.3
1559,-0.016,1.2359999999999997e-06,0.001,40,0,10000,3.3
1560,-0.010400000000000001,1.24e-06,0.001,40,0,10000,3.3
1561,-0.013600000000000001,1.2440000000000003e-06,0.001,40,0,10000,3.3
1562,-0.012,1.2479999999999997e-06,0.001,40,0,10000,3.3
1563,-0.0088,1.252e-06,0.001,40,0,10000,3.3
1564,-0.0152,1.2560000000000003e-06,0.001,40,0,10000,3.3
1565,-0.010400000000000001,1.2599999999999998e-06,0.001,40,0,10000,3.3
1566,-0.0112,1.264e-06,0.001,40,0,10000,3.3
1567,-0.014400000000000001,1.2680000000000004e-06,0.001,40,0,10000,3.3
1568,-0.009600000000000001,1.2719999999999998e-06,0.001,40,0,10000,3.3
1569,-0.014400000000000001,1.2760000000000001e-06,0.001,40,0,10000,3.3
1570,-0.012,1.2799999999999996e-06,0.001,40,0,10000,3.3
1571,-0.0088,1.284e-06,0.001,40,0,10000,3.3
1572,-0.0128,1.2880000000000002e-06,0.001,40,0,10000,3.3
1573,-0.0088,1.2919999999999997e-06,0.001,40,0,10000,3.3
1574,-0.009600000000000001,1.296e-06,0.001,40,0,10000,3.3
1575,-0.013600000000000001,1.3000000000000003e-06,0.001,40,0,10000,3.3
1576,-0.0112,1.3039999999999997e-06,0.001,40,0,10000,3.3
1577,-0.012,1.308e-06,0.001,40,0,10000,3.3
1578,-0.012,1.3120000000000003e-06,0.001,40,0,10000,3.3
1579,-0.008,1.3159999999999998e-06,0.001,40,0,10000,3.3
1580,-0.012,1.32e-06,0.001,40,0,10000,3.3
1581,-0.012,1.3240000000000004e-06,0.001,40,0,10000,3.3
1582,-0.009600000000000001,1.3279999999999998e-06,0.001,40,0,10000,3.3
1583,-0.0128,1.3320000000000001e-06,0.001,40,0,10000,3.3
1584,-0.010400000000000001,1.3359999999999996e-06,0.001,40,0,10000,3.3
1585,-0.009600000000000001,1.3399999999999999e-06,0.001,40,0,10000,3.3
1586,-0.013600000000000001,1.3440000000000002e-06,0.001,40,0,10000,3.3
1587,-0.0088,1.3479999999999996e-06,0.001,40,0,10000,3.3
1588,-0.0128,1.352e-06,0.001,40,0,10000,3.3
1589,-0.0128,1.3560000000000002e-06,0.001,40,0,10000,3.3
1590,-0.0088,1.3599999999999997e-06,0.001,40,0,10000,3.3
1591,-0.012,1.364e-06,0.001,40,0,10000,3.3
1592,-0.0112,1.3680000000000003e-06,0.001,40,0,10000,3.3
1593,-0.012,1.3719999999999997e-06,0.001,40,0,10000,3.3
1594,-0.0112,1.376e-06,0.001,40,0,10000,3.3
1595,-0.009600000000000001,1.3800000000000003e-06,0.001,40,0,10000,3.3
1596,-0.012,1.3839999999999998e-06,0.001,40,0,10000,3.3
1597,-0.010400000000000001,1.388e-06,0.001,40,0,10000,3.3
1598,-0.012,1.3920000000000004e-06,0.001,40,0,10000,3.3
1599,-0.010400000000000001,1.3959999999999998e-06,0.001,40,0,10000,3.3
1600,-0.012,1.4000000000000001e-06,0.001,40,0,10000,3.3
1601,-0.0112,1.4039999999999996e-06,0.001,40,0,10000,3.3
1602,-0.010400000000000001,1.408e-06,0.001,40,0,10000,3.3
1603,-0.0112,1.4120000000000002e-06,0.001,40,0,10000,3.3
1604,-0.010400000000000001,1.4159999999999997e-06,0.001,40,0,10000,3.3
1605,-0.010400000000000001,1.42e-06,0.001,40,0,10000,3.3
1606,-0.012,1.4240000000000003e-06,0.001,40,0,10000,3.3
1607,-0.010400000000000001,1.4279999999999997e-06,0.001,40,0,10000,3.3
1608,-0.010400000000000001,1.432e-06,0.001,40,0,10000,3.3
1609,-0.0112,1.4360000000000003e-06,0.001,40,0,10000,3.3
1610,-0.012,1.4399999999999998e-06,0.001,40,0,10000,3.3
1611,-0.010400000000000001,1.444e-06,0.001,40,0,10000,3.3
1612,-0.010400000000000001,1.4480000000000004e-06,0.001,40,0,10000,3.3
1613,-0.010400000000000001,1.4519999999999998e-06,0.001,40,0,10000,3.3
1614,-0.0112,1.4560000000000001e-06,0.001,40,0,10000,3.3
1615,-0.0112,1.4599999999999996e-06,0.001,40,0,10000,3.3
1616,-0.010400000000000001,1.4639999999999999e-06,0.001,40,0,10000,3.3
1617,-0.0112,1.4680000000000002e-06,0.001,40,0,10000,3.3
1618,-0.0088,1.4719999999999996e-06,0.001,40,0,10000,3.3
1619,-0.010400000000000001,1.476e-06,0.001,40,0,10000,3.3
1620,-0.012,1.4800000000000002e-06,0.001,40,0,10000,3.3
1621,-0.0088,1.4839999999999997e-06,0.001,40,0,10000,3.3
1622,-0.0112,1.488e-06,0.001,40,0,10000,3.3
1623,-0.009600000000000001,1.4920000000000003e-06,0.001,40,0,10000,3.3
1624,-0.010400000000000001,1.4959999999999997e-06,0.001,40,0,10000,3.3
1625,-0.013600000000000001,1.5e-06,0.001,40,0,10000,3.3
1626,-0.0088,1.5040000000000003e-06,0.001,40,0,10000,3.3
1627,-0.009600000000000001,1.5079999999999998e-06,0.001,40,0,10000,3.3
1628,-0.012,1.512e-06,0.001,40,0,10000,3.3
1629,-0.007200000000000001,1.5160000000000004e-06,0.001,40,0,10000,3.3
1630,-0.0128,1.5199999999999998e-06,0.001,40,0,10000,3.3
1631,-0.009600000000000001,1.5240000000000001e-06,0.001,40,0,10000,3.3
1632,-0.0088,1.5279999999999996e-06,0.001,40,0,10000,3.3
1633,-0.013600000000000001,1.532e-06,0.001,40,0,10000,3.3
1634,-0.007200000000000001,1.5360000000000002e-06,0.001,40,0,10000,3.3
1635,-0.010400000000000001,1.5399999999999997e-06,0.001,40,0,10000,3.3
1636,-0.009600000000000001,1.544e-06,0.001,40,0,10000,3.3
1637,-0.0064,1.5480000000000003e-06,0.001,40,0,10000,3.3
1638,-0.013600000000000001,1.5519999999999997e-06,0.001,40,0,10000,3.3
1639,-0.008,1.556e-06,0.001,40,0,10000,3.3
1640,-0.0088,1.5600000000000003e-06,0.001,40,0,10000,3.3
1641,-0.012,1.5639999999999998e-06,0.001,40,0,10000,3.3
1642,-0.0088,1.568e-06,0.001,40,0,10000,3.3
1643,-0.0112,1.5720000000000004e-06,0.001,40,0,10000,3.3
1644,-0.010400000000000001,1.5759999999999998e-06,0.001,40,0,10000,3.3
1645,-0.008,1.5800000000000001e-06,0.001,40,0,10000,3.3
1646,-0.0112,1.5840000000000004e-06,0.001,40,0,10000,3.3
1647,-0.010400000000000001,1.5879999999999999e-06,0.001,40,0,10000,3.3
1648,-0.0112,1.5920000000000002e-06,0.001,40,0,10000,3.3
1649,-0.009600000000000001,1.5959999999999996e-06,0.001,40,0,10000,3.3
1650,-0.0112,1.6e-06,0.001,40,0,10000,3.3
1651,-0.0088,1.6040000000000002e-06,0.001,40,0,10000,3.3
1652,-0.009600000000000001,1.6079999999999997e-06,0.001,40,0,10000,3.3
1653,-0.012,1.612e-06,0.001,40,0,10000,3.3
1654,-0.008,1.6160000000000003e-06,0.001,40,0,10000,3.3
1655,-0.0112,1.6199999999999997e-06,0.001,40,0,10000,3.3
1656,-0.009600000000000001,1.624e-06,0.001,40,0,10000,3.3
1657,-0.0064,1.6280000000000003e-06,0.001,40,0,10000,3.3
1658,-0.014400000000000001,1.6319999999999998e-06,0.001,40,0,10000,3.3
1659,-0.008,1.636e-06,0.001,40,0,10000,3.3
1660,-0.010400000000000001,1.6400000000000004e-06,0.001,40,0,10000,3.3
1661,-0.012,1.6439999999999998e-06,0.001,40,0,10000,3.3
1662,-0.007200000000000001,1.6480000000000001e-06,0.001,40,0,10000,3.3
1663,-0.012,1.6519999999999996e-06,0.001,40,0,10000,3.3
1664,-0.0112,1.656e-06,0.001,40,0,10000,3.3
1665,-0.007200000000000001,1.6600000000000002e-06,0.001,40,0,10000,3.3
1666,-0.0112,1.6639999999999997e-06,0.001,40,0,10000,3.3
1667,-0.008,1.668e-06,0.001,40,0,10000,3.3
1668,-0.009600000000000001,1.6720000000000003e-06,0.001,40,0,10000,3.3
1669,-0.0112,1.6759999999999997e-06,0.001,40,0,10000,3.3
1670,-0.0088,1.68e-06,0.001,40,0,10000,3.3
1671,-0.0088,1.6840000000000003e-06,0.001,40,0,10000,3.3
1672,-0.0112,1.6879999999999998e-06,0.001,40,0,10000,3.3
1673,-0.009600000000000001,1.692e-06,0.001,40,0,10000,3.3
1674,-0.010400000000000001,1.6960000000000004e-06,0.001,40,0,10000,3.3
1675,-0.012,1.6999999999999998e-06,0.001,40,0,10000,3.3
1676,-0.008,1.7040000000000001e-06,0.001,40,0,10000,3.3
1677,-0.009600000000000001,1.7080000000000004e-06,0.001,40,0,10000,3.3
1678,-0.010400000000000001,1.7119999999999999e-06,0.001,40,0,10000,3.3
1679,-0.008,1.7160000000000002e-06,0.001,40,0,10000,3.3
1680,-0.012,1.7199999999999996e-06,0.001,40,0,10000,3.3
1681,-0.009600000000000001,1.724e-06,0.001,40,0,10000,3.3
1682,-0.007200000000000001,1.7280000000000002e-06,0.001,40,0,10000,3.3
1683,-0.0128,1.7319999999999997e-06,0.001,40,0,10000,3.3
1684,-0.0056,1.736e-06,0.001,40,0,10000,3.3
1685,-0.010400000000000001,1.7400000000000003e-06,0.001,40,0,10000,3.3
1686,-0.012,1.7439999999999997e-06,0.001,40,0,10000,3.3
1687,-0.0056,1.748e-06,0.001,40,0,10000,3.3
1688,-0.012,1.7520000000000003e-06,0.001,40,0,10000,3.3
1689,-0.007200000000000001,1.7559999999999998e-06,0.001,40,0,10000,3.3
1690,-0.009600000000000001,1.76e-06,0.001,40,0,10000,3.3
1691,-0.0112,1.7640000000000004e-06,0.001,40,0,10000,3.3
1692,-0.008,1.7679999999999998e-06,0.001,40,0,10000,3.3
1693,-0.012,1.7720000000000001e-06,0.001,40,0,10000,3.3
1694,-0.008,1.7759999999999996e-06,0.001,40,0,10000,3.3
1695,-0.0088,1.78e-06,0.001,40,0,10000,3.3
1696,-0.009600000000000001,1.7840000000000002e-06,0.001,40,0,10000,3.3
1697,-0.008,1.7879999999999997e-06,0.001,40,0,10000,3.3
1698,-0.010400000000000001,1.792e-06,0.001,40,0,10000,3.3
1699,-0.007200000000000001,1.7960000000000003e-06,0.001,40,0,10000,3.3
1700,-0.010400000000000001,1.7999999999999997e-06,0.001,40,0,10000,3.3
1701,-0.0088,1.804e-06,0.001,40,0,10000,3.3
1702,-0.008,1.8080000000000003e-06,0.001,40,0,10000,3.3
1703,-0.012,1.8119999999999998e-06,0.001,40,0,10000,3.3
1704,-0.0064,1.816e-06,0.001,40,0,10000,3.3
1705,-0.0088,1.8200000000000004e-06,0.001,40,0,10000,3.3
1706,-0.010400000000000001,1.8239999999999998e-06,0.001,40,0,10000,3.3
1707,-0.0056,1.8280000000000001e-06,0.001,40,0,10000,3.3
1708,-0.0128,1.8320000000000004e-06,0.001,40,0,10000,3.3
1709,-0.008,1.8359999999999999e-06,0.001,40,0,10000,3.3
1710,-0.0064,1.8400000000000002e-06,0.001,40,0,10000,3.3
1711,-0.0128,1.8439999999999996e-06,0.001,40,0,10000,3.3
1712,-0.0056,1.848e-06,0.001,40,0,10000,3.3
1713,-0.010400000000000001,1.8520000000000002e-06,0.001,40,0,10000,3.3
1714,-0.010400000000000001,1.8559999999999997e-06,0.001,40,0,10000,3.3
1715,-0.0056,1.86e-06,0.001,40,0,10000,3.3
1716,-0.0128,1.8640000000000003e-06,0.001,40,0,10000,3.3
1717,-0.0064,1.8679999999999997e-06,0.001,40,0,10000,3.3
1718,-0.007200000000000001,1.872e-06,0.001,40,0,10000,3.3
1719,-0.0112,1.8760000000000003e-06,0.001,40,0,10000,3.3
1720,-0.0056,1.8799999999999998e-06,0.001,40,0,10000,3.3
1721,-0.010400000000000001,1.884e-06,0.001,40,0,10000,3.3
1722,-0.009600000000000001,1.8880000000000004e-06,0.001,40,0,10000,3.3
1723,-0.007200000000000001,1.8919999999999998e-06,0.001,40,0,10000,3.3
1724,-0.0112,1.8960000000000001e-06,0.001,40,0,10000,3.3
1725,-0.0064,1.9000000000000004e-06,0.001,40,0,10000,3.3
1726,-0.008,1.904e-06,0.001,40,0,10000,3.3
1727,-0.010400000000000001,1.908e-06,0.001,40,0,10000,3.3
1728,-0.007200000000000001,1.9119999999999997e-06,0.001,40,0,10000,3.3
1729,-0.0088,1.916e-06,0.001,40,0,10000,3.3
1730,-0.008,1.9200000000000003e-06,0.001,40,0,10000,3.3
1731,-0.008,1.9239999999999997e-06,0.001,40,0,10000,3.3
1732,-0.0088,1.928e-06,0.001,40,0,10000,3.3
1733,-0.0088,1.9320000000000003e-06,0.001,40,0,10000,3.3
1734,-0.0056,1.9359999999999998e-06,0.001,40,0,10000,3.3
1735,-0.008,1.94e-06,0.001,40,0,10000,3.3
1736,-0.009600000000000001,1.9440000000000004e-06,0.001,40,0,10000,3.3
1737,-0.008,1.948e-06,0.001,40,0,10000,3.3
1738,-0.010400000000000001,1.952e-06,0.001,40,0,10000,3.3
1739,-0.007200000000000001,1.9560000000000004e-06,0.001,40,0,10000,3.3
1740,-0.007200000000000001,1.96e-06,0.001,40,0,10000,3.3
1741,-0.009600000000000001,1.964e-06,0.001,40,0,10000,3.3
1742,-0.0064,1.9679999999999996e-06,0.001,40,0,10000,3.3
1743,-0.010400000000000001,1.972e-06,0.001,40,0,10000,3.3
1744,-0.009600000000000001,1.9760000000000002e-06,0.001,40,0,10000,3.3
1745,-0.0064,1.9799999999999997e-06,0.001,40,0,10000,3.3
1746,-0.0088,1.984e-06,0.001,40,0,10000,3.3
1747,-0.007200000000000001,1.9880000000000003e-06,0.001,40,0,10000,3.3
1748,-0.008,1.9919999999999997e-06,0.001,40,0,10000,3.3
1749,-0.010400000000000001,1.996e-06,0.001,40,0,10000,3.3
1750,-0.007200000000000001,2.0000000000000003e-06,0.001,40,0,10000,3.3
1751,-0.0088,2.0039999999999998e-06,0.001,40,0,10000,3.3
1752,-0.008,2.008e-06,0.001,40,0,10000,3.3
1753,-0.008,2.0120000000000004e-06,0.001,40,0,10000,3.3
1754,-0.007200000000000001,2.016e-06,0.001,40,0,10000,3.3
1755,-0.0088,2.02e-06,0.001,40,0,10000,3.3
1756,-0.008,2.0240000000000004e-06,0.001,40,0,10000,3.3
1757,-0.0064,2.028e-06,0.001,40,0,10000,3.3
1758,-0.010400000000000001,2.032e-06,0.001,40,0,10000,3.3
1759,-0.0064,2.0359999999999996e-06,0.001,40,0,10000,3.3
1760,-0.008,2.04e-06,0.001,40,0,10000,3.3
1761,-0.012,2.0440000000000003e-06,0.001,40,0,10000,3.3
1762,-0.0048000000000000004,2.0479999999999997e-06,0.001,40,0,10000,3.3
1763,-0.0088,2.052e-06,0.001,40,0,10000,3.3
1764,-0.008,2.0560000000000003e-06,0.001,40,0,10000,3.3
1765,-0.0048000000000000004,2.0599999999999998e-06,0.001,40,0,10000,3.3
1766,-0.0128,2.064e-06,0.001,40,0,10000,3.3
1767,-0.0056,2.0680000000000004e-06,0.001,40,0,10000,3.3
1768,-0.007200000000000001,2.072e-06,0.001,40,0,10000,3.3
1769,-0.010400000000000001,2.076e-06,0.001,40,0,10000,3.3
1770,-0.0032,2.0800000000000004e-06,0.001,40,0,10000,3.3
1771,-0.010400000000000001,2.084e-06,0.001,40,0,10000,3.3
1772,-0.007200000000000001,2.088e-06,0.001,40,0,10000,3.3
1773,-0.0056,2.0919999999999996e-06,0.001,40,0,10000,3.3
1774,-0.010400000000000001,2.096e-06,0.001,40,0,10000,3.3
1775,-0.0064,2.1000000000000002e-06,0.001,40,0,10000,3.3
1776,-0.008,2.1039999999999997e-06,0.001,40,0,10000,3.3
1777,-0.009600000000000001,2.108e-06,0.001,40,0,10000,3.3
1778,-0.0064,2.1120000000000003e-06,0.001,40,0,10000,3.3
1779,-0.008,2.1159999999999997e-06,0.001,40,0,10000,3.3
1780,-0.0088,2.12e-06,0.001,40,0,10000,3.3
1781,-0.007200000000000001,2.1240000000000003e-06,0.001,40,0,10000,3.3
1782,-0.0088,2.1279999999999998e-06,0.001,40,0,10000,3.3
1783,-0.0088,2.132e-06,0.001,40,0,10000,3.3
1784,-0.0056,2.1360000000000004e-06,0.001,40,0,10000,3.3
1785,-0.008,2.14e-06,0.001,40,0,10000,3.3
1786,-0.0088,2.144e-06,0.001,40,0,10000,3.3
1787,-0.007200000000000001,2.1480000000000004e-06,0.001,40,0,10000,3.3
1788,-0.009600000000000001,2.152e-06,0.001,40,0,10000,3.3
1789,-0.007200000000000001,2.156e-06,0.001,40,0,10000,3.3
1790,-0.0064,2.1599999999999996e-06,0.001,40,0,10000,3.3
1791,-0.009600000000000001,2.164e-06,0.001,40,0,10000,3.3
1792,-0.0056,2.1680000000000002e-06,0.001,40,0,10000,3.3
1793,-0.0088,2.1719999999999997e-06,0.001,40,0,10000,3.3
1794,-0.008,2.176e-06,0.001,40,0,10000,3.3
1795,-0.0056,2.1800000000000003e-06,0.001,40,0,10000,3.3
1796,-0.008,2.1839999999999998e-06,0.001,40,0,10000,3.3
1797,-0.0056,2.188e-06,0.001,40,0,10000,3.3
1798,-0.007200000000000001,2.1920000000000004e-06,0.001,40,0,10000,3.3
1799,-0.008,2.196e-06,0.001,40,0,10000,3.3
1800,-0.008,2.2e-06,0.001,40,0,10000,3.3
1801,-0.007200000000000001,2.2040000000000004e-06,0.001,40,0,10000,3.3
1802,-0.0064,2.208e-06,0.001,40,0,10000,3.3
1803,-0.0088,2.212e-06,0.001,40,0,10000,3.3
1804,-0.008,2.2159999999999996e-06,0.001,40,0,10000,3.3
1805,-0.007200000000000001,2.22e-06,0.001,40,0,10000,3.3
1806,-0.008,2.2240000000000002e-06,0.001,40,0,10000,3.3
1807,-0.0064,2.2279999999999997e-06,0.001,40,0,10000,3.3
1808,-0.010400000000000001,2.232e-06,0.001,40,0,10000,3.3
1809,-0.0056,2.2360000000000003e-06,0.001,40,0,10000,3.3
1810,-0.0064,2.2399999999999997e-06,0.001,40,0,10000,3.3
1811,-0.010400000000000001,2.244e-06,0.001,40,0,10000,3.3
1812,-0.004,2.2480000000000003e-06,0.001,40,0,10000,3.3
1813,-0.0088,2.2519999999999998e-06,0.001,40,0,10000,3.3
1814,-0.007200000000000001,2.256e-06,0.001,40,0,10000,3.3
1815,-0.0056,2.2600000000000004e-06,0.001,40,0,10000,3.3
1816,-0.009600000000000001,2.264e-06,0.001,40,0,10000,3.3
1817,-0.0056,2.268e-06,0.001,40,0,10000,3.3
1818,-0.007200000000000001,2.2720000000000004e-06,0.001,40,0,10000,3.3
1819,-0.009600000000000001,2.276e-06,0.001,40,0,10000,3.3
1820,-0.004,2.28e-06,0.001,40,0,10000,3.3
1821,-0.0088,2.2839999999999996e-06,0.001,40,0,10000,3.3
1822,-0.008,2.288e-06,0.001,40,0,10000,3.3
1823,-0.0048000000000000004,2.2920000000000002e-06,0.001,40,0,10000,3.3
1824,-0.0088,2.2959999999999997e-06,0.001,40,0,10000,3.3
1825,-0.0056,2.3e-06,0.001,40,0,10000,3.3
1826,-0.008,2.3040000000000003e-06,0.001,40,0,10000,3.3
1827,-0.008,2.3079999999999998e-06,0.001,40,0,10000,3.3
1828,-0.0064,2.312e-06,0.001,40,0,10000,3.3
1829,-0.007200000000000001,2.3160000000000004e-06,0.001,40,0,10000,3.3
1830,-0.008,2.32e-06,0.001,40,0,10000,3.3
1831,-0.0064,2.324e-06,0.001,40,0,10000,3.3
1832,-0.0088,2.3280000000000004e-06,0.001,40,0,10000,3.3
1833,-0.007200000000000001,2.332e-06,0.001,40,0,10000,3.3
1834,-0.0056,2.336e-06,0.001,40,0,10000,3.3
1835,-0.008,2.3400000000000005e-06,0.001,40,0,10000,3.3
1836,-0.007200000000000001,2.344e-06,0.001,40,0,10000,3.3
1837,-0.007200000000000001,2.3480000000000002e-06,0.001,40,0,10000,3.3
1838,-0.008,2.3519999999999997e-06,0.001,40,0,10000,3.3
1839,-0.0064,2.356e-06,0.001,40,0,10000,3.3
1840,-0.007200000000000001,2.3600000000000003e-06,0.001,40,0,10000,3.3
1841,-0.0088,2.3639999999999997e-06,0.001,40,0,10000,3.3
1842,-0.0056,2.368e-06,0.001,40,0,10000,3.3
1843,-0.007200000000000001,2.3720000000000003e-06,0.001,40,0,10000,3.3
1844,-0.0088,2.3759999999999998e-06,0.001,40,0,10000,3.3
1845,-0.0056,2.38e-06,0.001,40,0,10000,3.3
1846,-0.0088,2.3840000000000004e-06,0.001,40,0,10000,3.3
1847,-0.008,2.388e-06,0.001,40,0,10000,3.3
1848,-0.0264,2.392e-06,0.001,40,0,10000,3.3
1849,-0.031200000000000002,2.3960000000000004e-06,0.001,40,0,10000,3.3
1850,-0.016800000000000002,2.4e-06,0.001,40,0,10000,3.3
1851,-0.012,2.404e-06,0.001,40,0,10000,3.3
1852,-0.009600000000000001,2.4079999999999996e-06,0.001,40,0,10000,3.3
1853,-0.016,2.412e-06,0.001,40,0,10000,3.3
1854,-0.028,2.4160000000000002e-06,0.001,40,0,10000,3.3
1855,-0.020800000000000003,2.4199999999999997e-06,0.001,40,0,10000,3.3
1856,-0.013600000000000001,2.424e-06,0.001,40,0,10000,3.3
1857,-0.0128,2.4280000000000003e-06,0.001,40,0,10000,3.3
1858,-0.0112,2.4319999999999998e-06,0.001,40,0,10000,3.3
1859,-0.0224,2.436e-06,0.001,40,0,10000,3.3
1860,-0.0256,2.4400000000000004e-06,0.001,40,0,10000,3.3
1861,-0.0152,2.444e-06,0.001,40,0,10000,3.3
1862,-0.0128,2.448e-06,0.001,40,0,10000,3.3
1863,-0.0112,2.4520000000000004e-06,0.001,40,0,10000,3.3
1864,-0.016800000000000002,2.456e-06,0.001,40,0,10000,3.3
1865,-0.023200000000000002,2.46e-06,0.001,40,0,10000,3.3
1866,-0.02,2.4640000000000005e-06,0.001,40,0,10000,3.3
1867,-0.014400000000000001,2.468e-06,0.001,40,0,10000,3.3
1868,-0.010400000000000001,2.4720000000000002e-06,0.001,40,0,10000,3.3
1869,-0.016,2.4759999999999997e-06,0.001,40,0,10000,3.3
1870,-0.020800000000000003,2.48e-06,0.001,40,0,10000,3.3
1871,-0.02,2.4840000000000003e-06,0.001,40,0,10000,3.3
1872,-0.0176,2.4879999999999997e-06,0.001,40,0,10000,3.3
1873,-0.0112,2.492e-06,0.001,40,0,10000,3.3
1874,-0.0152,2.4960000000000003e-06,0.001,40,0,10000,3.3
1875,-0.016800000000000002,2.4999999999999998e-06,0.001,40,0,10000,3.3
1876,-0.0184,2.504e-06,0.001,40,0,10000,3.3
1877,-0.041600000000000005,2.5080000000000004e-06,0.001,40,0,10000,3.3
1878,-0.0376,2.512e-06,0.001,40,0,10000,3.3
1879,-0.031200000000000002,2.516e-06,0.001,40,0,10000,3.3
1880,-0.023200000000000002,2.5200000000000004e-06,0.001,40,0,10000,3.3
1881,-0.0176,2.524e-06,0.001,40,0,10000,3.3
1882,-0.0296,2.528e-06,0.001,40,0,10000,3.3
1883,-0.0376,2.5319999999999996e-06,0.001,40,0,10000,3.3
1884,-0.0328,2.536e-06,0.001,40,0,10000,3.3
1885,-0.028,2.5400000000000002e-06,0.001,40,0,10000,3.3
1886,-0.020800000000000003,2.5439999999999997e-06,0.001,40,0,10000,3.3
1887,-0.023200000000000002,2.548e-06,0.001,40,0,10000,3.3
1888,-0.0352,2.5520000000000003e-06,0.001,40,0,10000,3.3
1889,-0.033600000000000005,2.5559999999999998e-06,0.001,40,0,10000,3.3
1890,-0.028800000000000003,2.56e-06,0.001,40,0,10000,3.3
1891,-0.0256,2.5640000000000004e-06,0.001,40,0,10000,3.3
1892,-0.02,2.568e-06,0.001,40,0,10000,3.3
1893,-0.0304,2.572e-06,0.001,40,0,10000,3.3
1894,-0.0352,2.5760000000000004e-06,0.001,40,0,10000,3.3
1895,-0.0304,2.58e-06,0.001,40,0,10000,3.3
1896,-0.028,2.584e-06,0.001,40,0,10000,3.3
1897,-0.023200000000000002,2.5880000000000005e-06,0.001,40,0,10000,3.3
1898,-0.0256,2.592e-06,0.001,40,0,10000,3.3
1899,-0.033600000000000005,2.5960000000000002e-06,0.001,40,0,10000,3.3
1900,-0.0304,2.5999999999999997e-06,0.001,40,0,10000,3.3
1901,-0.028800000000000003,2.604e-06,0.001,40,0,10000,3.3
1902,-0.024800000000000003,2.6080000000000003e-06,0.001,40,0,10000,3.3
1903,-0.024,2.6119999999999997e-06,0.001,40,0,10000,3.3
1904,-0.0304,2.616e-06,0.001,40,0,10000,3.3
1905,-0.032,2.6200000000000003e-06,0.001,40,0,10000,3.3
1906,-0.0296,2.6239999999999998e-06,0.001,40,0,10000,3.3
1907,-0.027200000000000002,2.628e-06,0.001,40,0,10000,3.3
1908,-0.024,2.6320000000000004e-06,0.001,40,0,10000,3.3
1909,-0.028,2.6360000000000007e-06,0.001,40,0,10000,3.3
1910,-0.031200000000000002,2.6399999999999993e-06,0.001,40,0,10000,3.3
1911,-0.032,2.6439999999999996e-06,0.001,40,0,10000,3.3
1912,-0.027200000000000002,2.648e-06,0.001,40,0,10000,3.3
1913,-0.0256,2.652e-06,0.001,40,0,10000,3.3
1914,-0.024800000000000003,2.6560000000000005e-06,0.001,40,0,10000,3.3
1915,-0.028,2.660000000000001e-06,0.001,40,0,10000,3.3
1916,-0.0296,2.6639999999999994e-06,0.001,40,0,10000,3.3
1917,-0.027200000000000002,2.6679999999999997e-06,0.001,40,0,10000,3.3
1918,-0.0264,2.672e-06,0.001,40,0,10000,3.3
1919,-0.024800000000000003,2.6760000000000003e-06,0.001,40,0,10000,3.3
1920,-0.027200000000000002,2.6800000000000006e-06,0.001,40,0,10000,3.3
1921,-0.0296,2.684000000000001e-06,0.001,40,0,10000,3.3
1922,-0.0296,2.6879999999999995e-06,0.001,40,0,10000,3.3
1923,-0.028,2.692e-06,0.001,40,0,10000,3.3
1924,-0.024800000000000003,2.696e-06,0.001,40,0,10000,3.3
1925,-0.027200000000000002,2.7000000000000004e-06,0.001,40,0,10000,3.3
1926,-0.032,2.7040000000000007e-06,0.001,40,0,10000,3.3
1927,-0.031200000000000002,2.7079999999999993e-06,0.001,40,0,10000,3.3
1928,-0.028,2.7119999999999996e-06,0.001,40,0,10000,3.3
1929,-0.0264,2.716e-06,0.001,40,0,10000,3.3
1930,-0.027200000000000002,2.7200000000000002e-06,0.001,40,0,10000,3.3
1931,-0.0296,2.7240000000000005e-06,0.001,40,0,10000,3.3
1932,-0.0304,2.728000000000001e-06,0.001,40,0,10000,3.3
1933,-0.0304,2.7319999999999994e-06,0.001,40,0,10000,3.3
1934,-0.0264,2.7359999999999997e-06,0.001,40,0,10000,3.3
1935,-0.028,2.74e-06,0.001,40,0,10000,3.3
1936,-0.028,2.7440000000000003e-06,0.001,40,0,10000,3.3
1937,-0.0304,2.7480000000000006e-06,0.001,40,0,10000,3.3
1938,-0.0304,2.7519999999999992e-06,0.001,40,0,10000,3.3
1939,-0.0264,2.7559999999999995e-06,0.001,40,0,10000,3.3
1940,-0.0264,2.76e-06,0.001,40,0,10000,3.3
1941,-0.028,2.764e-06,0.001,40,0,10000,3.3
1942,-0.027200000000000002,2.7680000000000004e-06,0.001,40,0,10000,3.3
1943,-0.031200000000000002,2.7720000000000007e-06,0.001,40,0,10000,3.3
1944,-0.027200000000000002,2.7759999999999993e-06,0.001,40,0,10000,3.3
1945,-0.027200000000000002,2.7799999999999996e-06,0.001,40,0,10000,3.3
1946,-0.028800000000000003,2.784e-06,0.001,40,0,10000,3.3
1947,-0.0256,2.7880000000000002e-06,0.001,40,0,10000,3.3
1948,-0.0304,2.7920000000000005e-06,0.001,40,0,10000,3.3
1949,-0.028,2.796000000000001e-06,0.001,40,0,10000,3.3
1950,-0.0256,2.7999999999999994e-06,0.001,40,0,10000,3.3
1951,-0.028800000000000003,2.8039999999999998e-06,0.001,40,0,10000,3.3
1952,-0.024800000000000003,2.808e-06,0.001,40,0,10000,3.3
1953,-0.0296,2.8120000000000004e-06,0.001,40,0,10000,3.3
1954,-0.028,2.8160000000000007e-06,0.001,40,0,10000,3.3
1955,-0.0264,2.8199999999999993e-06,0.001,40,0,10000,3.3
1956,-0.028800000000000003,2.8239999999999996e-06,0.001,40,0,10000,3.3
1957,-0.0256,2.828e-06,0.001,40,0,10000,3.3
1958,-0.027200000000000002,2.832e-06,0.001,40,0,10000,3.3
1959,-0.0296,2.8360000000000005e-06,0.001,40,0,10000,3.3
1960,-0.0264,2.8400000000000008e-06,0.001,40,0,10000,3.3
1961,-0.028,2.8439999999999994e-06,0.001,40,0,10000,3.3
1962,-0.0256,2.8479999999999997e-06,0.001,40,0,10000,3.3
1963,-0.028800000000000003,2.852e-06,0.001,40,0,10000,3.3
1964,-0.027200000000000002,2.8560000000000003e-06,0.001,40,0,10000,3.3
1965,-0.027200000000000002,2.8600000000000006e-06,0.001,40,0,10000,3.3
1966,-0.028,2.864000000000001e-06,0.001,40,0,10000,3.3
1967,-0.024800000000000003,2.8679999999999995e-06,0.001,40,0,10000,3.3
1968,-0.028800000000000003,2.8719999999999998e-06,0.001,40,0,10000,3.3
1969,-0.027200000000000002,2.876e-06,0.001,40,0,10000,3.3
1970,-0.024800000000000003,2.8800000000000004e-06,0.001,40,0,10000,3.3
1971,-0.0304,2.8840000000000007e-06,0.001,40,0,10000,3.3
1972,-0.023200000000000002,2.8879999999999993e-06,0.001,40,0,10000,3.3
1973,-0.0264,2.8919999999999996e-06,0.001,40,0,10000,3.3
1974,-0.028800000000000003,2.896e-06,0.001,40,0,10000,3.3
1975,-0.023200000000000002,2.9e-06,0.001,40,0,10000,3.3
1976,-0.0304,2.9040000000000005e-06,0.001,40,0,10000,3.3
1977,-0.0256,2.9080000000000008e-06,0.001,40,0,10000,3.3
1978,-0.0256,2.9119999999999994e-06,0.001,40,0,10000,3.3
1979,-0.028800000000000003,2.9159999999999997e-06,0.001,40,0,10000,3.3
1980,-0.024,2.92e-06,0.001,40,0,10000,3.3
1981,-0.027200000000000002,2.9240000000000003e-06,0.001,40,0,10000,3.3
1982,-0.027200000000000002,2.9280000000000006e-06,0.001,40,0,10000,3.3
1983,-0.0256,2.932000000000001e-06,0.001,40,0,10000,3.3
1984,-0.027200000000000002,2.9359999999999995e-06,0.001,40,0,10000,3.3
1985,-0.028,2.94e-06,0.001,40,0,10000,3.3
1986,-0.027200000000000002,2.944e-06,0.001,40,0,10000,3.3
1987,-0.0264,2.9480000000000004e-06,0.001,40,0,10000,3.3
1988,-0.0264,2.9520000000000007e-06,0.001,40,0,10000,3.3
1989,-0.024800000000000003,2.9559999999999993e-06,0.001,40,0,10000,3.3
1990,-0.027200000000000002,2.9599999999999996e-06,0.001,40,0,10000,3.3
1991,-0.0264,2.964e-06,0.001,40,0,10000,3.3
1992,-0.024800000000000003,2.9680000000000002e-06,0.001,40,0,10000,3.3
1993,-0.028,2.9720000000000005e-06,0.001,40,0,10000,3.3
1994,-0.024,2.976000000000001e-06,0.001,40,0,10000,3.3
1995,-0.0256,2.9799999999999994e-06,0.001,40,0,10000,3.3
1996,-0.028800000000000003,2.9839999999999997e-06,0.001,40,0,10000,3.3
1997,-0.024,2.988e-06,0.001,40,0,10000,3.3
1998,-0.0264,2.9920000000000003e-06,0.001,40,0,10000,3.3
1999,-0.024,2.9960000000000006e-06,0.001,40,0,10000,3.3
2000,-0.023200000000000002,3.000000000000001e-06,0.001,40,0,10000,3.3
2001,-0.028,3.0039999999999995e-06,0.001,40,0,10000,3.3
2002,-0.023200000000000002,3.008e-06,0.001,40,0,10000,3.3
2003,-0.027200000000000002,3.012e-06,0.001,40,0,10000,3.3
2004,-0.0264,3.0160000000000004e-06,0.001,40,0,10000,3.3
2005,-0.024800000000000003,3.0200000000000007e-06,0.001,40,0,10000,3.3
2006,-0.027200000000000002,3.0239999999999993e-06,0.001,40,0,10000,3.3
2007,-0.0224,3.0279999999999996e-06,0.001,40,0,10000,3.3
2008,-0.0264,3.032e-06,0.001,40,0,10000,3.3
2009,-0.0264,3.0360000000000002e-06,0.001,40,0,10000,3.3
2010,-0.024,3.0400000000000005e-06,0.001,40,0,10000,3.3
2011,-0.0264,3.044000000000001e-06,0.001,40,0,10000,3.3
2012,-0.023200000000000002,3.0479999999999994e-06,0.001,40,0,10000,3.3
2013,-0.0256,3.0519999999999997e-06,0.001,40,0,10000,3.3
2014,-0.024800000000000003,3.056e-06,0.001,40,0,10000,3.3
2015,-0.023200000000000002,3.0600000000000003e-06,0.001,40,0,10000,3.3
2016,-0.028,3.0640000000000006e-06,0.001,40,0,10000,3.3
2017,-0.023200000000000002,3.0679999999999993e-06,0.001,40,0,10000,3.3
2018,-0.0256,3.0719999999999996e-06,0.001,40,0,10000,3.3
2019,-0.0256,3.076e-06,0.001,40,0,10000,3.3
2020,-0.0224,3.08e-06,0.001,40,0,10000,3.3
2021,-0.028800000000000003,3.0840000000000005e-06,0.001,40,0,10000,3.3
2022,-0.023200000000000002,3.0880000000000008e-06,0.001,40,0,10000,3.3
2023,-0.024,3.0919999999999994e-06,0.001,40,0,10000,3.3
2024,-0.027200000000000002,3.0959999999999997e-06,0.001,40,0,10000,3.3
2025,-0.0224,3.1e-06,0.001,40,0,10000,3.3
2026,-0.027200000000000002,3.1040000000000003e-06,0.001,40,0,10000,3.3
2027,-0.024800000000000003,3.1080000000000006e-06,0.001,40,0,10000,3.3
2028,-0.024,3.112000000000001e-06,0.001,40,0,10000,3.3
2029,-0.028,3.1159999999999995e-06,0.001,40,0,10000,3.3
2030,-0.0224,3.1199999999999998e-06,0.001,40,0,10000,3.3
2031,-0.0256,3.124e-06,0.001,40,0,10000,3.3
2032,-0.024,3.1280000000000004e-06,0.001,40,0,10000,3.3
2033,-0.020800000000000003,3.1320000000000007e-06,0.001,40,0,10000,3.3
2034,-0.0264,3.1359999999999993e-06,0.001,40,0,10000,3.3
2035,-0.0224,3.1399999999999996e-06,0.001,40,0,10000,3.3
2036,-0.024800000000000003,3.144e-06,0.001,40,0,10000,3.3
2037,-0.0264,3.148e-06,0.001,40,0,10000,3.3
2038,-0.020800000000000003,3.1520000000000005e-06,0.001,40,0,10000,3.3
2039,-0.024800000000000003,3.1560000000000008e-06,0.001,40,0,10000,3.3
2040,-0.024800000000000003,3.1599999999999994e-06,0.001,40,0,10000,3.3
2041,-0.023200000000000002,3.1639999999999997e-06,0.001,40,0,10000,3.3
2042,-0.0256,3.168e-06,0.001,40,0,10000,3.3
2043,-0.0224,3.1720000000000003e-06,0.001,40,0,10000,3.3
2044,-0.023200000000000002,3.1760000000000006e-06,0.001,40,0,10000,3.3
2045,-0.0256,3.180000000000001e-06,0.001,40,0,10000,3.3
2046,-0.023200000000000002,3.1839999999999995e-06,0.001,40,0,10000,3.3
2047,-0.023200000000000002,3.188e-06,0.001,40,0,10000,3.3
2048,-0.024800000000000003,3.192e-06,0.001,40,0,10000,3.3
2049,-0.023200000000000002,3.1960000000000004e-06,0.001,40,0,10000,3.3
2050,-0.023200000000000002,3.2000000000000007e-06,0.001,40,0,10000,3.3
2051,-0.023200000000000002,3.2039999999999993e-06,0.001,40,0,10000,3.3
2052,-0.0224,3.2079999999999996e-06,0.001,40,0,10000,3.3
2053,-0.024,3.212e-06,0.001,40,0,10000,3.3
2054,-0.023200000000000002,3.216e-06,0.001,40,0,10000,3.3
2055,-0.0216,3.2200000000000005e-06,0.001,40,0,10000,3.3
2056,-0.024800000000000003,3.224000000000001e-06,0.001,40,0,10000,3.3
2057,-0.0224,3.2279999999999994e-06,0.001,40,0,10000,3.3
2058,-0.024,3.2319999999999997e-06,0.001,40,0,10000,3.3
2059,-0.024,3.236e-06,0.001,40,0,10000,3.3
2060,-0.0216,3.2400000000000003e-06,0.001,40,0,10000,3.3
2061,-0.023200000000000002,3.2440000000000006e-06,0.001,40,0,10000,3.3
2062,-0.023200000000000002,3.248000000000001e-06,0.001,40,0,10000,3.3
2063,-0.023200000000000002,3.2519999999999995e-06,0.001,40,0,10000,3.3
2064,-0.023200000000000002,3.256e-06,0.001,40,0,10000,3.3
2065,-0.024,3.26e-06,0.001,40,0,10000,3.3
2066,-0.0224,3.2640000000000004e-06,0.001,40,0,10000,3.3
2067,-0.0224,3.2680000000000007e-06,0.001,40,0,10000,3.3
2068,-0.024,3.2719999999999993e-06,0.001,40,0,10000,3.3
2069,-0.020800000000000003,3.2759999999999996e-06,0.001,40,0,10000,3.3
2070,-0.0224,3.28e-06,0.001,40,0,10000,3.3
2071,-0.024,3.2840000000000002e-06,0.001,40,0,10000,3.3
2072,-0.020800000000000003,3.2880000000000005e-06,0.001,40,0,10000,3.3
2073,-0.0224,3.292000000000001e-06,0.001,40,0,10000,3.3
2074,-0.0216,3.2959999999999994e-06,0.001,40,0,10000,3.3
2075,-0.02,3.2999999999999997e-06,0.001,40,0,10000,3.3
2076,-0.0256,3.304e-06,0.001,40,0,10000,3.3
2077,-0.0216,3.3080000000000003e-06,0.001,40,0,10000,3.3
2078,-0.02,3.3120000000000006e-06,0.001,40,0,10000,3.3
2079,-0.0256,3.316000000000001e-06,0.001,40,0,10000,3.3
2080,-0.0176,3.3199999999999996e-06,0.001,40,0,10000,3.3
2081,-0.024,3.324e-06,0.001,40,0,10000,3.3
2082,-0.024,3.328e-06,0.001,40,0,10000,3.3
2083,-0.0184,3.3320000000000005e-06,0.001,40,0,10000,3.3
2084,-0.0264,3.3360000000000008e-06,0.001,40,0,10000,3.3
2085,-0.02,3.3399999999999994e-06,0.001,40,0,10000,3.3
2086,-0.0224,3.3439999999999997e-06,0.001,40,0,10000,3.3
2087,-0.024800000000000003,3.348e-06,0.001,40,0,10000,3.3
2088,-0.0184,3.3520000000000003e-06,0.001,40,0,10000,3.3
2089,-0.023200000000000002,3.3560000000000006e-06,0.001,40,0,10000,3.3
2090,-0.020800000000000003,3.360000000000001e-06,0.001,40,0,10000,3.3
2091,-0.019200000000000002,3.3639999999999995e-06,0.001,40,0,10000,3.3
2092,-0.023200000000000002,3.3679999999999998e-06,0.001,40,0,10000,3.3
2093,-0.0216,3.372e-06,0.001,40,0,10000,3.3
2094,-0.02,3.3760000000000004e-06,0.001,40,0,10000,3.3
2095,-0.024,3.3800000000000007e-06,0.001,40,0,10000,3.3
2096,-0.0216,3.3839999999999993e-06,0.001,40,0,10000,3.3
2097,-0.019200000000000002,3.3879999999999996e-06,0.001,40,0,10000,3.3
2098,-0.0216,3.392e-06,0.001,40,0,10000,3.3
2099,-0.019200000000000002,3.396e-06,0.001,40,0,10000,3.3
2100,-0.020800000000000003,3.4000000000000005e-06,0.001,40,0,10000,3.3
2101,-0.023200000000000002,3.4040000000000008e-06,0.001,40,0,10000,3.3
2102,-0.019200000000000002,3.4079999999999994e-06,0.001,40,0,10000,3.3
2103,-0.020800000000000003,3.4119999999999997e-06,0.001,40,0,10000,3.3
2104,-0.020800000000000003,3.416e-06,0.001,40,0,10000,3.3
2105,-0.019200000000000002,3.4200000000000003e-06,0.001,40,0,10000,3.3
2106,-0.0224,3.4240000000000006e-06,0.001,40,0,10000,3.3
2107,-0.020800000000000003,3.428000000000001e-06,0.001,40,0,10000,3.3
2108,-0.0216,3.4319999999999995e-06,0.001,40,0,10000,3.3
2109,-0.0216,3.436e-06,0.001,40,0,10000,3.3
2110,-0.019200000000000002,3.44e-06,0.001,40,0,10000,3.3
2111,-0.0216,3.4440000000000004e-06,0.001,40,0,10000,3.3
2112,-0.020800000000000003,3.4480000000000007e-06,0.001,40,0,10000,3.3
2113,-0.02,3.4519999999999993e-06,0.001,40,0,10000,3.3
2114,-0.02,3.4559999999999996e-06,0.001,40,0,10000,3.3
2115,-0.0176,3.46e-06,0.001,40,0,10000,3.3
2116,-0.02,3.464e-06,0.001,40,0,10000,3.3
2117,-0.020800000000000003,3.4680000000000005e-06,0.001,40,0,10000,3.3
2118,-0.0216,3.472000000000001e-06,0.001,40,0,10000,3.3
2119,-0.02,3.4759999999999994e-06,0.001,40,0,10000,3.3
2120,-0.0184,3.4799999999999997e-06,0.001,40,0,10000,3.3
2121,-0.0216,3.484e-06,0.001,40,0,10000,3.3
2122,-0.0184,3.4880000000000003e-06,0.001,40,0,10000,3.3
2123,-0.0224,3.4920000000000006e-06,0.001,40,0,10000,3.3
2124,-0.020800000000000003,3.496000000000001e-06,0.001,40,0,10000,3.3
2125,-0.016800000000000002,3.4999999999999995e-06,0.001,40,0,10000,3.3
2126,-0.0216,3.504e-06,0.001,40,0,10000,3.3
2127,-0.0184,3.508e-06,0.001,40,0,10000,3.3
2128,-0.019200000000000002,3.5120000000000004e-06,0.001,40,0,10000,3.3
2129,-0.024,3.5160000000000007e-06,0.001,40,0,10000,3.3
2130,-0.016800000000000002,3.5199999999999993e-06,0.001,40,0,10000,3.3
2131,-0.02,3.5239999999999996e-06,0.001,40,0,10000,3.3
2132,-0.019200000000000002,3.528e-06,0.001,40,0,10000,3.3
2133,-0.019200000000000002,3.5320000000000002e-06,0.001,40,0,10000,3.3
2134,-0.024800000000000003,3.5360000000000005e-06,0.001,40,0,10000,3.3
2135,-0.0176,3.540000000000001e-06,0.001,40,0,10000,3.3
2136,-0.02,3.5439999999999994e-06,0.001,40,0,10000,3.3
2137,-0.020800000000000003,3.5479999999999997e-06,0.001,40,0,10000,3.3
2138,-0.0176,3.552e-06,0.001,40,0,10000,3.3
2139,-0.024800000000000003,3.5560000000000003e-06,0.001,40,0,10000,3.3
2140,-0.020800000000000003,3.5600000000000006e-06,0.001,40,0,10000,3.3
2141,-0.0184,3.564000000000001e-06,0.001,40,0,10000,3.3
2142,-0.0216,3.5679999999999996e-06,0.001,40,0,10000,3.3
2143,-0.0184,3.572e-06,0.001,40,0,10000,3.3
2144,-0.020800000000000003,3.576e-06,0.001,40,0,10000,3.3
2145,-0.0216,3.5800000000000005e-06,0.001,40,0,10000,3.3
2146,-0.0176,3.5840000000000008e-06,0.001,40,0,10000,3.3
2147,-0.020800000000000003,3.5879999999999994e-06,0.001,40,0,10000,3.3
2148,-0.019200000000000002,3.5919999999999997e-06,0.001,40,0,10000,3.3
2149,-0.02,3.596e-06,0.001,40,0,10000,3.3
2150,-0.020800000000000003,3.6000000000000003e-06,0.001,40,0,10000,3.3
2151,-0.019200000000000002,3.6040000000000006e-06,0.001,40,0,10000,3.3
2152,-0.0184,3.608000000000001e-06,0.001,40,0,10000,3.3
2153,-0.02,3.6119999999999995e-06,0.001,40,0,10000,3.3
2154,-0.019200000000000002,3.6159999999999998e-06,0.001,40,0,10000,3.3
2155,-0.019200000000000002,3.62e-06,0.001,40,0,10000,3.3
2156,-0.019200000000000002,3.6240000000000004e-06,0.001,40,0,10000,3.3
2157,-0.02,3.6280000000000007e-06,0.001,40,0,10000,3.3
2158,-0.0176,3.632000000000001e-06,0.001,40,0,10000,3.3
2159,-0.019200000000000002,3.6359999999999996e-06,0.001,40,0,10000,3.3
2160,-0.0176,3.64e-06,0.001,40,0,10000,3.3
2161,-0.0184,3.644e-06,0.001,40,0,10000,3.3
2162,-0.0216,3.6480000000000005e-06,0.001,40,0,10000,3.3
2163,-0.016800000000000002,3.6520000000000008e-06,0.001,40,0,10000,3.3
2164,-0.02,3.6559999999999994e-06,0.001,40,0,10000,3.3
2165,-0.0184,3.6599999999999997e-06,0.001,40,0,10000,3.3
2166,-0.016,3.664e-06,0.001,40,0,10000,3.3
2167,-0.023200000000000002,3.6680000000000003e-06,0.001,40,0,10000,3.3
2168,-0.016800000000000002,3.6720000000000006e-06,0.001,40,0,10000,3.3
2169,-0.0184,3.676000000000001e-06,0.001,40,0,10000,3.3
2170,-0.0216,3.6799999999999995e-06,0.001,40,0,10000,3.3
2171,-0.0152,3.684e-06,0.001,40,0,10000,3.3
2172,-0.0216,3.688e-06,0.001,40,0,10000,3.3
2173,-0.019200000000000002,3.6920000000000004e-06,0.001,40,0,10000,3.3
2174,-0.016800000000000002,3.6960000000000007e-06,0.001,40,0,10000,3.3
2175,-0.020800000000000003,3.6999999999999993e-06,0.001,40,0,10000,3.3
2176,-0.0176,3.7039999999999996e-06,0.001,40,0,10000,3.3
2177,-0.019200000000000002,3.708e-06,0.001,40,0,10000,3.3
2178,-0.02,3.712e-06,0.001,40,0,10000,3.3
2179,-0.0184,3.7160000000000005e-06,0.001,40,0,10000,3.3
2180,-0.0184,3.720000000000001e-06,0.001,40,0,10000,3.3
2181,-0.019200000000000002,3.7239999999999994e-06,0.001,40,0,10000,3.3
2182,-0.0184,3.7279999999999997e-06,0.001,40,0,10000,3.3
2183,-0.0176,3.732e-06,0.001,40,0,10000,3.3
2184,-0.020800000000000003,3.7360000000000003e-06,0.001,40,0,10000,3.3
2185,-0.0176,3.7400000000000006e-06,0.001,40,0,10000,3.3
2186,-0.016800000000000002,3.744000000000001e-06,0.001,40,0,10000,3.3
2187,-0.02,3.7479999999999995e-06,0.001,40,0,10000,3.3
2188,-0.014400000000000001,3.752e-06,0.001,40,0,10000,3.3
2189,-0.019200000000000002,3.756e-06,0.001,40,0,10000,3.3
2190,-0.019200000000000002,3.7600000000000004e-06,0.001,40,0,10000,3.3
2191,-0.014400000000000001,3.7640000000000007e-06,0.001,40,0,10000,3.3
2192,-0.0216,3.7679999999999993e-06,0.001,40,0,10000,3.3
2193,-0.016,3.7719999999999996e-06,0.001,40,0,10000,3.3
2194,-0.0176,3.776e-06,0.001,40,0,10000,3.3
2195,-0.0224,3.7800000000000002e-06,0.001,40,0,10000,3.3
2196,-0.014400000000000001,3.7840000000000005e-06,0.001,40,0,10000,3.3
2197,-0.0184,3.788000000000001e-06,0.001,40,0,10000,3.3
2198,-0.0184,3.7919999999999994e-06,0.001,40,0,10000,3.3
2199,-0.016,3.7959999999999997e-06,0.001,40,0,10000,3.3
2200,-0.020800000000000003,3.8e-06,0.001,40,0,10000,3.3
2201,-0.016800000000000002,3.8040000000000003e-06,0.001,40,0,10000,3.3
2202,-0.016,3.8080000000000006e-06,0.001,40,0,10000,3.3
2203,-0.019200000000000002,3.812000000000001e-06,0.001,40,0,10000,3.3
2204,-0.0176,3.8159999999999995e-06,0.001,40,0,10000,3.3
2205,-0.016800000000000002,3.82e-06,0.001,40,0,10000,3.3
2206,-0.0184,3.824e-06,0.001,40,0,10000,3.3
2207,-0.0176,3.8280000000000004e-06,0.001,40,0,10000,3.3
2208,-0.0176,3.832000000000001e-06,0.001,40,0,10000,3.3
2209,-0.019200000000000002,3.835999999999999e-06,0.001,40,0,10000,3.3
2210,-0.0152,3.84e-06,0.001,40,0,10000,3.3
2211,-0.0176,3.844e-06,0.001,40,0,10000,3.3
2212,-0.0176,3.848e-06,0.001,40,0,10000,3.3
2213,-0.014400000000000001,3.8520000000000006e-06,0.001,40,0,10000,3.3
2214,-0.0176,3.856000000000001e-06,0.001,40,0,10000,3.3
2215,-0.016,3.8599999999999995e-06,0.001,40,0,10000,3.3
2216,-0.016,3.864e-06,0.001,40,0,10000,3.3
2217,-0.0184,3.868e-06,0.001,40,0,10000,3.3
2218,-0.016800000000000002,3.872e-06,0.001,40,0,10000,3.3
2219,-0.016800000000000002,3.876000000000001e-06,0.001,40,0,10000,3.3
2220,-0.0176,3.880000000000001e-06,0.001,40,0,10000,3.3
2221,-0.0152,3.8839999999999996e-06,0.001,40,0,10000,3.3
2222,-0.0176,3.888e-06,0.001,40,0,10000,3.3
2223,-0.0176,3.892e-06,0.001,40,0,10000,3.3
2224,-0.016800000000000002,3.8960000000000005e-06,0.001,40,0,10000,3.3
2225,-0.016800000000000002,3.900000000000001e-06,0.001,40,0,10000,3.3
2226,-0.0176,3.903999999999999e-06,0.001,40,0,10000,3.3
2227,-0.014400000000000001,3.908e-06,0.001,40,0,10000,3.3
2228,-0.016,3.912e-06,0.001,40,0,10000,3.3
2229,-0.016800000000000002,3.916e-06,0.001,40,0,10000,3.3
2230,-0.014400000000000001,3.920000000000001e-06,0.001,40,0,10000,3.3
2231,-0.0176,3.924000000000001e-06,0.001,40,0,10000,3.3
2232,-0.0152,3.9279999999999995e-06,0.001,40,0,10000,3.3
2233,-0.014400000000000001,3.932e-06,0.001,40,0,10000,3.3
2234,-0.0176,3.936e-06,0.001,40,0,10000,3.3
2235,-0.014400000000000001,3.94e-06,0.001,40,0,10000,3.3
2236,-0.016800000000000002,3.944000000000001e-06,0.001,40,0,10000,3.3
2237,-0.016800000000000002,3.948000000000001e-06,0.001,40,0,10000,3.3
2238,-0.016800000000000002,3.952e-06,0.001,40,0,10000,3.3
2239,-0.0184,3.956e-06,0.001,40,0,10000,3.3
2240,-0.0152,3.96e-06,0.001,40,0,10000,3.3
2241,-0.016,3.9640000000000005e-06,0.001,40,0,10000,3.3
2242,-0.0176,3.968000000000001e-06,0.001,40,0,10000,3.3
2243,-0.0152,3.971999999999999e-06,0.001,40,0,10000,3.3
2244,-0.016800000000000002,3.976e-06,0.001,40,0,10000,3.3
2245,-0.016800000000000002,3.98e-06,0.001,40,0,10000,3.3
2246,-0.0152,3.984e-06,0.001,40,0,10000,3.3
2247,-0.0176,3.988000000000001e-06,0.001,40,0,10000,3.3
2248,-0.016,3.992000000000001e-06,0.001,40,0,10000,3.3
2249,-0.014400000000000001,3.9959999999999995e-06,0.001,40,0,10000,3.3
2250,-0.016800000000000002,4e-06,0.001,40,0,10000,3.3
2251,-0.0152,4.004e-06,0.001,40,0,10000,3.3
2252,-0.013600000000000001,4.008e-06,0.001,40,0,10000,3.3
2253,-0.016800000000000002,4.012000000000001e-06,0.001,40,0,10000,3.3
2254,-0.014400000000000001,4.015999999999999e-06,0.001,40,0,10000,3.3
2255,-0.014400000000000001,4.02e-06,0.001,40,0,10000,3.3
2256,-0.0184,4.024e-06,0.001,40,0,10000,3.3
2257,-0.013600000000000001,4.028e-06,0.001,40,0,10000,3.3
2258,-0.016,4.0320000000000005e-06,0.001,40,0,10000,3.3
2259,-0.014400000000000001,4.036000000000001e-06,0.001,40,0,10000,3.3
2260,-0.013600000000000001,4.0399999999999994e-06,0.001,40,0,10000,3.3
2261,-0.0176,4.044e-06,0.001,40,0,10000,3.3
2262,-0.014400000000000001,4.048e-06,0.001,40,0,10000,3.3
2263,-0.014400000000000001,4.052e-06,0.001,40,0,10000,3.3
2264,-0.0176,4.056000000000001e-06,0.001,40,0,10000,3.3
2265,-0.0128,4.060000000000001e-06,0.001,40,0,10000,3.3
2266,-0.016800000000000002,4.0639999999999995e-06,0.001,40,0,10000,3.3
2267,-0.014400000000000001,4.068e-06,0.001,40,0,10000,3.3
2268,-0.014400000000000001,4.072e-06,0.001,40,0,10000,3.3
2269,-0.016800000000000002,4.0760000000000004e-06,0.001,40,0,10000,3.3
2270,-0.013600000000000001,4.080000000000001e-06,0.001,40,0,10000,3.3
2271,-0.0152,4.083999999999999e-06,0.001,40,0,10000,3.3
2272,-0.014400000000000001,4.088e-06,0.001,40,0,10000,3.3
2273,-0.0152,4.092e-06,0.001,40,0,10000,3.3
2274,-0.0152,4.096e-06,0.001,40,0,10000,3.3
2275,-0.014400000000000001,4.1000000000000006e-06,0.001,40,0,10000,3.3
2276,-0.016,4.104000000000001e-06,0.001,40,0,10000,3.3
2277,-0.012,4.1079999999999995e-06,0.001,40,0,10000,3.3
2278,-0.0152,4.112e-06,0.001,40,0,10000,3.3
2279,-0.0152,4.116e-06,0.001,40,0,10000,3.3
2280,-0.012,4.12e-06,0.001,40,0,10000,3.3
2281,-0.0176,4.124000000000001e-06,0.001,40,0,10000,3.3
2282,-0.0128,4.128000000000001e-06,0.001,40,0,10000,3.3
2283,-0.013600000000000001,4.1319999999999996e-06,0.001,40,0,10000,3.3
2284,-0.0176,4.136e-06,0.001,40,0,10000,3.3
2285,-0.010400000000000001,4.14e-06,0.001,40,0,10000,3.3
2286,-0.016800000000000002,4.1440000000000005e-06,0.001,40,0,10000,3.3
2287,-0.014400000000000001,4.148000000000001e-06,0.001,40,0,10000,3.3
2288,-0.0112,4.151999999999999e-06,0.001,40,0,10000,3.3
2289,-0.0184,4.156e-06,0.001,40,0,10000,3.3
2290,-0.012,4.16e-06,0.001,40,0,10000,3.3
2291,-0.013600000000000001,4.164e-06,0.001,40,0,10000,3.3
2292,-0.016800000000000002,4.168000000000001e-06,0.001,40,0,10000,3.3
2293,-0.012,4.172000000000001e-06,0.001,40,0,10000,3.3
2294,-0.016800000000000002,4.1759999999999995e-06,0.001,40,0,10000,3.3
2295,-0.0152,4.18e-06,0.001,40,0,10000,3.3
2296,-0.012,4.184e-06,0.001,40,0,10000,3.3
2297,-0.016,4.188e-06,0.001,40,0,10000,3.3
2298,-0.013600000000000001,4.192000000000001e-06,0.001,40,0,10000,3.3
2299,-0.013600000000000001,4.196000000000001e-06,0.001,40,0,10000,3.3
2300,-0.0152,4.2e-06,0.001,40,0,10000,3.3
2301,-0.014400000000000001,4.204e-06,0.001,40,0,10000,3.3
2302,-0.013600000000000001,4.208e-06,0.001,40,0,10000,3.3
2303,-0.016,4.2120000000000005e-06,0.001,40,0,10000,3.3
2304,-0.0128,4.216000000000001e-06,0.001,40,0,10000,3.3
2305,-0.014400000000000001,4.219999999999999e-06,0.001,40,0,10000,3.3
2306,-0.016,4.224e-06,0.001,40,0,10000,3.3
2307,-0.012,4.228e-06,0.001,40,0,10000,3.3
2308,-0.014400000000000001,4.232e-06,0.001,40,0,10000,3.3
2309,-0.014400000000000001,4.236000000000001e-06,0.001,40,0,10000,3.3
2310,-0.012,4.240000000000001e-06,0.001,40,0,10000,3.3
2311,-0.016,4.2439999999999995e-06,0.001,40,0,10000,3.3
2312,-0.0112,4.248e-06,0.001,40,0,10000,3.3
2313,-0.014400000000000001,4.252e-06,0.001,40,0,10000,3.3
2314,-0.016,4.256e-06,0.001,40,0,10000,3.3
2315,-0.0128,4.260000000000001e-06,0.001,40,0,10000,3.3
2316,-0.016800000000000002,4.263999999999999e-06,0.001,40,0,10000,3.3
2317,-0.012,4.268e-06,0.001,40,0,10000,3.3
2318,-0.013600000000000001,4.272e-06,0.001,40,0,10000,3.3
2319,-0.014400000000000001,4.276e-06,0.001,40,0,10000,3.3
2320,-0.0112,4.2800000000000005e-06,0.001,40,0,10000,3.3
2321,-0.016,4.284000000000001e-06,0.001,40,0,10000,3.3
2322,-0.0112,4.2879999999999994e-06,0.001,40,0,10000,3.3
2323,-0.013600000000000001,4.292e-06,0.001,40,0,10000,3.3
2324,-0.0152,4.296e-06,0.001,40,0,10000,3.3
2325,-0.012,4.3e-06,0.001,40,0,10000,3.3
2326,-0.016,4.304000000000001e-06,0.001,40,0,10000,3.3
2327,-0.0112,4.308000000000001e-06,0.001,40,0,10000,3.3
2328,-0.0128,4.3119999999999995e-06,0.001,40,0,10000,3.3
2329,-0.0152,4.316e-06,0.001,40,0,10000,3.3
2330,-0.009600000000000001,4.32e-06,0.001,40,0,10000,3.3
2331,-0.016,4.3240000000000004e-06,0.001,40,0,10000,3.3
2332,-0.012,4.328000000000001e-06,0.001,40,0,10000,3.3
2333,-0.012,4.331999999999999e-06,0.001,40,0,10000,3.3
2334,-0.0152,4.336e-06,0.001,40,0,10000,3.3
2335,-0.010400000000000001,4.34e-06,0.001,40,0,10000,3.3
2336,-0.0152,4.344e-06,0.001,40,0,10000,3.3
2337,-0.0152,4.3480000000000006e-06,0.001,40,0,10000,3.3
2338,-0.010400000000000001,4.352000000000001e-06,0.001,40,0,10000,3.3
2339,-0.016800000000000002,4.3559999999999995e-06,0.001,40,0,10000,3.3
2340,-0.0112,4.36e-06,0.001,40,0,10000,3.3
2341,-0.013600000000000001,4.364e-06,0.001,40,0,10000,3.3
2342,-0.016800000000000002,4.368e-06,0.001,40,0,10000,3.3
2343,-0.0088,4.372000000000001e-06,0.001,40,0,10000,3.3
2344,-0.0152,4.376000000000001e-06,0.001,40,0,10000,3.3
2345,-0.013600000000000001,4.3799999999999996e-06,0.001,40,0,10000,3.3
2346,-0.010400000000000001,4.384e-06,0.001,40,0,10000,3.3
2347,-0.0152,4.388e-06,0.001,40,0,10000,3.3
2348,-0.009600000000000001,4.3920000000000005e-06,0.001,40,0,10000,3.3
2349,-0.013600000000000001,4.396000000000001e-06,0.001,40,0,10000,3.3
2350,-0.014400000000000001,4.399999999999999e-06,0.001,40,0,10000,3.3
2351,-0.010400000000000001,4.404e-06,0.001,40,0,10000,3.3
2352,-0.014400000000000001,4.408e-06,0.001,40,0,10000,3.3
2353,-0.0128,4.412e-06,0.001,40,0,10000,3.3
2354,-0.0128,4.416000000000001e-06,0.001,40,0,10000,3.3
2355,-0.0152,4.420000000000001e-06,0.001,40,0,10000,3.3
2356,-0.012,4.4239999999999995e-06,0.001,40,0,10000,3.3
2357,-0.0128,4.428e-06,0.001,40,0,10000,3.3
2358,-0.013600000000000001,4.432e-06,0.001,40,0,10000,3.3
2359,-0.0112,4.436e-06,0.001,40,0,10000,3.3
2360,-0.0128,4.440000000000001e-06,0.001,40,0,10000,3.3
2361,-0.013600000000000001,4.444000000000001e-06,0.001,40,0,10000,3.3
2362,-0.0112,4.448e-06,0.001,40,0,10000,3.3
2363,-0.0128,4.452e-06,0.001,40,0,10000,3.3
2364,-0.0128,4.456e-06,0.001,40,0,10000,3.3
2365,-0.012,4.4600000000000005e-06,0.001,40,0,10000,3.3
2366,-0.0128,4.464000000000001e-06,0.001,40,0,10000,3.3
2367,-0.012,4.467999999999999e-06,0.001,40,0,10000,3.3
2368,-0.012,4.472e-06,0.001,40,0,10000,3.3
2369,-0.014400000000000001,4.476e-06,0.001,40,0,10000,3.3
2370,-0.0112,4.48e-06,0.001,40,0,10000,3.3
2371,-0.0128,4.484000000000001e-06,0.001,40,0,10000,3.3
2372,-0.0128,4.488000000000001e-06,0.001,40,0,10000,3.3
2373,-0.0112,4.4919999999999995e-06,0.001,40,0,10000,3.3
2374,-0.0128,4.496e-06,0.001,40,0,10000,3.3
2375,-0.0112,4.5e-06,0.001,40,0,10000,3.3
2376,-0.012,4.504e-06,0.001,40,0,10000,3.3
2377,-0.013600000000000001,4.508000000000001e-06,0.001,40,0,10000,3.3
2378,-0.012,4.512000000000001e-06,0.001,40,0,10000,3.3
2379,-0.014400000000000001,4.516e-06,0.001,40,0,10000,3.3
2380,-0.0112,4.52e-06,0.001,40,0,10000,3.3
2381,-0.013600000000000001,4.524e-06,0.001,40,0,10000,3.3
2382,-0.0128,4.5280000000000005e-06,0.001,40,0,10000,3.3
2383,-0.0112,4.532000000000001e-06,0.001,40,0,10000,3.3
2384,-0.014400000000000001,4.5359999999999994e-06,0.001,40,0,10000,3.3
2385,-0.009600000000000001,4.54e-06,0.001,40,0,10000,3.3
2386,-0.0128,4.544e-06,0.001,40,0,10000,3.3
2387,-0.0112,4.548e-06,0.001,40,0,10000,3.3
2388,-0.009600000000000001,4.552000000000001e-06,0.001,40,0,10000,3.3
2389,-0.016,4.556000000000001e-06,0.001,40,0,10000,3.3
2390,-0.009600000000000001,4.5599999999999995e-06,0.001,40,0,10000,3.3
2391,-0.0128,4.564e-06,0.001,40,0,10000,3.3
2392,-0.016,4.568e-06,0.001,40,0,10000,3.3
2393,-0.008,4.5720000000000004e-06,0.001,40,0,10000,3.3
2394,-0.0152,4.576000000000001e-06,0.001,40,0,10000,3.3
2395,-0.0112,4.579999999999999e-06,0.001,40,0,10000,3.3
2396,-0.009600000000000001,4.584e-06,0.001,40,0,10000,3.3
2397,-0.0152,4.588e-06,0.001,40,0,10000,3.3
2398,-0.009600000000000001,4.592e-06,0.001,40,0,10000,3.3
2399,-0.012,4.5960000000000006e-06,0.001,40,0,10000,3.3
2400,-0.014400000000000001,4.600000000000001e-06,0.001,40,0,10000,3.3
2401,-0.0088,4.6039999999999995e-06,0.001,40,0,10000,3.3
2402,-0.014400000000000001,4.608e-06,0.001,40,0,10000,3.3
2403,-0.0088,4.612e-06,0.001,40,0,10000,3.3
2404,-0.0112,4.616e-06,0.001,40,0,10000,3.3
2405,-0.014400000000000001,4.620000000000001e-06,0.001,40,0,10000,3.3
2406,-0.010400000000000001,4.624000000000001e-06,0.001,40,0,10000,3.3
2407,-0.012,4.6279999999999996e-06,0.001,40,0,10000,3.3
2408,-0.0112,4.632e-06,0.001,40,0,10000,3.3
2409,-0.010400000000000001,4.636e-06,0.001,40,0,10000,3.3
2410,-0.012,4.6400000000000005e-06,0.001,40,0,10000,3.3
2411,-0.012,4.644000000000001e-06,0.001,40,0,10000,3.3
2412,-0.012,4.647999999999999e-06,0.001,40,0,10000,3.3
2413,-0.0112,4.652e-06,0.001,40,0,10000,3.3
2414,-0.010400000000000001,4.656e-06,0.001,40,0,10000,3.3
2415,-0.0088,4.66e-06,0.001,40,0,10000,3.3
2416,-0.0128,4.664000000000001e-06,0.001,40,0,10000,3.3
2417,-0.0112,4.668000000000001e-06,0.001,40,0,10000,3.3
2418,-0.010400000000000001,4.6719999999999995e-06,0.001,40,0,10000,3.3
2419,-0.012,4.676e-06,0.001,40,0,10000,3.3
2420,-0.010400000000000001,4.68e-06,0.001,40,0,10000,3.3
2421,-0.012,4.684e-06,0.001,40,0,10000,3.3
2422,-0.012,4.688000000000001e-06,0.001,40,0,10000,3.3
2423,-0.010400000000000001,4.692000000000001e-06,0.001,40,0,10000,3.3
2424,-0.012,4.696e-06,0.001,40,0,10000,3.3
2425,-0.010400000000000001,4.7e-06,0.001,40,0,10000,3.3
2426,-0.0112,4.704e-06,0.001,40,0,10000,3.3
2427,-0.0112,4.7080000000000005e-06,0.001,40,0,10000,3.3
2428,-0.010400000000000001,4.712000000000001e-06,0.001,40,0,10000,3.3
2429,-0.013600000000000001,4.715999999999999e-06,0.001,40,0,10000,3.3
2430,-0.0112,4.72e-06,0.001,40,0,10000,3.3
2431,-0.0112,4.724e-06,0.001,40,0,10000,3.3
2432,-0.012,4.728e-06,0.001,40,0,10000,3.3
2433,-0.009600000000000001,4.732000000000001e-06,0.001,40,0,10000,3.3
2434,-0.012,4.736000000000001e-06,0.001,40,0,10000,3.3
2435,-0.009600000000000001,4.7399999999999995e-06,0.001,40,0,10000,3.3
2436,-0.0128,4.744e-06,0.001,40,0,10000,3.3
2437,-0.012,4.748e-06,0.001,40,0,10000,3.3
2438,-0.009600000000000001,4.752e-06,0.001,40,0,10000,3.3
2439,-0.0128,4.756000000000001e-06,0.001,40,0,10000,3.3
2440,-0.009600000000000001,4.760000000000001e-06,0.001,40,0,10000,3.3
2441,-0.0112,4.764e-06,0.001,40,0,10000,3.3
2442,-0.012,4.768e-06,0.001,40,0,10000,3.3
2443,-0.0088,4.772e-06,0.001,40,0,10000,3.3
2444,-0.013600000000000001,4.7760000000000005e-06,0.001,40,0,10000,3.3
2445,-0.0112,4.780000000000001e-06,0.001,40,0,10000,3.3
2446,-0.0088,4.7839999999999994e-06,0.001,40,0,10000,3.3
2447,-0.0128,4.788e-06,0.001,40,0,10000,3.3
2448,-0.0088,4.792e-06,0.001,40,0,10000,3.3
2449,-0.0128,4.796e-06,0.001,40,0,10000,3.3
2450,-0.012,4.800000000000001e-06,0.001,40,0,10000,3.3
2451,-0.0088,4.804000000000001e-06,0.001,40,0,10000,3.3
2452,-0.014400000000000001,4.8079999999999995e-06,0.001,40,0,10000,3.3
2453,-0.0088,4.812e-06,0.001,40,0,10000,3.3
2454,-0.0112,4.816e-06,0.001,40,0,10000,3.3
2455,-0.012,4.8200000000000004e-06,0.001,40,0,10000,3.3
2456,-0.008,4.824000000000001e-06,0.001,40,0,10000,3.3
2457,-0.0112,4.828000000000001e-06,0.001,40,0,10000,3.3
2458,-0.0112,4.832e-06,0.001,40,0,10000,3.3
2459,-0.009600000000000001,4.836e-06,0.001,40,0,10000,3.3
2460,-0.012,4.84e-06,0.001,40,0,10000,3.3
2461,-0.0088,4.8440000000000005e-06,0.001,40,0,10000,3.3
2462,-0.0088,4.848000000000001e-06,0.001,40,0,10000,3.3
2463,-0.0088,4.8519999999999995e-06,0.001,40,0,10000,3.3
2464,-0.009600000000000001,4.856e-06,0.001,40,0,10000,3.3
2465,-0.009600000000000001,4.86e-06,0.001,40,0,10000,3.3
2466,-0.010400000000000001,4.864e-06,0.001,40,0,10000,3.3
2467,-0.009600000000000001,4.868000000000001e-06,0.001,40,0,10000,3.3
2468,-0.009600000000000001,4.872000000000001e-06,0.001,40,0,10000,3.3
2469,-0.010400000000000001,4.8759999999999996e-06,0.001,40,0,10000,3.3
2470,-0.009600000000000001,4.88e-06,0.001,40,0,10000,3.3
2471,-0.010400000000000001,4.884e-06,0.001,40,0,10000,3.3
2472,-0.012,4.8880000000000005e-06,0.001,40,0,10000,3.3
2473,-0.0088,4.892000000000001e-06,0.001,40,0,10000,3.3
2474,-0.009600000000000001,4.895999999999999e-06,0.001,40,0,10000,3.3
2475,-0.0112,4.9e-06,0.001,40,0,10000,3.3
2476,-0.008,4.904e-06,0.001,40,0,10000,3.3
2477,-0.012,4.908e-06,0.001,40,0,10000,3.3
2478,-0.0088,4.9120000000000006e-06,0.001,40,0,10000,3.3
2479,-0.007200000000000001,4.916000000000001e-06,0.001,40,0,10000,3.3
2480,-0.013600000000000001,4.9199999999999995e-06,0.001,40,0,10000,3.3
2481,-0.007200000000000001,4.924e-06,0.001,40,0,10000,3.3
2482,-0.012,4.928e-06,0.001,40,0,10000,3.3
2483,-0.012,4.932e-06,0.001,40,0,10000,3.3
2484,-0.0064,4.936000000000001e-06,0.001,40,0,10000,3.3
2485,-0.012,4.940000000000001e-06,0.001,40,0,10000,3.3
2486,-0.007200000000000001,4.944e-06,0.001,40,0,10000,3.3
2487,-0.008,4.948e-06,0.001,40,0,10000,3.3
2488,-0.012,4.952e-06,0.001,40,0,10000,3.3
2489,-0.008,4.9560000000000005e-06,0.001,40,0,10000,3.3
2490,-0.0088,4.960000000000001e-06,0.001,40,0,10000,3.3
2491,-0.010400000000000001,4.963999999999999e-06,0.001,40,0,10000,3.3
2492,-0.010400000000000001,4.968e-06,0.001,40,0,10000,3.3
2493,-0.010400000000000001,4.972e-06,0.001,40,0,10000,3.3
2494,-0.0088,4.976e-06,0.001,40,0,10000,3.3
2495,-0.009600000000000001,4.980000000000001e-06,0.001,40,0,10000,3.3
2496,-0.0088,4.984000000000001e-06,0.001,40,0,10000,3.3
2497,-0.0112,4.9879999999999995e-06,0.001,40,0,10000,3.3
2498,-0.007200000000000001,4.992e-06,0.001,40,0,10000,3.3
2499,-0.010400000000000001,4.996e-06,0.001,40,0,10000,3.3
