,Mediciónes,Tiempo,Tiempo de integración [ms],Polarizacion grande,Polarizacion chica,Resistencia,Voltaje disco
0,-0.0008,-0.125,25,40,0,10000,3.3
1,0.0016,-0.1249,25,40,0,10000,3.3
2,0.0008,-0.1248,25,40,0,10000,3.3
3,0.0016,-0.1247,25,40,0,10000,3.3
4,0.0048000000000000004,-0.1246,25,40,0,10000,3.3
5,0.004,-0.1245,25,40,0,10000,3.3
6,0.0008,-0.1244,25,40,0,10000,3.3
7,0.0024000000000000002,-0.1243,25,40,0,10000,3.3
8,-0.0008,-0.1242,25,40,0,10000,3.3
9,0.0016,-0.1241,25,40,0,10000,3.3
10,-0.0024000000000000002,-0.124,25,40,0,10000,3.3
11,-0.0016,-0.1239,25,40,0,10000,3.3
12,0.0024000000000000002,-0.1238,25,40,0,10000,3.3
13,0.0008,-0.1237,25,40,0,10000,3.3
14,0.0016,-0.1236,25,40,0,10000,3.3
15,0.0008,-0.1235,25,40,0,10000,3.3
16,0.0008,-0.1234,25,40,0,10000,3.3
17,0.0016,-0.12329999999999999,25,40,0,10000,3.3
18,0.0032,-0.1232,25,40,0,10000,3.3
19,0.0024000000000000002,-0.1231,25,40,0,10000,3.3
20,0.0024000000000000002,-0.123,25,40,0,10000,3.3
21,0.0056,-0.1229,25,40,0,10000,3.3
22,0.0024000000000000002,-0.1228,25,40,0,10000,3.3
23,-0.0008,-0.1227,25,40,0,10000,3.3
24,-0.0008,-0.1226,25,40,0,10000,3.3
25,0.004,-0.1225,25,40,0,10000,3.3
26,0.0032,-0.1224,25,40,0,10000,3.3
27,-0.008,-0.1223,25,40,0,10000,3.3
28,0.0048000000000000004,-0.1222,25,40,0,10000,3.3
29,0.0016,-0.1221,25,40,0,10000,3.3
30,0.0024000000000000002,-0.122,25,40,0,10000,3.3
31,-0.004,-0.1219,25,40,0,10000,3.3
32,0.0016,-0.1218,25,40,0,10000,3.3
33,0.0024000000000000002,-0.1217,25,40,0,10000,3.3
34,0.0024000000000000002,-0.1216,25,40,0,10000,3.3
35,0.0024000000000000002,-0.1215,25,40,0,10000,3.3
36,0.0008,-0.1214,25,40,0,10000,3.3
37,0.0,-0.1213,25,40,0,10000,3.3
38,-0.0008,-0.1212,25,40,0,10000,3.3
39,0.0024000000000000002,-0.1211,25,40,0,10000,3.3
40,0.0024000000000000002,-0.121,25,40,0,10000,3.3
41,-0.0008,-0.1209,25,40,0,10000,3.3
42,0.0016,-0.1208,25,40,0,10000,3.3
43,0.0008,-0.1207,25,40,0,10000,3.3
44,-0.0008,-0.1206,25,40,0,10000,3.3
45,0.0,-0.1205,25,40,0,10000,3.3
46,0.0016,-0.12040000000000001,25,40,0,10000,3.3
47,0.0016,-0.1203,25,40,0,10000,3.3
48,0.0,-0.1202,25,40,0,10000,3.3
49,0.0008,-0.1201,25,40,0,10000,3.3
50,0.0016,-0.12,25,40,0,10000,3.3
51,0.0008,-0.1199,25,40,0,10000,3.3
52,0.0016,-0.1198,25,40,0,10000,3.3
53,0.0016,-0.1197,25,40,0,10000,3.3
54,-0.0008,-0.1196,25,40,0,10000,3.3
55,0.0056,-0.1195,25,40,0,10000,3.3
56,0.0032,-0.1194,25,40,0,10000,3.3
57,-0.0016,-0.1193,25,40,0,10000,3.3
58,0.0024000000000000002,-0.1192,25,40,0,10000,3.3
59,0.0016,-0.1191,25,40,0,10000,3.3
60,0.0032,-0.119,25,40,0,10000,3.3
61,0.0032,-0.1189,25,40,0,10000,3.3
62,0.0,-0.1188,25,40,0,10000,3.3
63,0.0048000000000000004,-0.1187,25,40,0,10000,3.3
64,0.0048000000000000004,-0.1186,25,40,0,10000,3.3
65,-0.0008,-0.1185,25,40,0,10000,3.3
66,0.0048000000000000004,-0.1184,25,40,0,10000,3.3
67,0.0024000000000000002,-0.1183,25,40,0,10000,3.3
68,0.0032,-0.1182,25,40,0,10000,3.3
69,0.0024000000000000002,-0.1181,25,40,0,10000,3.3
70,0.0048000000000000004,-0.118,25,40,0,10000,3.3
71,0.0048000000000000004,-0.1179,25,40,0,10000,3.3
72,0.0016,-0.1178,25,40,0,10000,3.3
73,0.0024000000000000002,-0.1177,25,40,0,10000,3.3
74,0.0024000000000000002,-0.1176,25,40,0,10000,3.3
75,-0.0016,-0.1175,25,40,0,10000,3.3
76,0.0008,-0.1174,25,40,0,10000,3.3
77,0.0008,-0.1173,25,40,0,10000,3.3
78,0.0032,-0.1172,25,40,0,10000,3.3
79,0.0016,-0.1171,25,40,0,10000,3.3
80,0.0,-0.11699999999999999,25,40,0,10000,3.3
81,0.0,-0.1169,25,40,0,10000,3.3
82,0.0024000000000000002,-0.1168,25,40,0,10000,3.3
83,0.0016,-0.1167,25,40,0,10000,3.3
84,0.0,-0.1166,25,40,0,10000,3.3
85,0.0008,-0.11649999999999999,25,40,0,10000,3.3
86,0.0048000000000000004,-0.1164,25,40,0,10000,3.3
87,0.0048000000000000004,-0.1163,25,40,0,10000,3.3
88,0.0032,-0.1162,25,40,0,10000,3.3
89,-0.0016,-0.1161,25,40,0,10000,3.3
90,0.0024000000000000002,-0.11599999999999999,25,40,0,10000,3.3
91,0.004,-0.1159,25,40,0,10000,3.3
92,0.0048000000000000004,-0.1158,25,40,0,10000,3.3
93,0.0,-0.1157,25,40,0,10000,3.3
94,0.0032,-0.1156,25,40,0,10000,3.3
95,0.0016,-0.1155,25,40,0,10000,3.3
96,-0.0088,-0.1154,25,40,0,10000,3.3
97,0.0,-0.1153,25,40,0,10000,3.3
98,0.0008,-0.1152,25,40,0,10000,3.3
99,0.0024000000000000002,-0.1151,25,40,0,10000,3.3
100,0.0,-0.115,25,40,0,10000,3.3
101,0.0016,-0.1149,25,40,0,10000,3.3
102,0.0024000000000000002,-0.1148,25,40,0,10000,3.3
103,0.0,-0.1147,25,40,0,10000,3.3
104,0.0032,-0.1146,25,40,0,10000,3.3
105,0.0016,-0.1145,25,40,0,10000,3.3
106,0.0024000000000000002,-0.1144,25,40,0,10000,3.3
107,0.0008,-0.1143,25,40,0,10000,3.3
108,0.004,-0.1142,25,40,0,10000,3.3
109,0.0016,-0.11410000000000001,25,40,0,10000,3.3
110,0.0032,-0.114,25,40,0,10000,3.3
111,0.0,-0.1139,25,40,0,10000,3.3
112,0.0024000000000000002,-0.1138,25,40,0,10000,3.3
113,0.0024000000000000002,-0.1137,25,40,0,10000,3.3
114,0.0008,-0.1136,25,40,0,10000,3.3
115,0.0008,-0.1135,25,40,0,10000,3.3
116,0.0024000000000000002,-0.1134,25,40,0,10000,3.3
117,0.0008,-0.1133,25,40,0,10000,3.3
118,0.004,-0.1132,25,40,0,10000,3.3
119,0.0024000000000000002,-0.1131,25,40,0,10000,3.3
120,0.0016,-0.113,25,40,0,10000,3.3
121,0.0024000000000000002,-0.1129,25,40,0,10000,3.3
122,0.0,-0.1128,25,40,0,10000,3.3
123,0.0024000000000000002,-0.1127,25,40,0,10000,3.3
124,0.0024000000000000002,-0.1126,25,40,0,10000,3.3
125,-0.0008,-0.1125,25,40,0,10000,3.3
126,0.0016,-0.1124,25,40,0,10000,3.3
127,0.0032,-0.1123,25,40,0,10000,3.3
128,0.0008,-0.1122,25,40,0,10000,3.3
129,0.0024000000000000002,-0.1121,25,40,0,10000,3.3
130,0.0032,-0.112,25,40,0,10000,3.3
131,0.0008,-0.1119,25,40,0,10000,3.3
132,0.0032,-0.1118,25,40,0,10000,3.3
133,0.0032,-0.1117,25,40,0,10000,3.3
134,0.0,-0.1116,25,40,0,10000,3.3
135,0.0048000000000000004,-0.1115,25,40,0,10000,3.3
136,0.0024000000000000002,-0.1114,25,40,0,10000,3.3
137,-0.0008,-0.1113,25,40,0,10000,3.3
138,0.0,-0.1112,25,40,0,10000,3.3
139,0.0024000000000000002,-0.1111,25,40,0,10000,3.3
140,0.0016,-0.111,25,40,0,10000,3.3
141,0.0024000000000000002,-0.1109,25,40,0,10000,3.3
142,0.0016,-0.1108,25,40,0,10000,3.3
143,0.0016,-0.11069999999999999,25,40,0,10000,3.3
144,0.0024000000000000002,-0.1106,25,40,0,10000,3.3
145,0.0016,-0.1105,25,40,0,10000,3.3
146,-0.004,-0.1104,25,40,0,10000,3.3
147,0.0024000000000000002,-0.1103,25,40,0,10000,3.3
148,0.0,-0.11019999999999999,25,40,0,10000,3.3
149,0.0024000000000000002,-0.1101,25,40,0,10000,3.3
150,0.0,-0.11,25,40,0,10000,3.3
151,0.0032,-0.1099,25,40,0,10000,3.3
152,0.0,-0.1098,25,40,0,10000,3.3
153,-0.0016,-0.10969999999999999,25,40,0,10000,3.3
154,-0.0024000000000000002,-0.1096,25,40,0,10000,3.3
155,-0.004,-0.1095,25,40,0,10000,3.3
156,0.0024000000000000002,-0.1094,25,40,0,10000,3.3
157,0.0,-0.1093,25,40,0,10000,3.3
158,0.0,-0.10919999999999999,25,40,0,10000,3.3
159,0.0008,-0.1091,25,40,0,10000,3.3
160,0.0032,-0.109,25,40,0,10000,3.3
161,0.0008,-0.1089,25,40,0,10000,3.3
162,0.0024000000000000002,-0.10880000000000001,25,40,0,10000,3.3
163,0.0024000000000000002,-0.10869999999999999,25,40,0,10000,3.3
164,0.0,-0.1086,25,40,0,10000,3.3
165,0.0016,-0.1085,25,40,0,10000,3.3
166,0.004,-0.1084,25,40,0,10000,3.3
167,0.0,-0.10830000000000001,25,40,0,10000,3.3
168,0.004,-0.10819999999999999,25,40,0,10000,3.3
169,0.0016,-0.1081,25,40,0,10000,3.3
170,-0.0024000000000000002,-0.108,25,40,0,10000,3.3
171,0.0064,-0.1079,25,40,0,10000,3.3
172,0.0032,-0.1078,25,40,0,10000,3.3
173,0.0032,-0.1077,25,40,0,10000,3.3
174,0.0032,-0.1076,25,40,0,10000,3.3
175,0.0008,-0.1075,25,40,0,10000,3.3
176,0.0,-0.1074,25,40,0,10000,3.3
177,0.0,-0.1073,25,40,0,10000,3.3
178,0.0,-0.1072,25,40,0,10000,3.3
179,0.0032,-0.1071,25,40,0,10000,3.3
180,0.0032,-0.107,25,40,0,10000,3.3
181,0.0,-0.1069,25,40,0,10000,3.3
182,0.004,-0.1068,25,40,0,10000,3.3
183,0.004,-0.1067,25,40,0,10000,3.3
184,-0.0008,-0.1066,25,40,0,10000,3.3
185,0.0016,-0.1065,25,40,0,10000,3.3
186,0.0016,-0.1064,25,40,0,10000,3.3
187,-0.0016,-0.1063,25,40,0,10000,3.3
188,0.0008,-0.1062,25,40,0,10000,3.3
189,-0.0008,-0.1061,25,40,0,10000,3.3
190,-0.0008,-0.106,25,40,0,10000,3.3
191,0.0016,-0.1059,25,40,0,10000,3.3
192,0.0024000000000000002,-0.1058,25,40,0,10000,3.3
193,-0.0024000000000000002,-0.1057,25,40,0,10000,3.3
194,0.004,-0.1056,25,40,0,10000,3.3
195,-0.0024000000000000002,-0.1055,25,40,0,10000,3.3
196,0.0008,-0.1054,25,40,0,10000,3.3
197,-0.0016,-0.1053,25,40,0,10000,3.3
198,0.0016,-0.1052,25,40,0,10000,3.3
199,0.0016,-0.1051,25,40,0,10000,3.3
200,-0.0008,-0.105,25,40,0,10000,3.3
201,0.0008,-0.1049,25,40,0,10000,3.3
202,-0.0008,-0.1048,25,40,0,10000,3.3
203,0.0032,-0.1047,25,40,0,10000,3.3
204,0.0048000000000000004,-0.1046,25,40,0,10000,3.3
205,0.0016,-0.1045,25,40,0,10000,3.3
206,-0.0024000000000000002,-0.10439999999999999,25,40,0,10000,3.3
207,-0.0008,-0.1043,25,40,0,10000,3.3
208,-0.0088,-0.1042,25,40,0,10000,3.3
209,0.0008,-0.1041,25,40,0,10000,3.3
210,0.0024000000000000002,-0.104,25,40,0,10000,3.3
211,-0.007200000000000001,-0.10389999999999999,25,40,0,10000,3.3
212,0.0048000000000000004,-0.1038,25,40,0,10000,3.3
213,-0.0008,-0.1037,25,40,0,10000,3.3
214,0.0016,-0.1036,25,40,0,10000,3.3
215,0.0048000000000000004,-0.1035,25,40,0,10000,3.3
216,0.0024000000000000002,-0.10339999999999999,25,40,0,10000,3.3
217,0.004,-0.1033,25,40,0,10000,3.3
218,-0.009600000000000001,-0.1032,25,40,0,10000,3.3
219,0.0008,-0.1031,25,40,0,10000,3.3
220,0.0048000000000000004,-0.103,25,40,0,10000,3.3
221,-0.0064,-0.10289999999999999,25,40,0,10000,3.3
222,-0.0008,-0.1028,25,40,0,10000,3.3
223,-0.0016,-0.1027,25,40,0,10000,3.3
224,0.0024000000000000002,-0.1026,25,40,0,10000,3.3
225,0.004,-0.1025,25,40,0,10000,3.3
226,0.0,-0.10239999999999999,25,40,0,10000,3.3
227,0.0,-0.1023,25,40,0,10000,3.3
228,0.0048000000000000004,-0.1022,25,40,0,10000,3.3
229,0.0024000000000000002,-0.1021,25,40,0,10000,3.3
230,0.0,-0.10200000000000001,25,40,0,10000,3.3
231,0.0016,-0.10189999999999999,25,40,0,10000,3.3
232,0.0,-0.1018,25,40,0,10000,3.3
233,-0.0008,-0.1017,25,40,0,10000,3.3
234,0.0016,-0.1016,25,40,0,10000,3.3
235,0.0024000000000000002,-0.1015,25,40,0,10000,3.3
236,0.0,-0.1014,25,40,0,10000,3.3
237,0.0,-0.1013,25,40,0,10000,3.3
238,-0.0016,-0.1012,25,40,0,10000,3.3
239,0.0024000000000000002,-0.1011,25,40,0,10000,3.3
240,0.0008,-0.101,25,40,0,10000,3.3
241,0.0,-0.1009,25,40,0,10000,3.3
242,0.0,-0.1008,25,40,0,10000,3.3
243,0.0048000000000000004,-0.1007,25,40,0,10000,3.3
244,0.0008,-0.1006,25,40,0,10000,3.3
245,0.0032,-0.1005,25,40,0,10000,3.3
246,0.0008,-0.1004,25,40,0,10000,3.3
247,0.0016,-0.1003,25,40,0,10000,3.3
248,0.0024000000000000002,-0.1002,25,40,0,10000,3.3
249,-0.0008,-0.1001,25,40,0,10000,3.3
250,0.0,-0.1,25,40,0,10000,3.3
251,0.004,-0.0999,25,40,0,10000,3.3
252,0.0,-0.0998,25,40,0,10000,3.3
253,0.0048000000000000004,-0.0997,25,40,0,10000,3.3
254,0.0008,-0.0996,25,40,0,10000,3.3
255,-0.0008,-0.0995,25,40,0,10000,3.3
256,0.0,-0.0994,25,40,0,10000,3.3
257,0.0016,-0.0993,25,40,0,10000,3.3
258,-0.0024000000000000002,-0.0992,25,40,0,10000,3.3
259,0.0008,-0.0991,25,40,0,10000,3.3
260,0.0,-0.099,25,40,0,10000,3.3
261,0.0032,-0.0989,25,40,0,10000,3.3
262,0.0016,-0.0988,25,40,0,10000,3.3
263,-0.0008,-0.0987,25,40,0,10000,3.3
264,-0.0008,-0.0986,25,40,0,10000,3.3
265,-0.0088,-0.0985,25,40,0,10000,3.3
266,0.0056,-0.0984,25,40,0,10000,3.3
267,0.0032,-0.0983,25,40,0,10000,3.3
268,0.0024000000000000002,-0.0982,25,40,0,10000,3.3
269,0.0,-0.09809999999999999,25,40,0,10000,3.3
270,0.0016,-0.098,25,40,0,10000,3.3
271,0.0016,-0.0979,25,40,0,10000,3.3
272,-0.0024000000000000002,-0.0978,25,40,0,10000,3.3
273,0.0032,-0.0977,25,40,0,10000,3.3
274,0.0016,-0.09759999999999999,25,40,0,10000,3.3
275,-0.0048000000000000004,-0.0975,25,40,0,10000,3.3
276,0.004,-0.0974,25,40,0,10000,3.3
277,0.0024000000000000002,-0.0973,25,40,0,10000,3.3
278,0.0016,-0.0972,25,40,0,10000,3.3
279,0.0016,-0.09709999999999999,25,40,0,10000,3.3
280,0.0008,-0.097,25,40,0,10000,3.3
281,0.0032,-0.0969,25,40,0,10000,3.3
282,0.0048000000000000004,-0.0968,25,40,0,10000,3.3
283,0.0016,-0.0967,25,40,0,10000,3.3
284,0.0008,-0.09659999999999999,25,40,0,10000,3.3
285,0.0,-0.0965,25,40,0,10000,3.3
286,0.0024000000000000002,-0.0964,25,40,0,10000,3.3
287,0.0,-0.0963,25,40,0,10000,3.3
288,0.0,-0.0962,25,40,0,10000,3.3
289,0.0032,-0.09609999999999999,25,40,0,10000,3.3
290,-0.0008,-0.096,25,40,0,10000,3.3
291,0.0,-0.0959,25,40,0,10000,3.3
292,0.0024000000000000002,-0.0958,25,40,0,10000,3.3
293,0.0024000000000000002,-0.0957,25,40,0,10000,3.3
294,0.0016,-0.09559999999999999,25,40,0,10000,3.3
295,0.0008,-0.0955,25,40,0,10000,3.3
296,0.0,-0.0954,25,40,0,10000,3.3
297,0.0048000000000000004,-0.0953,25,40,0,10000,3.3
298,0.0,-0.0952,25,40,0,10000,3.3
299,0.0032,-0.09509999999999999,25,40,0,10000,3.3
300,-0.008,-0.095,25,40,0,10000,3.3
301,-0.0048000000000000004,-0.0949,25,40,0,10000,3.3
302,0.0008,-0.0948,25,40,0,10000,3.3
303,0.0024000000000000002,-0.0947,25,40,0,10000,3.3
304,0.0,-0.0946,25,40,0,10000,3.3
305,-0.0008,-0.0945,25,40,0,10000,3.3
306,0.0032,-0.0944,25,40,0,10000,3.3
307,0.0032,-0.0943,25,40,0,10000,3.3
308,0.0,-0.0942,25,40,0,10000,3.3
309,0.0064,-0.0941,25,40,0,10000,3.3
310,0.0024000000000000002,-0.094,25,40,0,10000,3.3
311,0.0,-0.0939,25,40,0,10000,3.3
312,0.0024000000000000002,-0.0938,25,40,0,10000,3.3
313,0.0008,-0.0937,25,40,0,10000,3.3
314,0.0024000000000000002,-0.09359999999999999,25,40,0,10000,3.3
315,0.0024000000000000002,-0.0935,25,40,0,10000,3.3
316,-0.0008,-0.0934,25,40,0,10000,3.3
317,0.0024000000000000002,-0.0933,25,40,0,10000,3.3
318,0.004,-0.0932,25,40,0,10000,3.3
319,0.0048000000000000004,-0.09309999999999999,25,40,0,10000,3.3
320,0.007200000000000001,-0.093,25,40,0,10000,3.3
321,0.004,-0.0929,25,40,0,10000,3.3
322,0.0024000000000000002,-0.0928,25,40,0,10000,3.3
323,0.0,-0.0927,25,40,0,10000,3.3
324,0.0024000000000000002,-0.0926,25,40,0,10000,3.3
325,0.0016,-0.0925,25,40,0,10000,3.3
326,-0.0088,-0.0924,25,40,0,10000,3.3
327,0.0032,-0.0923,25,40,0,10000,3.3
328,0.0,-0.0922,25,40,0,10000,3.3
329,0.0032,-0.0921,25,40,0,10000,3.3
330,0.0008,-0.092,25,40,0,10000,3.3
331,0.004,-0.0919,25,40,0,10000,3.3
332,0.0056,-0.09179999999999999,25,40,0,10000,3.3
333,0.0,-0.0917,25,40,0,10000,3.3
334,0.004,-0.0916,25,40,0,10000,3.3
335,0.0032,-0.0915,25,40,0,10000,3.3
336,0.0024000000000000002,-0.0914,25,40,0,10000,3.3
337,0.0016,-0.09129999999999999,25,40,0,10000,3.3
338,0.0032,-0.0912,25,40,0,10000,3.3
339,0.0008,-0.0911,25,40,0,10000,3.3
340,-0.0016,-0.091,25,40,0,10000,3.3
341,-0.007200000000000001,-0.09090000000000001,25,40,0,10000,3.3
342,0.0008,-0.09079999999999999,25,40,0,10000,3.3
343,0.0024000000000000002,-0.0907,25,40,0,10000,3.3
344,0.0008,-0.0906,25,40,0,10000,3.3
345,0.0016,-0.0905,25,40,0,10000,3.3
346,-0.0032,-0.09040000000000001,25,40,0,10000,3.3
347,0.0048000000000000004,-0.09029999999999999,25,40,0,10000,3.3
348,0.0056,-0.0902,25,40,0,10000,3.3
349,0.0016,-0.0901,25,40,0,10000,3.3
350,0.0008,-0.09,25,40,0,10000,3.3
351,0.004,-0.08990000000000001,25,40,0,10000,3.3
352,0.0016,-0.08979999999999999,25,40,0,10000,3.3
353,0.0008,-0.0897,25,40,0,10000,3.3
354,0.0016,-0.0896,25,40,0,10000,3.3
355,-0.009600000000000001,-0.0895,25,40,0,10000,3.3
356,0.0,-0.08940000000000001,25,40,0,10000,3.3
357,0.0016,-0.08929999999999999,25,40,0,10000,3.3
358,0.0016,-0.0892,25,40,0,10000,3.3
359,-0.0008,-0.0891,25,40,0,10000,3.3
360,0.0024000000000000002,-0.089,25,40,0,10000,3.3
361,-0.0016,-0.0889,25,40,0,10000,3.3
362,0.0024000000000000002,-0.08879999999999999,25,40,0,10000,3.3
363,0.0016,-0.0887,25,40,0,10000,3.3
364,-0.0008,-0.0886,25,40,0,10000,3.3
365,0.0032,-0.0885,25,40,0,10000,3.3
366,0.0008,-0.0884,25,40,0,10000,3.3
367,-0.0024000000000000002,-0.08829999999999999,25,40,0,10000,3.3
368,0.0048000000000000004,-0.0882,25,40,0,10000,3.3
369,0.0008,-0.0881,25,40,0,10000,3.3
370,0.0024000000000000002,-0.088,25,40,0,10000,3.3
371,0.0048000000000000004,-0.0879,25,40,0,10000,3.3
372,0.0032,-0.08779999999999999,25,40,0,10000,3.3
373,0.0032,-0.0877,25,40,0,10000,3.3
374,0.0,-0.0876,25,40,0,10000,3.3
375,-0.0008,-0.0875,25,40,0,10000,3.3
376,0.0016,-0.0874,25,40,0,10000,3.3
377,-0.0032,-0.08729999999999999,25,40,0,10000,3.3
378,0.0,-0.0872,25,40,0,10000,3.3
379,0.0008,-0.0871,25,40,0,10000,3.3
380,0.0008,-0.087,25,40,0,10000,3.3
381,0.0,-0.0869,25,40,0,10000,3.3
382,0.0016,-0.08679999999999999,25,40,0,10000,3.3
383,0.0008,-0.0867,25,40,0,10000,3.3
384,-0.004,-0.0866,25,40,0,10000,3.3
385,0.0,-0.0865,25,40,0,10000,3.3
386,0.0008,-0.0864,25,40,0,10000,3.3
387,0.0032,-0.08629999999999999,25,40,0,10000,3.3
388,0.0024000000000000002,-0.0862,25,40,0,10000,3.3
389,-0.012,-0.0861,25,40,0,10000,3.3
390,0.0032,-0.086,25,40,0,10000,3.3
391,0.0024000000000000002,-0.0859,25,40,0,10000,3.3
392,0.0016,-0.0858,25,40,0,10000,3.3
393,0.0024000000000000002,-0.0857,25,40,0,10000,3.3
394,0.0008,-0.0856,25,40,0,10000,3.3
395,0.0008,-0.08549999999999999,25,40,0,10000,3.3
396,-0.007200000000000001,-0.0854,25,40,0,10000,3.3
397,0.0024000000000000002,-0.0853,25,40,0,10000,3.3
398,0.0016,-0.0852,25,40,0,10000,3.3
399,0.0016,-0.0851,25,40,0,10000,3.3
400,0.0008,-0.08499999999999999,25,40,0,10000,3.3
401,0.0032,-0.0849,25,40,0,10000,3.3
402,0.0016,-0.0848,25,40,0,10000,3.3
403,0.0024000000000000002,-0.0847,25,40,0,10000,3.3
404,-0.010400000000000001,-0.0846,25,40,0,10000,3.3
405,0.0048000000000000004,-0.08449999999999999,25,40,0,10000,3.3
406,0.0032,-0.0844,25,40,0,10000,3.3
407,-0.0008,-0.0843,25,40,0,10000,3.3
408,-0.0056,-0.0842,25,40,0,10000,3.3
409,0.004,-0.08410000000000001,25,40,0,10000,3.3
410,0.004,-0.08399999999999999,25,40,0,10000,3.3
411,0.0024000000000000002,-0.0839,25,40,0,10000,3.3
412,0.004,-0.0838,25,40,0,10000,3.3
413,0.0,-0.0837,25,40,0,10000,3.3
414,-0.0016,-0.08360000000000001,25,40,0,10000,3.3
415,0.0008,-0.08349999999999999,25,40,0,10000,3.3
416,0.0024000000000000002,-0.0834,25,40,0,10000,3.3
417,0.0032,-0.0833,25,40,0,10000,3.3
418,0.0032,-0.0832,25,40,0,10000,3.3
419,0.004,-0.08310000000000001,25,40,0,10000,3.3
420,-0.0008,-0.08299999999999999,25,40,0,10000,3.3
421,0.0008,-0.0829,25,40,0,10000,3.3
422,0.0008,-0.0828,25,40,0,10000,3.3
423,0.0008,-0.0827,25,40,0,10000,3.3
424,0.0024000000000000002,-0.0826,25,40,0,10000,3.3
425,0.0,-0.08249999999999999,25,40,0,10000,3.3
426,0.0032,-0.0824,25,40,0,10000,3.3
427,-0.0016,-0.0823,25,40,0,10000,3.3
428,0.0024000000000000002,-0.0822,25,40,0,10000,3.3
429,-0.004,-0.0821,25,40,0,10000,3.3
430,0.0032,-0.08199999999999999,25,40,0,10000,3.3
431,0.0016,-0.0819,25,40,0,10000,3.3
432,0.004,-0.0818,25,40,0,10000,3.3
433,0.0016,-0.0817,25,40,0,10000,3.3
434,0.0048000000000000004,-0.0816,25,40,0,10000,3.3
435,0.0008,-0.08149999999999999,25,40,0,10000,3.3
436,0.0016,-0.0814,25,40,0,10000,3.3
437,0.0016,-0.0813,25,40,0,10000,3.3
438,-0.0008,-0.0812,25,40,0,10000,3.3
439,0.004,-0.0811,25,40,0,10000,3.3
440,0.0016,-0.08099999999999999,25,40,0,10000,3.3
441,0.0,-0.0809,25,40,0,10000,3.3
442,0.0,-0.0808,25,40,0,10000,3.3
443,0.0008,-0.0807,25,40,0,10000,3.3
444,-0.0008,-0.0806,25,40,0,10000,3.3
445,0.0032,-0.08049999999999999,25,40,0,10000,3.3
446,0.0008,-0.0804,25,40,0,10000,3.3
447,0.0016,-0.0803,25,40,0,10000,3.3
448,0.0,-0.0802,25,40,0,10000,3.3
449,0.0008,-0.0801,25,40,0,10000,3.3
450,0.0024000000000000002,-0.07999999999999999,25,40,0,10000,3.3
451,-0.0016,-0.0799,25,40,0,10000,3.3
452,0.004,-0.0798,25,40,0,10000,3.3
453,0.0016,-0.0797,25,40,0,10000,3.3
454,0.0008,-0.0796,25,40,0,10000,3.3
455,-0.0032,-0.0795,25,40,0,10000,3.3
456,0.0,-0.0794,25,40,0,10000,3.3
457,0.0,-0.0793,25,40,0,10000,3.3
458,0.0024000000000000002,-0.07919999999999999,25,40,0,10000,3.3
459,0.0032,-0.0791,25,40,0,10000,3.3
460,0.0032,-0.079,25,40,0,10000,3.3
461,0.004,-0.0789,25,40,0,10000,3.3
462,-0.0016,-0.0788,25,40,0,10000,3.3
463,0.0,-0.07869999999999999,25,40,0,10000,3.3
464,0.0008,-0.0786,25,40,0,10000,3.3
465,0.0,-0.0785,25,40,0,10000,3.3
466,0.007200000000000001,-0.0784,25,40,0,10000,3.3
467,0.0008,-0.0783,25,40,0,10000,3.3
468,-0.0088,-0.07819999999999999,25,40,0,10000,3.3
469,0.0,-0.0781,25,40,0,10000,3.3
470,-0.0008,-0.078,25,40,0,10000,3.3
471,-0.0128,-0.0779,25,40,0,10000,3.3
472,0.0016,-0.07780000000000001,25,40,0,10000,3.3
473,0.0024000000000000002,-0.07769999999999999,25,40,0,10000,3.3
474,0.004,-0.0776,25,40,0,10000,3.3
475,0.0008,-0.0775,25,40,0,10000,3.3
476,-0.0152,-0.0774,25,40,0,10000,3.3
477,0.0008,-0.07730000000000001,25,40,0,10000,3.3
478,0.0,-0.07719999999999999,25,40,0,10000,3.3
479,0.0008,-0.0771,25,40,0,10000,3.3
480,0.0048000000000000004,-0.077,25,40,0,10000,3.3
481,0.0024000000000000002,-0.0769,25,40,0,10000,3.3
482,-0.0016,-0.07680000000000001,25,40,0,10000,3.3
483,0.0,-0.07669999999999999,25,40,0,10000,3.3
484,0.0032,-0.0766,25,40,0,10000,3.3
485,0.0032,-0.0765,25,40,0,10000,3.3
486,0.0024000000000000002,-0.0764,25,40,0,10000,3.3
487,0.0008,-0.0763,25,40,0,10000,3.3
488,0.0016,-0.07619999999999999,25,40,0,10000,3.3
489,0.004,-0.0761,25,40,0,10000,3.3
490,-0.004,-0.076,25,40,0,10000,3.3
491,0.0024000000000000002,-0.0759,25,40,0,10000,3.3
492,0.0024000000000000002,-0.0758,25,40,0,10000,3.3
493,0.0024000000000000002,-0.07569999999999999,25,40,0,10000,3.3
494,0.0,-0.0756,25,40,0,10000,3.3
495,0.0032,-0.0755,25,40,0,10000,3.3
496,0.0048000000000000004,-0.0754,25,40,0,10000,3.3
497,0.0048000000000000004,-0.0753,25,40,0,10000,3.3
498,0.0016,-0.07519999999999999,25,40,0,10000,3.3
499,0.0024000000000000002,-0.0751,25,40,0,10000,3.3
500,0.0024000000000000002,-0.075,25,40,0,10000,3.3
501,-0.0016,-0.0749,25,40,0,10000,3.3
502,0.0032,-0.0748,25,40,0,10000,3.3
503,-0.0016,-0.07469999999999999,25,40,0,10000,3.3
504,0.0016,-0.0746,25,40,0,10000,3.3
505,0.0,-0.0745,25,40,0,10000,3.3
506,0.0024000000000000002,-0.0744,25,40,0,10000,3.3
507,0.0032,-0.0743,25,40,0,10000,3.3
508,0.0,-0.07419999999999999,25,40,0,10000,3.3
509,0.0016,-0.0741,25,40,0,10000,3.3
510,0.0024000000000000002,-0.074,25,40,0,10000,3.3
511,-0.004,-0.0739,25,40,0,10000,3.3
512,0.004,-0.0738,25,40,0,10000,3.3
513,0.0032,-0.07369999999999999,25,40,0,10000,3.3
514,0.004,-0.0736,25,40,0,10000,3.3
515,0.0024000000000000002,-0.0735,25,40,0,10000,3.3
516,0.0,-0.07339999999999999,25,40,0,10000,3.3
517,0.0024000000000000002,-0.0733,25,40,0,10000,3.3
518,0.0032,-0.07319999999999999,25,40,0,10000,3.3
519,0.0016,-0.0731,25,40,0,10000,3.3
520,0.0008,-0.073,25,40,0,10000,3.3
521,0.0064,-0.07289999999999999,25,40,0,10000,3.3
522,-0.0016,-0.0728,25,40,0,10000,3.3
523,0.0032,-0.0727,25,40,0,10000,3.3
524,0.0032,-0.0726,25,40,0,10000,3.3
525,0.0008,-0.0725,25,40,0,10000,3.3
526,-0.0008,-0.07239999999999999,25,40,0,10000,3.3
527,0.0032,-0.0723,25,40,0,10000,3.3
528,0.004,-0.0722,25,40,0,10000,3.3
529,0.0016,-0.0721,25,40,0,10000,3.3
530,0.0024000000000000002,-0.072,25,40,0,10000,3.3
531,0.0032,-0.07189999999999999,25,40,0,10000,3.3
532,0.0032,-0.0718,25,40,0,10000,3.3
533,0.0,-0.0717,25,40,0,10000,3.3
534,0.0032,-0.0716,25,40,0,10000,3.3
535,-0.0024000000000000002,-0.0715,25,40,0,10000,3.3
536,0.0016,-0.07139999999999999,25,40,0,10000,3.3
537,-0.0008,-0.0713,25,40,0,10000,3.3
538,0.0024000000000000002,-0.0712,25,40,0,10000,3.3
539,0.0032,-0.0711,25,40,0,10000,3.3
540,-0.0016,-0.07100000000000001,25,40,0,10000,3.3
541,0.0008,-0.07089999999999999,25,40,0,10000,3.3
542,0.0016,-0.0708,25,40,0,10000,3.3
543,0.0008,-0.0707,25,40,0,10000,3.3
544,0.0008,-0.0706,25,40,0,10000,3.3
545,0.0016,-0.07050000000000001,25,40,0,10000,3.3
546,0.0016,-0.07039999999999999,25,40,0,10000,3.3
547,0.0032,-0.0703,25,40,0,10000,3.3
548,0.0024000000000000002,-0.0702,25,40,0,10000,3.3
549,-0.004,-0.0701,25,40,0,10000,3.3
550,0.0016,-0.07,25,40,0,10000,3.3
551,0.0024000000000000002,-0.06989999999999999,25,40,0,10000,3.3
552,0.0,-0.0698,25,40,0,10000,3.3
553,0.0,-0.0697,25,40,0,10000,3.3
554,0.0032,-0.0696,25,40,0,10000,3.3
555,-0.0016,-0.0695,25,40,0,10000,3.3
556,-0.0008,-0.06939999999999999,25,40,0,10000,3.3
557,0.004,-0.0693,25,40,0,10000,3.3
558,0.0032,-0.0692,25,40,0,10000,3.3
559,0.0,-0.0691,25,40,0,10000,3.3
560,0.0048000000000000004,-0.069,25,40,0,10000,3.3
561,0.0024000000000000002,-0.06889999999999999,25,40,0,10000,3.3
562,0.0024000000000000002,-0.0688,25,40,0,10000,3.3
563,0.0024000000000000002,-0.0687,25,40,0,10000,3.3
564,0.0024000000000000002,-0.0686,25,40,0,10000,3.3
565,-0.0008,-0.0685,25,40,0,10000,3.3
566,0.0,-0.06839999999999999,25,40,0,10000,3.3
567,-0.0016,-0.0683,25,40,0,10000,3.3
568,0.004,-0.0682,25,40,0,10000,3.3
569,0.0,-0.0681,25,40,0,10000,3.3
570,0.004,-0.068,25,40,0,10000,3.3
571,0.0008,-0.06789999999999999,25,40,0,10000,3.3
572,0.0008,-0.0678,25,40,0,10000,3.3
573,-0.0016,-0.0677,25,40,0,10000,3.3
574,0.0,-0.0676,25,40,0,10000,3.3
575,0.0016,-0.0675,25,40,0,10000,3.3
576,0.0024000000000000002,-0.06739999999999999,25,40,0,10000,3.3
577,0.0024000000000000002,-0.0673,25,40,0,10000,3.3
578,0.0016,-0.0672,25,40,0,10000,3.3
579,0.0,-0.06709999999999999,25,40,0,10000,3.3
580,0.0032,-0.067,25,40,0,10000,3.3
581,0.0008,-0.06689999999999999,25,40,0,10000,3.3
582,0.0024000000000000002,-0.0668,25,40,0,10000,3.3
583,0.0008,-0.0667,25,40,0,10000,3.3
584,0.0,-0.06659999999999999,25,40,0,10000,3.3
585,-0.0008,-0.0665,25,40,0,10000,3.3
586,0.0008,-0.06639999999999999,25,40,0,10000,3.3
587,0.0024000000000000002,-0.0663,25,40,0,10000,3.3
588,0.0016,-0.0662,25,40,0,10000,3.3
589,0.0008,-0.06609999999999999,25,40,0,10000,3.3
590,-0.0008,-0.066,25,40,0,10000,3.3
591,0.0024000000000000002,-0.0659,25,40,0,10000,3.3
592,0.004,-0.0658,25,40,0,10000,3.3
593,0.0,-0.0657,25,40,0,10000,3.3
594,-0.004,-0.06559999999999999,25,40,0,10000,3.3
595,0.0032,-0.0655,25,40,0,10000,3.3
596,-0.0088,-0.0654,25,40,0,10000,3.3
597,0.0,-0.0653,25,40,0,10000,3.3
598,0.0016,-0.0652,25,40,0,10000,3.3
599,0.0016,-0.06509999999999999,25,40,0,10000,3.3
600,0.0,-0.065,25,40,0,10000,3.3
601,-0.0008,-0.0649,25,40,0,10000,3.3
602,0.0016,-0.0648,25,40,0,10000,3.3
603,-0.0008,-0.06470000000000001,25,40,0,10000,3.3
604,0.0016,-0.06459999999999999,25,40,0,10000,3.3
605,-0.010400000000000001,-0.0645,25,40,0,10000,3.3
606,0.0024000000000000002,-0.0644,25,40,0,10000,3.3
607,0.0016,-0.0643,25,40,0,10000,3.3
608,0.0048000000000000004,-0.06420000000000001,25,40,0,10000,3.3
609,0.0024000000000000002,-0.06409999999999999,25,40,0,10000,3.3
610,0.0016,-0.064,25,40,0,10000,3.3
611,0.0024000000000000002,-0.0639,25,40,0,10000,3.3
612,0.0016,-0.0638,25,40,0,10000,3.3
613,-0.0024000000000000002,-0.0637,25,40,0,10000,3.3
614,0.0024000000000000002,-0.06359999999999999,25,40,0,10000,3.3
615,-0.0024000000000000002,-0.0635,25,40,0,10000,3.3
616,-0.0008,-0.0634,25,40,0,10000,3.3
617,0.0016,-0.0633,25,40,0,10000,3.3
618,0.0008,-0.0632,25,40,0,10000,3.3
619,0.0032,-0.06309999999999999,25,40,0,10000,3.3
620,0.0024000000000000002,-0.063,25,40,0,10000,3.3
621,0.0016,-0.0629,25,40,0,10000,3.3
622,0.0016,-0.0628,25,40,0,10000,3.3
623,0.004,-0.0627,25,40,0,10000,3.3
624,0.0008,-0.06259999999999999,25,40,0,10000,3.3
625,-0.0128,-0.0625,25,40,0,10000,3.3
626,0.0024000000000000002,-0.0624,25,40,0,10000,3.3
627,0.0016,-0.062299999999999994,25,40,0,10000,3.3
628,0.0,-0.06219999999999999,25,40,0,10000,3.3
629,0.0008,-0.0621,25,40,0,10000,3.3
630,0.004,-0.062,25,40,0,10000,3.3
631,0.0024000000000000002,-0.0619,25,40,0,10000,3.3
632,0.0008,-0.061799999999999994,25,40,0,10000,3.3
633,0.0008,-0.06169999999999999,25,40,0,10000,3.3
634,0.0008,-0.0616,25,40,0,10000,3.3
635,0.0032,-0.0615,25,40,0,10000,3.3
636,0.0032,-0.061399999999999996,25,40,0,10000,3.3
637,0.0024000000000000002,-0.06129999999999999,25,40,0,10000,3.3
638,0.0016,-0.06119999999999999,25,40,0,10000,3.3
639,0.0024000000000000002,-0.0611,25,40,0,10000,3.3
640,0.0008,-0.061,25,40,0,10000,3.3
641,0.0016,-0.060899999999999996,25,40,0,10000,3.3
642,0.0024000000000000002,-0.06079999999999999,25,40,0,10000,3.3
643,0.0,-0.06069999999999999,25,40,0,10000,3.3
644,-0.0008,-0.0606,25,40,0,10000,3.3
645,-0.0032,-0.0605,25,40,0,10000,3.3
646,0.0048000000000000004,-0.060399999999999995,25,40,0,10000,3.3
647,-0.0016,-0.06029999999999999,25,40,0,10000,3.3
648,0.0016,-0.060200000000000004,25,40,0,10000,3.3
649,0.0024000000000000002,-0.0601,25,40,0,10000,3.3
650,0.0024000000000000002,-0.06,25,40,0,10000,3.3
651,0.0024000000000000002,-0.059899999999999995,25,40,0,10000,3.3
652,-0.0008,-0.05979999999999999,25,40,0,10000,3.3
653,0.0,-0.0597,25,40,0,10000,3.3
654,-0.0008,-0.0596,25,40,0,10000,3.3
655,0.0024000000000000002,-0.0595,25,40,0,10000,3.3
656,0.0048000000000000004,-0.059399999999999994,25,40,0,10000,3.3
657,-0.0024000000000000002,-0.05929999999999999,25,40,0,10000,3.3
658,0.0032,-0.0592,25,40,0,10000,3.3
659,0.0016,-0.0591,25,40,0,10000,3.3
660,0.0,-0.059,25,40,0,10000,3.3
661,0.0016,-0.058899999999999994,25,40,0,10000,3.3
662,0.0008,-0.05879999999999999,25,40,0,10000,3.3
663,0.0024000000000000002,-0.0587,25,40,0,10000,3.3
664,0.0,-0.0586,25,40,0,10000,3.3
665,0.0024000000000000002,-0.058499999999999996,25,40,0,10000,3.3
666,0.0024000000000000002,-0.058399999999999994,25,40,0,10000,3.3
667,0.0024000000000000002,-0.05829999999999999,25,40,0,10000,3.3
668,0.004,-0.0582,25,40,0,10000,3.3
669,-0.0016,-0.0581,25,40,0,10000,3.3
670,-0.0048000000000000004,-0.057999999999999996,25,40,0,10000,3.3
671,0.004,-0.05789999999999999,25,40,0,10000,3.3
672,-0.004,-0.05779999999999999,25,40,0,10000,3.3
673,0.0016,-0.0577,25,40,0,10000,3.3
674,0.0,-0.0576,25,40,0,10000,3.3
675,0.0,-0.057499999999999996,25,40,0,10000,3.3
676,0.0032,-0.05739999999999999,25,40,0,10000,3.3
677,0.0032,-0.05729999999999999,25,40,0,10000,3.3
678,0.0024000000000000002,-0.0572,25,40,0,10000,3.3
679,0.0032,-0.0571,25,40,0,10000,3.3
680,0.0024000000000000002,-0.056999999999999995,25,40,0,10000,3.3
681,0.0,-0.05689999999999999,25,40,0,10000,3.3
682,-0.004,-0.0568,25,40,0,10000,3.3
683,0.0024000000000000002,-0.0567,25,40,0,10000,3.3
684,0.0024000000000000002,-0.0566,25,40,0,10000,3.3
685,0.0,-0.056499999999999995,25,40,0,10000,3.3
686,0.004,-0.05639999999999999,25,40,0,10000,3.3
687,0.0024000000000000002,-0.0563,25,40,0,10000,3.3
688,0.004,-0.0562,25,40,0,10000,3.3
689,0.0,-0.0561,25,40,0,10000,3.3
690,0.0048000000000000004,-0.055999999999999994,25,40,0,10000,3.3
691,0.0056,-0.05589999999999999,25,40,0,10000,3.3
692,0.0008,-0.0558,25,40,0,10000,3.3
693,0.0,-0.0557,25,40,0,10000,3.3
694,0.004,-0.0556,25,40,0,10000,3.3
695,0.0048000000000000004,-0.055499999999999994,25,40,0,10000,3.3
696,0.0024000000000000002,-0.05539999999999999,25,40,0,10000,3.3
697,0.0008,-0.0553,25,40,0,10000,3.3
698,0.0024000000000000002,-0.0552,25,40,0,10000,3.3
699,0.0032,-0.055099999999999996,25,40,0,10000,3.3
700,0.0024000000000000002,-0.05499999999999999,25,40,0,10000,3.3
701,-0.008,-0.05489999999999999,25,40,0,10000,3.3
702,0.0008,-0.0548,25,40,0,10000,3.3
703,-0.0008,-0.0547,25,40,0,10000,3.3
704,0.0024000000000000002,-0.054599999999999996,25,40,0,10000,3.3
705,0.0024000000000000002,-0.05449999999999999,25,40,0,10000,3.3
706,0.0032,-0.05439999999999999,25,40,0,10000,3.3
707,-0.0008,-0.0543,25,40,0,10000,3.3
708,0.0,-0.0542,25,40,0,10000,3.3
709,0.004,-0.054099999999999995,25,40,0,10000,3.3
710,0.0016,-0.05399999999999999,25,40,0,10000,3.3
711,0.0,-0.0539,25,40,0,10000,3.3
712,0.0016,-0.0538,25,40,0,10000,3.3
713,0.0008,-0.0537,25,40,0,10000,3.3
714,0.0032,-0.053599999999999995,25,40,0,10000,3.3
715,0.0,-0.05349999999999999,25,40,0,10000,3.3
716,0.0,-0.0534,25,40,0,10000,3.3
717,-0.0008,-0.0533,25,40,0,10000,3.3
718,-0.0024000000000000002,-0.0532,25,40,0,10000,3.3
719,0.0016,-0.053099999999999994,25,40,0,10000,3.3
720,0.0,-0.05299999999999999,25,40,0,10000,3.3
721,0.0048000000000000004,-0.0529,25,40,0,10000,3.3
722,0.0056,-0.0528,25,40,0,10000,3.3
723,0.0008,-0.0527,25,40,0,10000,3.3
724,0.0024000000000000002,-0.052599999999999994,25,40,0,10000,3.3
725,0.004,-0.05249999999999999,25,40,0,10000,3.3
726,0.0032,-0.0524,25,40,0,10000,3.3
727,0.0032,-0.0523,25,40,0,10000,3.3
728,0.0008,-0.052199999999999996,25,40,0,10000,3.3
729,0.0024000000000000002,-0.052099999999999994,25,40,0,10000,3.3
730,0.0,-0.05199999999999999,25,40,0,10000,3.3
731,0.0016,-0.0519,25,40,0,10000,3.3
732,0.0032,-0.0518,25,40,0,10000,3.3
733,0.0008,-0.051699999999999996,25,40,0,10000,3.3
734,0.004,-0.05159999999999999,25,40,0,10000,3.3
735,-0.0016,-0.05149999999999999,25,40,0,10000,3.3
736,0.0016,-0.0514,25,40,0,10000,3.3
737,-0.0008,-0.0513,25,40,0,10000,3.3
738,0.004,-0.051199999999999996,25,40,0,10000,3.3
739,0.0008,-0.05109999999999999,25,40,0,10000,3.3
740,0.0016,-0.05099999999999999,25,40,0,10000,3.3
741,-0.0008,-0.0509,25,40,0,10000,3.3
742,0.0048000000000000004,-0.0508,25,40,0,10000,3.3
743,0.0016,-0.050699999999999995,25,40,0,10000,3.3
744,0.0024000000000000002,-0.05059999999999999,25,40,0,10000,3.3
745,0.004,-0.0505,25,40,0,10000,3.3
746,0.0032,-0.0504,25,40,0,10000,3.3
747,0.0,-0.0503,25,40,0,10000,3.3
748,0.004,-0.050199999999999995,25,40,0,10000,3.3
749,0.0024000000000000002,-0.05009999999999999,25,40,0,10000,3.3
750,0.0032,-0.05,25,40,0,10000,3.3
751,0.0016,-0.0499,25,40,0,10000,3.3
752,0.0032,-0.0498,25,40,0,10000,3.3
753,0.0032,-0.049699999999999994,25,40,0,10000,3.3
754,0.0048000000000000004,-0.04959999999999999,25,40,0,10000,3.3
755,0.0008,-0.0495,25,40,0,10000,3.3
756,0.004,-0.0494,25,40,0,10000,3.3
757,0.0024000000000000002,-0.0493,25,40,0,10000,3.3
758,0.0024000000000000002,-0.049199999999999994,25,40,0,10000,3.3
759,0.0,-0.04909999999999999,25,40,0,10000,3.3
760,-0.0048000000000000004,-0.049,25,40,0,10000,3.3
761,0.0024000000000000002,-0.0489,25,40,0,10000,3.3
762,-0.0016,-0.048799999999999996,25,40,0,10000,3.3
763,0.0056,-0.04869999999999999,25,40,0,10000,3.3
764,0.0024000000000000002,-0.04859999999999999,25,40,0,10000,3.3
765,0.0048000000000000004,-0.0485,25,40,0,10000,3.3
766,0.0024000000000000002,-0.0484,25,40,0,10000,3.3
767,0.0024000000000000002,-0.048299999999999996,25,40,0,10000,3.3
768,0.0008,-0.04819999999999999,25,40,0,10000,3.3
769,0.0048000000000000004,-0.04809999999999999,25,40,0,10000,3.3
770,0.0024000000000000002,-0.048,25,40,0,10000,3.3
771,0.004,-0.0479,25,40,0,10000,3.3
772,0.0048000000000000004,-0.047799999999999995,25,40,0,10000,3.3
773,0.0016,-0.04769999999999999,25,40,0,10000,3.3
774,0.004,-0.04759999999999999,25,40,0,10000,3.3
775,0.0048000000000000004,-0.0475,25,40,0,10000,3.3
776,-0.0032,-0.0474,25,40,0,10000,3.3
777,0.0,-0.047299999999999995,25,40,0,10000,3.3
778,-0.0008,-0.04719999999999999,25,40,0,10000,3.3
779,-0.0056,-0.0471,25,40,0,10000,3.3
780,0.0016,-0.047,25,40,0,10000,3.3
781,-0.0016,-0.0469,25,40,0,10000,3.3
782,0.0024000000000000002,-0.046799999999999994,25,40,0,10000,3.3
783,-0.010400000000000001,-0.04669999999999999,25,40,0,10000,3.3
784,0.004,-0.0466,25,40,0,10000,3.3
785,0.0024000000000000002,-0.0465,25,40,0,10000,3.3
786,0.0008,-0.0464,25,40,0,10000,3.3
787,0.0024000000000000002,-0.046299999999999994,25,40,0,10000,3.3
788,0.0016,-0.04619999999999999,25,40,0,10000,3.3
789,0.0032,-0.0461,25,40,0,10000,3.3
790,0.0016,-0.046,25,40,0,10000,3.3
791,-0.0024000000000000002,-0.045899999999999996,25,40,0,10000,3.3
792,0.0016,-0.045799999999999993,25,40,0,10000,3.3
793,0.0032,-0.04569999999999999,25,40,0,10000,3.3
794,0.0008,-0.0456,25,40,0,10000,3.3
795,0.0024000000000000002,-0.0455,25,40,0,10000,3.3
796,0.0008,-0.045399999999999996,25,40,0,10000,3.3
797,0.0032,-0.04529999999999999,25,40,0,10000,3.3
798,0.0,-0.04519999999999999,25,40,0,10000,3.3
799,0.0032,-0.0451,25,40,0,10000,3.3
800,0.0,-0.045,25,40,0,10000,3.3
801,0.0024000000000000002,-0.044899999999999995,25,40,0,10000,3.3
802,0.0032,-0.04479999999999999,25,40,0,10000,3.3
803,-0.0008,-0.04469999999999999,25,40,0,10000,3.3
804,0.0008,-0.0446,25,40,0,10000,3.3
805,-0.0024000000000000002,-0.0445,25,40,0,10000,3.3
806,0.0016,-0.044399999999999995,25,40,0,10000,3.3
807,0.0024000000000000002,-0.04429999999999999,25,40,0,10000,3.3
808,0.0024000000000000002,-0.04419999999999999,25,40,0,10000,3.3
809,-0.0008,-0.0441,25,40,0,10000,3.3
810,0.007200000000000001,-0.044,25,40,0,10000,3.3
811,-0.0016,-0.043899999999999995,25,40,0,10000,3.3
812,0.0,-0.04379999999999999,25,40,0,10000,3.3
813,-0.0008,-0.0437,25,40,0,10000,3.3
814,0.0,-0.0436,25,40,0,10000,3.3
815,0.0032,-0.0435,25,40,0,10000,3.3
816,0.0024000000000000002,-0.043399999999999994,25,40,0,10000,3.3
817,0.0008,-0.04329999999999999,25,40,0,10000,3.3
818,-0.004,-0.0432,25,40,0,10000,3.3
819,0.0016,-0.0431,25,40,0,10000,3.3
820,0.0008,-0.043,25,40,0,10000,3.3
821,0.0024000000000000002,-0.042899999999999994,25,40,0,10000,3.3
822,0.0024000000000000002,-0.04279999999999999,25,40,0,10000,3.3
823,0.0,-0.0427,25,40,0,10000,3.3
824,0.0048000000000000004,-0.0426,25,40,0,10000,3.3
825,0.0016,-0.042499999999999996,25,40,0,10000,3.3
826,-0.0016,-0.04239999999999999,25,40,0,10000,3.3
827,0.0024000000000000002,-0.04229999999999999,25,40,0,10000,3.3
828,0.004,-0.0422,25,40,0,10000,3.3
829,0.0024000000000000002,-0.0421,25,40,0,10000,3.3
830,0.004,-0.041999999999999996,25,40,0,10000,3.3
831,0.0032,-0.04189999999999999,25,40,0,10000,3.3
832,0.0032,-0.04179999999999999,25,40,0,10000,3.3
833,0.0048000000000000004,-0.0417,25,40,0,10000,3.3
834,0.0024000000000000002,-0.0416,25,40,0,10000,3.3
835,0.0008,-0.041499999999999995,25,40,0,10000,3.3
836,0.0024000000000000002,-0.04139999999999999,25,40,0,10000,3.3
837,0.0,-0.04129999999999999,25,40,0,10000,3.3
838,0.0048000000000000004,-0.0412,25,40,0,10000,3.3
839,0.0008,-0.0411,25,40,0,10000,3.3
840,-0.0024000000000000002,-0.040999999999999995,25,40,0,10000,3.3
841,-0.0008,-0.04089999999999999,25,40,0,10000,3.3
842,0.0032,-0.04079999999999999,25,40,0,10000,3.3
843,0.0,-0.0407,25,40,0,10000,3.3
844,0.004,-0.0406,25,40,0,10000,3.3
845,0.0008,-0.040499999999999994,25,40,0,10000,3.3
846,-0.0008,-0.04039999999999999,25,40,0,10000,3.3
847,0.0008,-0.0403,25,40,0,10000,3.3
848,0.0032,-0.0402,25,40,0,10000,3.3
849,0.0008,-0.0401,25,40,0,10000,3.3
850,0.004,-0.039999999999999994,25,40,0,10000,3.3
851,0.0048000000000000004,-0.03989999999999999,25,40,0,10000,3.3
852,0.004,-0.0398,25,40,0,10000,3.3
853,0.0008,-0.0397,25,40,0,10000,3.3
854,0.0048000000000000004,-0.039599999999999996,25,40,0,10000,3.3
855,0.0,-0.03949999999999999,25,40,0,10000,3.3
856,0.0024000000000000002,-0.03939999999999999,25,40,0,10000,3.3
857,-0.010400000000000001,-0.0393,25,40,0,10000,3.3
858,0.0016,-0.0392,25,40,0,10000,3.3
859,0.0,-0.039099999999999996,25,40,0,10000,3.3
860,-0.010400000000000001,-0.03899999999999999,25,40,0,10000,3.3
861,0.0048000000000000004,-0.03889999999999999,25,40,0,10000,3.3
862,0.0016,-0.0388,25,40,0,10000,3.3
863,0.0008,-0.0387,25,40,0,10000,3.3
864,0.0048000000000000004,-0.038599999999999995,25,40,0,10000,3.3
865,0.0,-0.03849999999999999,25,40,0,10000,3.3
866,0.0032,-0.03839999999999999,25,40,0,10000,3.3
867,0.0032,-0.0383,25,40,0,10000,3.3
868,0.0032,-0.0382,25,40,0,10000,3.3
869,0.0024000000000000002,-0.038099999999999995,25,40,0,10000,3.3
870,0.0,-0.03799999999999999,25,40,0,10000,3.3
871,0.0016,-0.03789999999999999,25,40,0,10000,3.3
872,0.0,-0.0378,25,40,0,10000,3.3
873,0.0024000000000000002,-0.0377,25,40,0,10000,3.3
874,0.0,-0.037599999999999995,25,40,0,10000,3.3
875,0.0032,-0.03749999999999999,25,40,0,10000,3.3
876,0.0048000000000000004,-0.0374,25,40,0,10000,3.3
877,0.0016,-0.0373,25,40,0,10000,3.3
878,0.0032,-0.0372,25,40,0,10000,3.3
879,0.0024000000000000002,-0.037099999999999994,25,40,0,10000,3.3
880,0.0024000000000000002,-0.03699999999999999,25,40,0,10000,3.3
881,0.0008,-0.0369,25,40,0,10000,3.3
882,-0.0008,-0.0368,25,40,0,10000,3.3
883,0.0,-0.036699999999999997,25,40,0,10000,3.3
884,0.0032,-0.036599999999999994,25,40,0,10000,3.3
885,0.0008,-0.03649999999999999,25,40,0,10000,3.3
886,0.0016,-0.0364,25,40,0,10000,3.3
887,0.0008,-0.0363,25,40,0,10000,3.3
888,0.0024000000000000002,-0.036199999999999996,25,40,0,10000,3.3
889,0.0016,-0.03609999999999999,25,40,0,10000,3.3
890,0.0,-0.03599999999999999,25,40,0,10000,3.3
891,0.0048000000000000004,-0.0359,25,40,0,10000,3.3
892,0.0032,-0.0358,25,40,0,10000,3.3
893,0.0016,-0.035699999999999996,25,40,0,10000,3.3
894,0.0024000000000000002,-0.03559999999999999,25,40,0,10000,3.3
895,-0.0088,-0.03549999999999999,25,40,0,10000,3.3
896,-0.0008,-0.0354,25,40,0,10000,3.3
897,0.0016,-0.0353,25,40,0,10000,3.3
898,0.0016,-0.035199999999999995,25,40,0,10000,3.3
899,0.0024000000000000002,-0.03509999999999999,25,40,0,10000,3.3
900,0.0,-0.03499999999999999,25,40,0,10000,3.3
901,0.0,-0.0349,25,40,0,10000,3.3
902,0.0008,-0.0348,25,40,0,10000,3.3
903,0.0016,-0.034699999999999995,25,40,0,10000,3.3
904,0.004,-0.03459999999999999,25,40,0,10000,3.3
905,0.0,-0.03449999999999999,25,40,0,10000,3.3
906,-0.0008,-0.0344,25,40,0,10000,3.3
907,0.0048000000000000004,-0.0343,25,40,0,10000,3.3
908,0.0,-0.034199999999999994,25,40,0,10000,3.3
909,0.004,-0.03409999999999999,25,40,0,10000,3.3
910,0.0024000000000000002,-0.034,25,40,0,10000,3.3
911,0.0008,-0.0339,25,40,0,10000,3.3
912,0.0024000000000000002,-0.0338,25,40,0,10000,3.3
913,0.0024000000000000002,-0.033699999999999994,25,40,0,10000,3.3
914,-0.0056,-0.03359999999999999,25,40,0,10000,3.3
915,0.0048000000000000004,-0.0335,25,40,0,10000,3.3
916,0.004,-0.0334,25,40,0,10000,3.3
917,0.0,-0.033299999999999996,25,40,0,10000,3.3
918,-0.0008,-0.03319999999999999,25,40,0,10000,3.3
919,0.0008,-0.03309999999999999,25,40,0,10000,3.3
920,-0.0048000000000000004,-0.033,25,40,0,10000,3.3
921,0.004,-0.0329,25,40,0,10000,3.3
922,0.0008,-0.032799999999999996,25,40,0,10000,3.3
923,0.0016,-0.03269999999999999,25,40,0,10000,3.3
924,0.0008,-0.03259999999999999,25,40,0,10000,3.3
925,0.0032,-0.0325,25,40,0,10000,3.3
926,0.0008,-0.0324,25,40,0,10000,3.3
927,0.0008,-0.032299999999999995,25,40,0,10000,3.3
928,0.0008,-0.03219999999999999,25,40,0,10000,3.3
929,0.0032,-0.03209999999999999,25,40,0,10000,3.3
930,0.0008,-0.032,25,40,0,10000,3.3
931,0.0,-0.0319,25,40,0,10000,3.3
932,0.0,-0.031799999999999995,25,40,0,10000,3.3
933,0.0008,-0.03169999999999999,25,40,0,10000,3.3
934,0.0008,-0.03159999999999999,25,40,0,10000,3.3
935,0.0008,-0.0315,25,40,0,10000,3.3
936,0.0048000000000000004,-0.0314,25,40,0,10000,3.3
937,0.0024000000000000002,-0.031299999999999994,25,40,0,10000,3.3
938,0.0,-0.03119999999999999,25,40,0,10000,3.3
939,-0.0008,-0.03109999999999999,25,40,0,10000,3.3
940,0.0,-0.031,25,40,0,10000,3.3
941,0.004,-0.030899999999999997,25,40,0,10000,3.3
942,0.0,-0.030799999999999994,25,40,0,10000,3.3
943,0.0008,-0.03069999999999999,25,40,0,10000,3.3
944,0.0008,-0.030600000000000002,25,40,0,10000,3.3
945,0.0016,-0.0305,25,40,0,10000,3.3
946,0.0016,-0.030399999999999996,25,40,0,10000,3.3
947,0.0016,-0.030299999999999994,25,40,0,10000,3.3
948,0.0048000000000000004,-0.03019999999999999,25,40,0,10000,3.3
949,-0.0024000000000000002,-0.030100000000000002,25,40,0,10000,3.3
950,0.0024000000000000002,-0.03,25,40,0,10000,3.3
951,0.0024000000000000002,-0.029899999999999996,25,40,0,10000,3.3
952,0.0024000000000000002,-0.029799999999999993,25,40,0,10000,3.3
953,0.0016,-0.02969999999999999,25,40,0,10000,3.3
954,0.0032,-0.0296,25,40,0,10000,3.3
955,0.0,-0.0295,25,40,0,10000,3.3
956,0.0032,-0.029399999999999996,25,40,0,10000,3.3
957,-0.0016,-0.029299999999999993,25,40,0,10000,3.3
958,0.0,-0.02919999999999999,25,40,0,10000,3.3
959,-0.008,-0.0291,25,40,0,10000,3.3
960,0.0008,-0.028999999999999998,25,40,0,10000,3.3
961,-0.0008,-0.028899999999999995,25,40,0,10000,3.3
962,0.0,-0.028799999999999992,25,40,0,10000,3.3
963,0.0016,-0.02869999999999999,25,40,0,10000,3.3
964,0.0008,-0.0286,25,40,0,10000,3.3
965,0.004,-0.028499999999999998,25,40,0,10000,3.3
966,0.0024000000000000002,-0.028399999999999995,25,40,0,10000,3.3
967,0.0024000000000000002,-0.028299999999999992,25,40,0,10000,3.3
968,0.0008,-0.02819999999999999,25,40,0,10000,3.3
969,-0.0008,-0.0281,25,40,0,10000,3.3
970,0.0024000000000000002,-0.027999999999999997,25,40,0,10000,3.3
971,0.0064,-0.027899999999999994,25,40,0,10000,3.3
972,-0.004,-0.02779999999999999,25,40,0,10000,3.3
973,0.0008,-0.02769999999999999,25,40,0,10000,3.3
974,-0.0032,-0.0276,25,40,0,10000,3.3
975,0.0008,-0.027499999999999997,25,40,0,10000,3.3
976,0.0,-0.027399999999999994,25,40,0,10000,3.3
977,0.0008,-0.02729999999999999,25,40,0,10000,3.3
978,-0.0016,-0.027200000000000002,25,40,0,10000,3.3
979,0.0032,-0.0271,25,40,0,10000,3.3
980,0.0,-0.026999999999999996,25,40,0,10000,3.3
981,0.0016,-0.026899999999999993,25,40,0,10000,3.3
982,0.004,-0.02679999999999999,25,40,0,10000,3.3
983,0.0032,-0.0267,25,40,0,10000,3.3
984,0.0016,-0.0266,25,40,0,10000,3.3
985,0.0016,-0.026499999999999996,25,40,0,10000,3.3
986,0.0008,-0.026399999999999993,25,40,0,10000,3.3
987,0.0016,-0.02629999999999999,25,40,0,10000,3.3
988,0.0008,-0.0262,25,40,0,10000,3.3
989,0.0048000000000000004,-0.026099999999999998,25,40,0,10000,3.3
990,-0.0008,-0.025999999999999995,25,40,0,10000,3.3
991,0.0016,-0.025899999999999992,25,40,0,10000,3.3
992,0.0,-0.02579999999999999,25,40,0,10000,3.3
993,0.0032,-0.0257,25,40,0,10000,3.3
994,0.0016,-0.025599999999999998,25,40,0,10000,3.3
995,0.0016,-0.025499999999999995,25,40,0,10000,3.3
996,0.0016,-0.025399999999999992,25,40,0,10000,3.3
997,-0.0008,-0.02529999999999999,25,40,0,10000,3.3
998,0.0,-0.0252,25,40,0,10000,3.3
999,0.0024000000000000002,-0.025099999999999997,25,40,0,10000,3.3
1000,0.0032,-0.024999999999999994,25,40,0,10000,3.3
1001,-0.0008,-0.02489999999999999,25,40,0,10000,3.3
1002,0.0032,-0.02479999999999999,25,40,0,10000,3.3
1003,-0.008,-0.0247,25,40,0,10000,3.3
1004,0.0032,-0.024599999999999997,25,40,0,10000,3.3
1005,0.0024000000000000002,-0.024499999999999994,25,40,0,10000,3.3
1006,0.0008,-0.02439999999999999,25,40,0,10000,3.3
1007,0.0016,-0.02429999999999999,25,40,0,10000,3.3
1008,0.0056,-0.0242,25,40,0,10000,3.3
1009,0.0032,-0.024099999999999996,25,40,0,10000,3.3
1010,-0.0032,-0.023999999999999994,25,40,0,10000,3.3
1011,-0.0016,-0.02389999999999999,25,40,0,10000,3.3
1012,-0.0016,-0.0238,25,40,0,10000,3.3
1013,0.0024000000000000002,-0.0237,25,40,0,10000,3.3
1014,0.004,-0.023599999999999996,25,40,0,10000,3.3
1015,0.0,-0.023499999999999993,25,40,0,10000,3.3
1016,-0.0056,-0.02339999999999999,25,40,0,10000,3.3
1017,0.0008,-0.0233,25,40,0,10000,3.3
1018,-0.0008,-0.0232,25,40,0,10000,3.3
1019,0.0048000000000000004,-0.023099999999999996,25,40,0,10000,3.3
1020,0.0016,-0.022999999999999993,25,40,0,10000,3.3
1021,0.0016,-0.02289999999999999,25,40,0,10000,3.3
1022,0.0016,-0.0228,25,40,0,10000,3.3
1023,0.0008,-0.022699999999999998,25,40,0,10000,3.3
1024,0.0032,-0.022599999999999995,25,40,0,10000,3.3
1025,-0.0048000000000000004,-0.022499999999999992,25,40,0,10000,3.3
1026,0.0,-0.02239999999999999,25,40,0,10000,3.3
1027,-0.0008,-0.0223,25,40,0,10000,3.3
1028,0.0008,-0.022199999999999998,25,40,0,10000,3.3
1029,0.0016,-0.022099999999999995,25,40,0,10000,3.3
1030,0.0024000000000000002,-0.021999999999999992,25,40,0,10000,3.3
1031,0.0008,-0.02189999999999999,25,40,0,10000,3.3
1032,0.038400000000000004,-0.0218,25,40,0,10000,3.3
1033,0.0016,-0.021699999999999997,25,40,0,10000,3.3
1034,0.0,-0.021599999999999994,25,40,0,10000,3.3
1035,0.0016,-0.02149999999999999,25,40,0,10000,3.3
1036,0.0016,-0.02139999999999999,25,40,0,10000,3.3
1037,-0.0008,-0.0213,25,40,0,10000,3.3
1038,0.0024000000000000002,-0.021199999999999997,25,40,0,10000,3.3
1039,0.0032,-0.021099999999999994,25,40,0,10000,3.3
1040,-0.0024000000000000002,-0.02099999999999999,25,40,0,10000,3.3
1041,0.004,-0.020900000000000002,25,40,0,10000,3.3
1042,0.0008,-0.0208,25,40,0,10000,3.3
1043,0.0016,-0.020699999999999996,25,40,0,10000,3.3
1044,-0.0032,-0.020599999999999993,25,40,0,10000,3.3
1045,0.0024000000000000002,-0.02049999999999999,25,40,0,10000,3.3
1046,-0.0016,-0.0204,25,40,0,10000,3.3
1047,0.0016,-0.0203,25,40,0,10000,3.3
1048,-0.0024000000000000002,-0.020199999999999996,25,40,0,10000,3.3
1049,0.0024000000000000002,-0.020099999999999993,25,40,0,10000,3.3
1050,0.0024000000000000002,-0.01999999999999999,25,40,0,10000,3.3
1051,0.0008,-0.0199,25,40,0,10000,3.3
1052,0.0024000000000000002,-0.019799999999999998,25,40,0,10000,3.3
1053,0.0032,-0.019699999999999995,25,40,0,10000,3.3
1054,0.0024000000000000002,-0.019599999999999992,25,40,0,10000,3.3
1055,-0.0008,-0.01949999999999999,25,40,0,10000,3.3
1056,0.0008,-0.0194,25,40,0,10000,3.3
1057,-0.0024000000000000002,-0.019299999999999998,25,40,0,10000,3.3
1058,0.0,-0.019199999999999995,25,40,0,10000,3.3
1059,0.004,-0.019099999999999992,25,40,0,10000,3.3
1060,0.0024000000000000002,-0.01899999999999999,25,40,0,10000,3.3
1061,0.004,-0.0189,25,40,0,10000,3.3
1062,0.0016,-0.018799999999999997,25,40,0,10000,3.3
1063,-0.0008,-0.018699999999999994,25,40,0,10000,3.3
1064,0.0008,-0.01859999999999999,25,40,0,10000,3.3
1065,0.0016,-0.01849999999999999,25,40,0,10000,3.3
1066,-0.0008,-0.0184,25,40,0,10000,3.3
1067,0.0016,-0.018299999999999997,25,40,0,10000,3.3
1068,0.0024000000000000002,-0.018199999999999994,25,40,0,10000,3.3
1069,0.0016,-0.01809999999999999,25,40,0,10000,3.3
1070,0.0032,-0.017999999999999988,25,40,0,10000,3.3
1071,0.0016,-0.0179,25,40,0,10000,3.3
1072,0.0032,-0.017799999999999996,25,40,0,10000,3.3
1073,0.0032,-0.017699999999999994,25,40,0,10000,3.3
1074,0.0016,-0.01759999999999999,25,40,0,10000,3.3
1075,-0.0008,-0.0175,25,40,0,10000,3.3
1076,0.0008,-0.0174,25,40,0,10000,3.3
1077,0.0,-0.017299999999999996,25,40,0,10000,3.3
1078,0.0024000000000000002,-0.017199999999999993,25,40,0,10000,3.3
1079,0.0032,-0.01709999999999999,25,40,0,10000,3.3
1080,0.0024000000000000002,-0.017,25,40,0,10000,3.3
1081,0.0024000000000000002,-0.0169,25,40,0,10000,3.3
1082,0.0024000000000000002,-0.016799999999999995,25,40,0,10000,3.3
1083,0.0032,-0.016699999999999993,25,40,0,10000,3.3
1084,-0.0032,-0.01659999999999999,25,40,0,10000,3.3
1085,0.0032,-0.0165,25,40,0,10000,3.3
1086,0.0024000000000000002,-0.016399999999999998,25,40,0,10000,3.3
1087,0.0032,-0.016299999999999995,25,40,0,10000,3.3
1088,0.0024000000000000002,-0.016199999999999992,25,40,0,10000,3.3
1089,-0.0032,-0.01609999999999999,25,40,0,10000,3.3
1090,0.0016,-0.016,25,40,0,10000,3.3
1091,0.0008,-0.015899999999999997,25,40,0,10000,3.3
1092,-0.014400000000000001,-0.015799999999999995,25,40,0,10000,3.3
1093,0.0016,-0.015699999999999992,25,40,0,10000,3.3
1094,-0.0024000000000000002,-0.015599999999999989,25,40,0,10000,3.3
1095,-0.0008,-0.0155,25,40,0,10000,3.3
1096,0.0032,-0.015399999999999997,25,40,0,10000,3.3
1097,0.0048000000000000004,-0.015299999999999994,25,40,0,10000,3.3
1098,0.004,-0.015199999999999991,25,40,0,10000,3.3
1099,0.0,-0.015099999999999988,25,40,0,10000,3.3
1100,0.0048000000000000004,-0.015,25,40,0,10000,3.3
1101,0.0,-0.014899999999999997,25,40,0,10000,3.3
1102,0.0024000000000000002,-0.014799999999999994,25,40,0,10000,3.3
1103,0.0024000000000000002,-0.01469999999999999,25,40,0,10000,3.3
1104,-0.0008,-0.014599999999999988,25,40,0,10000,3.3
1105,0.0024000000000000002,-0.014499999999999999,25,40,0,10000,3.3
1106,0.0,-0.014399999999999996,25,40,0,10000,3.3
1107,-0.004,-0.014299999999999993,25,40,0,10000,3.3
1108,0.0,-0.01419999999999999,25,40,0,10000,3.3
1109,0.004,-0.014100000000000001,25,40,0,10000,3.3
1110,0.0008,-0.013999999999999999,25,40,0,10000,3.3
1111,0.0056,-0.013899999999999996,25,40,0,10000,3.3
1112,0.0016,-0.013799999999999993,25,40,0,10000,3.3
1113,0.0024000000000000002,-0.01369999999999999,25,40,0,10000,3.3
1114,0.0016,-0.013600000000000001,25,40,0,10000,3.3
1115,0.0,-0.013499999999999998,25,40,0,10000,3.3
1116,0.0008,-0.013399999999999995,25,40,0,10000,3.3
1117,0.0024000000000000002,-0.013299999999999992,25,40,0,10000,3.3
1118,0.0008,-0.01319999999999999,25,40,0,10000,3.3
1119,0.0024000000000000002,-0.0131,25,40,0,10000,3.3
1120,0.0,-0.012999999999999998,25,40,0,10000,3.3
1121,0.0016,-0.012899999999999995,25,40,0,10000,3.3
1122,0.0024000000000000002,-0.012799999999999992,25,40,0,10000,3.3
1123,0.0016,-0.012699999999999989,25,40,0,10000,3.3
1124,0.0016,-0.0126,25,40,0,10000,3.3
1125,0.0,-0.012499999999999997,25,40,0,10000,3.3
1126,0.0,-0.012399999999999994,25,40,0,10000,3.3
1127,0.0008,-0.012299999999999991,25,40,0,10000,3.3
1128,-0.0008,-0.012199999999999989,25,40,0,10000,3.3
1129,-0.0064,-0.0121,25,40,0,10000,3.3
1130,0.0016,-0.011999999999999997,25,40,0,10000,3.3
1131,0.0024000000000000002,-0.011899999999999994,25,40,0,10000,3.3
1132,0.0016,-0.011799999999999991,25,40,0,10000,3.3
1133,0.0,-0.011699999999999988,25,40,0,10000,3.3
1134,0.0008,-0.0116,25,40,0,10000,3.3
1135,0.0,-0.011499999999999996,25,40,0,10000,3.3
1136,0.0008,-0.011399999999999993,25,40,0,10000,3.3
1137,0.0016,-0.01129999999999999,25,40,0,10000,3.3
1138,0.0008,-0.011199999999999988,25,40,0,10000,3.3
1139,0.0016,-0.011099999999999999,25,40,0,10000,3.3
1140,0.004,-0.010999999999999996,25,40,0,10000,3.3
1141,0.004,-0.010899999999999993,25,40,0,10000,3.3
1142,0.0048000000000000004,-0.01079999999999999,25,40,0,10000,3.3
1143,0.0016,-0.010700000000000001,25,40,0,10000,3.3
1144,0.0048000000000000004,-0.010599999999999998,25,40,0,10000,3.3
1145,0.004,-0.010499999999999995,25,40,0,10000,3.3
1146,0.0016,-0.010399999999999993,25,40,0,10000,3.3
1147,0.004,-0.01029999999999999,25,40,0,10000,3.3
1148,0.0024000000000000002,-0.0102,25,40,0,10000,3.3
1149,0.004,-0.010099999999999998,25,40,0,10000,3.3
1150,-0.0008,-0.009999999999999995,25,40,0,10000,3.3
1151,-0.0016,-0.009899999999999992,25,40,0,10000,3.3
1152,0.0024000000000000002,-0.00979999999999999,25,40,0,10000,3.3
1153,0.0048000000000000004,-0.0097,25,40,0,10000,3.3
1154,0.0008,-0.009599999999999997,25,40,0,10000,3.3
1155,0.0008,-0.009499999999999995,25,40,0,10000,3.3
1156,0.0024000000000000002,-0.009399999999999992,25,40,0,10000,3.3
1157,0.0024000000000000002,-0.009299999999999989,25,40,0,10000,3.3
1158,0.004,-0.0092,25,40,0,10000,3.3
1159,0.0016,-0.009099999999999997,25,40,0,10000,3.3
1160,-0.0016,-0.008999999999999994,25,40,0,10000,3.3
1161,0.0024000000000000002,-0.008899999999999991,25,40,0,10000,3.3
1162,0.0008,-0.008799999999999988,25,40,0,10000,3.3
1163,0.0,-0.0087,25,40,0,10000,3.3
1164,0.0,-0.008599999999999997,25,40,0,10000,3.3
1165,-0.0016,-0.008499999999999994,25,40,0,10000,3.3
1166,-0.0016,-0.00839999999999999,25,40,0,10000,3.3
1167,0.0,-0.008299999999999988,25,40,0,10000,3.3
1168,0.0,-0.008199999999999999,25,40,0,10000,3.3
1169,0.0008,-0.008099999999999996,25,40,0,10000,3.3
1170,-0.0048000000000000004,-0.007999999999999993,25,40,0,10000,3.3
1171,0.0024000000000000002,-0.00789999999999999,25,40,0,10000,3.3
1172,0.0,-0.0077999999999999875,25,40,0,10000,3.3
1173,0.0,-0.0076999999999999985,25,40,0,10000,3.3
1174,0.0024000000000000002,-0.007599999999999996,25,40,0,10000,3.3
1175,0.0016,-0.007499999999999993,25,40,0,10000,3.3
1176,0.0,-0.00739999999999999,25,40,0,10000,3.3
1177,0.004,-0.007300000000000001,25,40,0,10000,3.3
1178,0.0048000000000000004,-0.007199999999999998,25,40,0,10000,3.3
1179,0.0,-0.007099999999999995,25,40,0,10000,3.3
1180,-0.0024000000000000002,-0.006999999999999992,25,40,0,10000,3.3
1181,0.0016,-0.0068999999999999895,25,40,0,10000,3.3
1182,-0.0064,-0.0068000000000000005,25,40,0,10000,3.3
1183,0.0008,-0.006699999999999998,25,40,0,10000,3.3
1184,0.0024000000000000002,-0.006599999999999995,25,40,0,10000,3.3
1185,-0.0008,-0.006499999999999992,25,40,0,10000,3.3
1186,0.0008,-0.006399999999999989,25,40,0,10000,3.3
1187,0.0016,-0.0063,25,40,0,10000,3.3
1188,0.0032,-0.006199999999999997,25,40,0,10000,3.3
1189,-0.0008,-0.006099999999999994,25,40,0,10000,3.3
1190,0.004,-0.0059999999999999915,25,40,0,10000,3.3
1191,0.0016,-0.005899999999999989,25,40,0,10000,3.3
1192,0.0024000000000000002,-0.0058,25,40,0,10000,3.3
1193,0.0024000000000000002,-0.005699999999999997,25,40,0,10000,3.3
1194,0.0048000000000000004,-0.005599999999999994,25,40,0,10000,3.3
1195,0.0,-0.005499999999999991,25,40,0,10000,3.3
1196,0.0032,-0.005399999999999988,25,40,0,10000,3.3
1197,-0.0088,-0.005299999999999999,25,40,0,10000,3.3
1198,0.0,-0.005199999999999996,25,40,0,10000,3.3
1199,0.004,-0.005099999999999993,25,40,0,10000,3.3
1200,0.0008,-0.0049999999999999906,25,40,0,10000,3.3
1201,0.0024000000000000002,-0.004899999999999988,25,40,0,10000,3.3
1202,0.0032,-0.004799999999999999,25,40,0,10000,3.3
1203,0.0024000000000000002,-0.004699999999999996,25,40,0,10000,3.3
1204,0.0032,-0.004599999999999993,25,40,0,10000,3.3
1205,0.0,-0.00449999999999999,25,40,0,10000,3.3
1206,0.0016,-0.004400000000000001,25,40,0,10000,3.3
1207,0.0008,-0.004299999999999998,25,40,0,10000,3.3
1208,0.0032,-0.004199999999999995,25,40,0,10000,3.3
1209,0.0056,-0.0040999999999999925,25,40,0,10000,3.3
1210,-0.0032,-0.00399999999999999,25,40,0,10000,3.3
1211,0.0032,-0.0039000000000000007,25,40,0,10000,3.3
1212,0.0024000000000000002,-0.003799999999999998,25,40,0,10000,3.3
1213,0.0008,-0.003699999999999995,25,40,0,10000,3.3
1214,-0.0016,-0.003599999999999992,25,40,0,10000,3.3
1215,0.0024000000000000002,-0.0034999999999999892,25,40,0,10000,3.3
1216,0.0008,-0.0034000000000000002,25,40,0,10000,3.3
1217,0.0032,-0.0032999999999999974,25,40,0,10000,3.3
1218,0.0032,-0.0031999999999999945,25,40,0,10000,3.3
1219,-0.0016,-0.0030999999999999917,25,40,0,10000,3.3
1220,0.0032,-0.002999999999999989,25,40,0,10000,3.3
1221,0.0016,-0.0029,25,40,0,10000,3.3
1222,0.0016,-0.002799999999999997,25,40,0,10000,3.3
1223,0.0024000000000000002,-0.002699999999999994,25,40,0,10000,3.3
1224,0.0008,-0.002599999999999991,25,40,0,10000,3.3
1225,-0.0024000000000000002,-0.0024999999999999883,25,40,0,10000,3.3
1226,0.0008,-0.0023999999999999994,25,40,0,10000,3.3
1227,0.0,-0.0022999999999999965,25,40,0,10000,3.3
1228,0.0016,-0.0021999999999999936,25,40,0,10000,3.3
1229,0.0016,-0.0020999999999999908,25,40,0,10000,3.3
1230,0.0024000000000000002,-0.001999999999999988,25,40,0,10000,3.3
1231,-0.0016,-0.001899999999999999,25,40,0,10000,3.3
1232,0.0024000000000000002,-0.001799999999999996,25,40,0,10000,3.3
1233,0.0,-0.0016999999999999932,25,40,0,10000,3.3
1234,0.0,-0.0015999999999999903,25,40,0,10000,3.3
1235,0.0,-0.0014999999999999875,25,40,0,10000,3.3
1236,0.0008,-0.0013999999999999985,25,40,0,10000,3.3
1237,0.0032,-0.0012999999999999956,25,40,0,10000,3.3
1238,-0.0016,-0.0011999999999999927,25,40,0,10000,3.3
1239,-0.0008,-0.0010999999999999899,25,40,0,10000,3.3
1240,0.0008,-0.0010000000000000009,25,40,0,10000,3.3
1241,0.0048000000000000004,-0.000899999999999998,25,40,0,10000,3.3
1242,0.0,-0.0007999999999999952,25,40,0,10000,3.3
1243,0.0024000000000000002,-0.0006999999999999923,25,40,0,10000,3.3
1244,-0.0032,-0.0005999999999999894,25,40,0,10000,3.3
1245,0.0,-0.0005000000000000004,25,40,0,10000,3.3
1246,-0.0008,-0.0003999999999999976,25,40,0,10000,3.3
1247,0.0032,-0.0002999999999999947,25,40,0,10000,3.3
1248,-0.0024000000000000002,-0.00019999999999999185,25,40,0,10000,3.3
1249,0.0024000000000000002,-9.999999999998899e-05,25,40,0,10000,3.3
1250,0.0056,0.0,25,40,0,10000,3.3
1251,0.0024000000000000002,0.00010000000000001674,25,40,0,10000,3.3
1252,-0.0056,0.00020000000000000573,25,40,0,10000,3.3
1253,0.0032,0.0002999999999999947,25,40,0,10000,3.3
1254,0.0008,0.00040000000000001146,25,40,0,10000,3.3
1255,0.0056,0.0005000000000000004,25,40,0,10000,3.3
1256,0.0032,0.0006000000000000172,25,40,0,10000,3.3
1257,0.0024000000000000002,0.0007000000000000062,25,40,0,10000,3.3
1258,0.0016,0.0007999999999999952,25,40,0,10000,3.3
1259,0.0008,0.0009000000000000119,25,40,0,10000,3.3
1260,-0.0008,0.0010000000000000009,25,40,0,10000,3.3
1261,-0.0008,0.0011000000000000176,25,40,0,10000,3.3
1262,0.0,0.0012000000000000066,25,40,0,10000,3.3
1263,-0.0008,0.0012999999999999956,25,40,0,10000,3.3
1264,0.0016,0.0014000000000000123,25,40,0,10000,3.3
1265,0.0,0.0015000000000000013,25,40,0,10000,3.3
1266,0.004,0.001600000000000018,25,40,0,10000,3.3
1267,0.004,0.001700000000000007,25,40,0,10000,3.3
1268,0.0008,0.001799999999999996,25,40,0,10000,3.3
1269,0.0,0.0019000000000000128,25,40,0,10000,3.3
1270,0.0016,0.0020000000000000018,25,40,0,10000,3.3
1271,0.0032,0.0021000000000000185,25,40,0,10000,3.3
1272,0.0008,0.0022000000000000075,25,40,0,10000,3.3
1273,-0.0008,0.0022999999999999965,25,40,0,10000,3.3
1274,0.0,0.0024000000000000132,25,40,0,10000,3.3
1275,0.0024000000000000002,0.0025000000000000022,25,40,0,10000,3.3
1276,0.0,0.002600000000000019,25,40,0,10000,3.3
1277,0.004,0.002700000000000008,25,40,0,10000,3.3
1278,0.0016,0.002799999999999997,25,40,0,10000,3.3
1279,0.0,0.0029000000000000137,25,40,0,10000,3.3
1280,0.0024000000000000002,0.0030000000000000027,25,40,0,10000,3.3
1281,-0.0048000000000000004,0.0031000000000000194,25,40,0,10000,3.3
1282,0.0032,0.0032000000000000084,25,40,0,10000,3.3
1283,0.004,0.0032999999999999974,25,40,0,10000,3.3
1284,0.0008,0.003400000000000014,25,40,0,10000,3.3
1285,0.0032,0.003500000000000003,25,40,0,10000,3.3
1286,0.0048000000000000004,0.00360000000000002,25,40,0,10000,3.3
1287,0.0032,0.003700000000000009,25,40,0,10000,3.3
1288,0.0024000000000000002,0.003799999999999998,25,40,0,10000,3.3
1289,0.0016,0.0039000000000000146,25,40,0,10000,3.3
1290,0.0,0.0040000000000000036,25,40,0,10000,3.3
1291,0.0032,0.0040999999999999925,25,40,0,10000,3.3
1292,0.0,0.004200000000000009,25,40,0,10000,3.3
1293,0.0008,0.004299999999999998,25,40,0,10000,3.3
1294,0.0008,0.004400000000000015,25,40,0,10000,3.3
1295,0.0008,0.004500000000000004,25,40,0,10000,3.3
1296,0.0016,0.004599999999999993,25,40,0,10000,3.3
1297,0.0016,0.00470000000000001,25,40,0,10000,3.3
1298,0.0008,0.004799999999999999,25,40,0,10000,3.3
1299,0.0032,0.0049000000000000155,25,40,0,10000,3.3
1300,0.0,0.0050000000000000044,25,40,0,10000,3.3
1301,-0.0016,0.005099999999999993,25,40,0,10000,3.3
1302,0.0056,0.00520000000000001,25,40,0,10000,3.3
1303,0.0048000000000000004,0.005299999999999999,25,40,0,10000,3.3
1304,0.0024000000000000002,0.005400000000000016,25,40,0,10000,3.3
1305,0.0016,0.005500000000000005,25,40,0,10000,3.3
1306,0.0016,0.005599999999999994,25,40,0,10000,3.3
1307,-0.004,0.005700000000000011,25,40,0,10000,3.3
1308,-0.0016,0.0058,25,40,0,10000,3.3
1309,0.0,0.005900000000000016,25,40,0,10000,3.3
1310,0.0016,0.006000000000000005,25,40,0,10000,3.3
1311,0.004,0.006099999999999994,25,40,0,10000,3.3
1312,0.0,0.006200000000000011,25,40,0,10000,3.3
1313,0.004,0.0063,25,40,0,10000,3.3
1314,-0.0008,0.006400000000000017,25,40,0,10000,3.3
1315,0.0056,0.006500000000000006,25,40,0,10000,3.3
1316,0.0008,0.006599999999999995,25,40,0,10000,3.3
1317,-0.0024000000000000002,0.0067000000000000115,25,40,0,10000,3.3
1318,-0.0008,0.0068000000000000005,25,40,0,10000,3.3
1319,0.0032,0.006900000000000017,25,40,0,10000,3.3
1320,0.0032,0.007000000000000006,25,40,0,10000,3.3
1321,0.0,0.007099999999999995,25,40,0,10000,3.3
1322,0.0048000000000000004,0.007200000000000012,25,40,0,10000,3.3
1323,0.004,0.007300000000000001,25,40,0,10000,3.3
1324,0.004,0.007400000000000018,25,40,0,10000,3.3
1325,0.0,0.007500000000000007,25,40,0,10000,3.3
1326,0.0,0.007599999999999996,25,40,0,10000,3.3
1327,0.0016,0.007700000000000012,25,40,0,10000,3.3
1328,0.0016,0.007800000000000001,25,40,0,10000,3.3
1329,0.0,0.007900000000000018,25,40,0,10000,3.3
1330,0.0,0.008000000000000007,25,40,0,10000,3.3
1331,0.0008,0.008099999999999996,25,40,0,10000,3.3
1332,0.0008,0.008200000000000013,25,40,0,10000,3.3
1333,-0.0056,0.008300000000000002,25,40,0,10000,3.3
1334,0.0,0.008400000000000019,25,40,0,10000,3.3
1335,-0.0008,0.008500000000000008,25,40,0,10000,3.3
1336,0.0032,0.008599999999999997,25,40,0,10000,3.3
1337,0.0024000000000000002,0.008700000000000013,25,40,0,10000,3.3
1338,0.0008,0.008800000000000002,25,40,0,10000,3.3
1339,0.0,0.008900000000000019,25,40,0,10000,3.3
1340,0.0016,0.009000000000000008,25,40,0,10000,3.3
1341,0.0016,0.009099999999999997,25,40,0,10000,3.3
1342,0.0024000000000000002,0.009200000000000014,25,40,0,10000,3.3
1343,-0.0024000000000000002,0.009300000000000003,25,40,0,10000,3.3
1344,0.0032,0.00940000000000002,25,40,0,10000,3.3
1345,0.004,0.009500000000000008,25,40,0,10000,3.3
1346,0.0008,0.009599999999999997,25,40,0,10000,3.3
1347,0.0024000000000000002,0.009700000000000014,25,40,0,10000,3.3
1348,0.0008,0.009800000000000003,25,40,0,10000,3.3
1349,-0.0008,0.00990000000000002,25,40,0,10000,3.3
1350,0.0016,0.010000000000000009,25,40,0,10000,3.3
1351,0.0032,0.010099999999999998,25,40,0,10000,3.3
1352,-0.0016,0.010200000000000015,25,40,0,10000,3.3
1353,0.0016,0.010300000000000004,25,40,0,10000,3.3
1354,-0.0008,0.01040000000000002,25,40,0,10000,3.3
1355,0.0032,0.01050000000000001,25,40,0,10000,3.3
1356,0.0008,0.010599999999999998,25,40,0,10000,3.3
1357,-0.0016,0.010700000000000015,25,40,0,10000,3.3
1358,0.0,0.010800000000000004,25,40,0,10000,3.3
1359,-0.0008,0.010899999999999993,25,40,0,10000,3.3
1360,0.0032,0.01100000000000001,25,40,0,10000,3.3
1361,0.0,0.011099999999999999,25,40,0,10000,3.3
1362,0.0024000000000000002,0.011200000000000015,25,40,0,10000,3.3
1363,0.0032,0.011300000000000004,25,40,0,10000,3.3
1364,-0.0008,0.011399999999999993,25,40,0,10000,3.3
1365,0.0,0.01150000000000001,25,40,0,10000,3.3
1366,-0.0016,0.0116,25,40,0,10000,3.3
1367,0.0008,0.011700000000000016,25,40,0,10000,3.3
1368,0.0024000000000000002,0.011800000000000005,25,40,0,10000,3.3
1369,0.0024000000000000002,0.011899999999999994,25,40,0,10000,3.3
1370,0.0016,0.01200000000000001,25,40,0,10000,3.3
1371,0.0024000000000000002,0.0121,25,40,0,10000,3.3
1372,0.0016,0.012200000000000016,25,40,0,10000,3.3
1373,0.0032,0.012300000000000005,25,40,0,10000,3.3
1374,0.0024000000000000002,0.012399999999999994,25,40,0,10000,3.3
1375,0.004,0.012500000000000011,25,40,0,10000,3.3
1376,0.0016,0.0126,25,40,0,10000,3.3
1377,0.0032,0.012700000000000017,25,40,0,10000,3.3
1378,0.0,0.012800000000000006,25,40,0,10000,3.3
1379,0.0,0.012899999999999995,25,40,0,10000,3.3
1380,0.0048000000000000004,0.013000000000000012,25,40,0,10000,3.3
1381,0.0008,0.0131,25,40,0,10000,3.3
1382,0.0032,0.013200000000000017,25,40,0,10000,3.3
1383,-0.0008,0.013300000000000006,25,40,0,10000,3.3
1384,-0.0032,0.013399999999999995,25,40,0,10000,3.3
1385,0.0032,0.013500000000000012,25,40,0,10000,3.3
1386,0.0024000000000000002,0.013600000000000001,25,40,0,10000,3.3
1387,0.0024000000000000002,0.013700000000000018,25,40,0,10000,3.3
1388,0.0024000000000000002,0.013800000000000007,25,40,0,10000,3.3
1389,0.0024000000000000002,0.013899999999999996,25,40,0,10000,3.3
1390,-0.007200000000000001,0.014000000000000012,25,40,0,10000,3.3
1391,0.0016,0.014100000000000001,25,40,0,10000,3.3
1392,-0.0008,0.014200000000000018,25,40,0,10000,3.3
1393,0.0032,0.014300000000000007,25,40,0,10000,3.3
1394,0.0032,0.014399999999999996,25,40,0,10000,3.3
1395,0.0008,0.014500000000000013,25,40,0,10000,3.3
1396,0.0016,0.014600000000000002,25,40,0,10000,3.3
1397,0.0,0.014700000000000019,25,40,0,10000,3.3
1398,-0.0016,0.014800000000000008,25,40,0,10000,3.3
1399,0.004,0.014899999999999997,25,40,0,10000,3.3
1400,0.0016,0.015000000000000013,25,40,0,10000,3.3
1401,0.0008,0.015100000000000002,25,40,0,10000,3.3
1402,0.0,0.015200000000000019,25,40,0,10000,3.3
1403,-0.0024000000000000002,0.015300000000000008,25,40,0,10000,3.3
1404,0.0008,0.015399999999999997,25,40,0,10000,3.3
1405,0.0016,0.015500000000000014,25,40,0,10000,3.3
1406,-0.0024000000000000002,0.015600000000000003,25,40,0,10000,3.3
1407,0.0032,0.01570000000000002,25,40,0,10000,3.3
1408,0.004,0.01580000000000001,25,40,0,10000,3.3
1409,0.004,0.015899999999999997,25,40,0,10000,3.3
1410,0.0008,0.016000000000000014,25,40,0,10000,3.3
1411,0.0,0.016100000000000003,25,40,0,10000,3.3
1412,0.0016,0.01620000000000002,25,40,0,10000,3.3
1413,0.0016,0.01630000000000001,25,40,0,10000,3.3
1414,0.0024000000000000002,0.016399999999999998,25,40,0,10000,3.3
1415,0.0048000000000000004,0.016500000000000015,25,40,0,10000,3.3
1416,0.0056,0.016600000000000004,25,40,0,10000,3.3
1417,0.0024000000000000002,0.01670000000000002,25,40,0,10000,3.3
1418,0.0008,0.01680000000000001,25,40,0,10000,3.3
1419,-0.012,0.0169,25,40,0,10000,3.3
1420,0.0008,0.017000000000000015,25,40,0,10000,3.3
1421,0.0008,0.017100000000000004,25,40,0,10000,3.3
1422,0.0024000000000000002,0.017199999999999993,25,40,0,10000,3.3
1423,0.0016,0.01730000000000001,25,40,0,10000,3.3
1424,0.0008,0.0174,25,40,0,10000,3.3
1425,-0.0008,0.017500000000000016,25,40,0,10000,3.3
1426,-0.0008,0.017600000000000005,25,40,0,10000,3.3
1427,0.0048000000000000004,0.017699999999999994,25,40,0,10000,3.3
1428,0.0,0.01780000000000001,25,40,0,10000,3.3
1429,0.004,0.0179,25,40,0,10000,3.3
1430,0.0024000000000000002,0.018000000000000016,25,40,0,10000,3.3
1431,0.0032,0.018100000000000005,25,40,0,10000,3.3
1432,0.0,0.018199999999999994,25,40,0,10000,3.3
1433,0.0016,0.01830000000000001,25,40,0,10000,3.3
1434,0.0,0.0184,25,40,0,10000,3.3
1435,0.004,0.018500000000000016,25,40,0,10000,3.3
1436,0.0,0.018600000000000005,25,40,0,10000,3.3
1437,0.004,0.018699999999999994,25,40,0,10000,3.3
1438,0.0016,0.01880000000000001,25,40,0,10000,3.3
1439,0.0008,0.0189,25,40,0,10000,3.3
1440,-0.0016,0.019000000000000017,25,40,0,10000,3.3
1441,0.0,0.019100000000000006,25,40,0,10000,3.3
1442,0.0024000000000000002,0.019199999999999995,25,40,0,10000,3.3
1443,-0.0016,0.01930000000000001,25,40,0,10000,3.3
1444,-0.004,0.0194,25,40,0,10000,3.3
1445,0.0,0.019500000000000017,25,40,0,10000,3.3
1446,0.004,0.019600000000000006,25,40,0,10000,3.3
1447,0.004,0.019699999999999995,25,40,0,10000,3.3
1448,-0.0016,0.019800000000000012,25,40,0,10000,3.3
1449,0.004,0.0199,25,40,0,10000,3.3
1450,0.0024000000000000002,0.020000000000000018,25,40,0,10000,3.3
1451,0.0024000000000000002,0.020100000000000007,25,40,0,10000,3.3
1452,0.0032,0.020199999999999996,25,40,0,10000,3.3
1453,0.0016,0.020300000000000012,25,40,0,10000,3.3
1454,-0.0024000000000000002,0.0204,25,40,0,10000,3.3
1455,0.0016,0.020500000000000018,25,40,0,10000,3.3
1456,0.0008,0.020600000000000007,25,40,0,10000,3.3
1457,0.0008,0.020699999999999996,25,40,0,10000,3.3
1458,0.0048000000000000004,0.020800000000000013,25,40,0,10000,3.3
1459,0.0032,0.020900000000000002,25,40,0,10000,3.3
1460,0.004,0.02100000000000002,25,40,0,10000,3.3
1461,-0.0008,0.021100000000000008,25,40,0,10000,3.3
1462,0.0,0.021199999999999997,25,40,0,10000,3.3
1463,0.0032,0.021300000000000013,25,40,0,10000,3.3
1464,-0.0024000000000000002,0.021400000000000002,25,40,0,10000,3.3
1465,0.0,0.02150000000000002,25,40,0,10000,3.3
1466,0.004,0.021600000000000008,25,40,0,10000,3.3
1467,0.0032,0.021699999999999997,25,40,0,10000,3.3
1468,0.0008,0.021800000000000014,25,40,0,10000,3.3
1469,0.0024000000000000002,0.021900000000000003,25,40,0,10000,3.3
1470,-0.0024000000000000002,0.02200000000000002,25,40,0,10000,3.3
1471,0.0032,0.02210000000000001,25,40,0,10000,3.3
1472,0.0024000000000000002,0.022199999999999998,25,40,0,10000,3.3
1473,0.0008,0.022300000000000014,25,40,0,10000,3.3
1474,0.0032,0.022400000000000003,25,40,0,10000,3.3
1475,0.0024000000000000002,0.02250000000000002,25,40,0,10000,3.3
1476,-0.0088,0.02260000000000001,25,40,0,10000,3.3
1477,0.0024000000000000002,0.022699999999999998,25,40,0,10000,3.3
1478,0.0016,0.022800000000000015,25,40,0,10000,3.3
1479,0.0064,0.022900000000000004,25,40,0,10000,3.3
1480,0.0032,0.02300000000000002,25,40,0,10000,3.3
1481,0.0024000000000000002,0.02310000000000001,25,40,0,10000,3.3
1482,0.0032,0.0232,25,40,0,10000,3.3
1483,0.0016,0.023300000000000015,25,40,0,10000,3.3
1484,0.0032,0.023400000000000004,25,40,0,10000,3.3
1485,-0.004,0.02350000000000002,25,40,0,10000,3.3
1486,0.0024000000000000002,0.02360000000000001,25,40,0,10000,3.3
1487,0.0032,0.0237,25,40,0,10000,3.3
1488,0.0016,0.023800000000000016,25,40,0,10000,3.3
1489,0.0,0.023900000000000005,25,40,0,10000,3.3
1490,0.0032,0.023999999999999994,25,40,0,10000,3.3
1491,0.0016,0.02410000000000001,25,40,0,10000,3.3
1492,0.0016,0.0242,25,40,0,10000,3.3
1493,0.0016,0.024300000000000016,25,40,0,10000,3.3
1494,0.0032,0.024400000000000005,25,40,0,10000,3.3
1495,0.0032,0.024499999999999994,25,40,0,10000,3.3
1496,0.0008,0.02460000000000001,25,40,0,10000,3.3
1497,0.0,0.0247,25,40,0,10000,3.3
1498,0.0,0.024800000000000016,25,40,0,10000,3.3
1499,0.0032,0.024900000000000005,25,40,0,10000,3.3
1500,-0.0016,0.024999999999999994,25,40,0,10000,3.3
1501,-0.008,0.02510000000000001,25,40,0,10000,3.3
1502,0.0,0.0252,25,40,0,10000,3.3
1503,-0.0008,0.025300000000000017,25,40,0,10000,3.3
1504,0.0024000000000000002,0.025400000000000006,25,40,0,10000,3.3
1505,0.0024000000000000002,0.025499999999999995,25,40,0,10000,3.3
1506,0.0032,0.02560000000000001,25,40,0,10000,3.3
1507,0.004,0.0257,25,40,0,10000,3.3
1508,0.0032,0.025800000000000017,25,40,0,10000,3.3
1509,0.0008,0.025900000000000006,25,40,0,10000,3.3
1510,0.0016,0.025999999999999995,25,40,0,10000,3.3
1511,0.0024000000000000002,0.026100000000000012,25,40,0,10000,3.3
1512,-0.0112,0.0262,25,40,0,10000,3.3
1513,0.0008,0.026300000000000018,25,40,0,10000,3.3
1514,0.0024000000000000002,0.026400000000000007,25,40,0,10000,3.3
1515,0.0024000000000000002,0.026499999999999996,25,40,0,10000,3.3
1516,0.0032,0.026600000000000013,25,40,0,10000,3.3
1517,-0.0008,0.0267,25,40,0,10000,3.3
1518,0.004,0.026800000000000018,25,40,0,10000,3.3
1519,0.0032,0.026900000000000007,25,40,0,10000,3.3
1520,0.0056,0.026999999999999996,25,40,0,10000,3.3
1521,0.004,0.027100000000000013,25,40,0,10000,3.3
1522,-0.016800000000000002,0.027200000000000002,25,40,0,10000,3.3
1523,0.0,0.02730000000000002,25,40,0,10000,3.3
1524,0.0016,0.027400000000000008,25,40,0,10000,3.3
1525,0.004,0.027499999999999997,25,40,0,10000,3.3
1526,0.0008,0.027600000000000013,25,40,0,10000,3.3
1527,0.0008,0.027700000000000002,25,40,0,10000,3.3
1528,0.0016,0.02780000000000002,25,40,0,10000,3.3
1529,0.0008,0.027900000000000008,25,40,0,10000,3.3
1530,0.0032,0.027999999999999997,25,40,0,10000,3.3
1531,0.0008,0.028100000000000014,25,40,0,10000,3.3
1532,0.0,0.028200000000000003,25,40,0,10000,3.3
1533,0.0016,0.02830000000000002,25,40,0,10000,3.3
1534,0.0,0.02840000000000001,25,40,0,10000,3.3
1535,-0.0008,0.028499999999999998,25,40,0,10000,3.3
1536,0.004,0.028600000000000014,25,40,0,10000,3.3
1537,0.0032,0.028700000000000003,25,40,0,10000,3.3
1538,0.0032,0.02880000000000002,25,40,0,10000,3.3
1539,0.0016,0.02890000000000001,25,40,0,10000,3.3
1540,0.0024000000000000002,0.028999999999999998,25,40,0,10000,3.3
1541,0.004,0.029100000000000015,25,40,0,10000,3.3
1542,0.0016,0.029200000000000004,25,40,0,10000,3.3
1543,0.0008,0.02930000000000002,25,40,0,10000,3.3
1544,0.004,0.02940000000000001,25,40,0,10000,3.3
1545,0.0032,0.0295,25,40,0,10000,3.3
1546,0.0,0.029600000000000015,25,40,0,10000,3.3
1547,0.0016,0.029700000000000004,25,40,0,10000,3.3
1548,0.0,0.02980000000000002,25,40,0,10000,3.3
1549,0.004,0.02990000000000001,25,40,0,10000,3.3
1550,0.0,0.03,25,40,0,10000,3.3
1551,0.0024000000000000002,0.030100000000000016,25,40,0,10000,3.3
1552,-0.0008,0.030200000000000005,25,40,0,10000,3.3
1553,0.0016,0.030299999999999994,25,40,0,10000,3.3
1554,0.0008,0.03040000000000001,25,40,0,10000,3.3
1555,-0.0064,0.0305,25,40,0,10000,3.3
1556,-0.0008,0.030600000000000016,25,40,0,10000,3.3
1557,0.0032,0.030700000000000005,25,40,0,10000,3.3
1558,0.0016,0.030799999999999994,25,40,0,10000,3.3
1559,0.0032,0.03090000000000001,25,40,0,10000,3.3
1560,-0.0032,0.031,25,40,0,10000,3.3
1561,-0.0088,0.031100000000000017,25,40,0,10000,3.3
1562,0.0024000000000000002,0.031200000000000006,25,40,0,10000,3.3
1563,0.0024000000000000002,0.031299999999999994,25,40,0,10000,3.3
1564,0.0016,0.03140000000000001,25,40,0,10000,3.3
1565,0.0024000000000000002,0.0315,25,40,0,10000,3.3
1566,-0.0016,0.03160000000000002,25,40,0,10000,3.3
1567,0.0008,0.031700000000000006,25,40,0,10000,3.3
1568,0.0008,0.031799999999999995,25,40,0,10000,3.3
1569,0.0032,0.03190000000000001,25,40,0,10000,3.3
1570,-0.0376,0.032,25,40,0,10000,3.3
1571,0.0024000000000000002,0.03210000000000002,25,40,0,10000,3.3
1572,0.0008,0.032200000000000006,25,40,0,10000,3.3
1573,0.0032,0.032299999999999995,25,40,0,10000,3.3
1574,-0.004,0.03240000000000001,25,40,0,10000,3.3
1575,0.0024000000000000002,0.0325,25,40,0,10000,3.3
1576,0.0008,0.03260000000000002,25,40,0,10000,3.3
1577,0.0008,0.03270000000000001,25,40,0,10000,3.3
1578,0.0008,0.032799999999999996,25,40,0,10000,3.3
1579,0.0032,0.03290000000000001,25,40,0,10000,3.3
1580,0.0016,0.033,25,40,0,10000,3.3
1581,0.0016,0.03310000000000002,25,40,0,10000,3.3
1582,0.0048000000000000004,0.03320000000000001,25,40,0,10000,3.3
1583,0.0008,0.033299999999999996,25,40,0,10000,3.3
1584,-0.0016,0.03340000000000001,25,40,0,10000,3.3
1585,-0.0016,0.0335,25,40,0,10000,3.3
1586,0.0024000000000000002,0.03360000000000002,25,40,0,10000,3.3
1587,0.0032,0.03370000000000001,25,40,0,10000,3.3
1588,0.004,0.0338,25,40,0,10000,3.3
1589,0.0016,0.03390000000000001,25,40,0,10000,3.3
1590,0.0,0.034,25,40,0,10000,3.3
1591,0.0032,0.03410000000000002,25,40,0,10000,3.3
1592,0.0024000000000000002,0.03420000000000001,25,40,0,10000,3.3
1593,0.0032,0.0343,25,40,0,10000,3.3
1594,-0.0008,0.034400000000000014,25,40,0,10000,3.3
1595,0.0024000000000000002,0.0345,25,40,0,10000,3.3
1596,0.0,0.03460000000000002,25,40,0,10000,3.3
1597,0.0,0.03470000000000001,25,40,0,10000,3.3
1598,-0.0048000000000000004,0.0348,25,40,0,10000,3.3
1599,0.0016,0.034900000000000014,25,40,0,10000,3.3
1600,0.0032,0.035,25,40,0,10000,3.3
1601,0.0016,0.03510000000000002,25,40,0,10000,3.3
1602,-0.0024000000000000002,0.03520000000000001,25,40,0,10000,3.3
1603,0.0,0.0353,25,40,0,10000,3.3
1604,0.004,0.035400000000000015,25,40,0,10000,3.3
1605,0.0008,0.035500000000000004,25,40,0,10000,3.3
1606,0.0008,0.03560000000000002,25,40,0,10000,3.3
1607,0.0032,0.03570000000000001,25,40,0,10000,3.3
1608,-0.0008,0.0358,25,40,0,10000,3.3
1609,0.0016,0.035900000000000015,25,40,0,10000,3.3
1610,0.0048000000000000004,0.036000000000000004,25,40,0,10000,3.3
1611,0.0024000000000000002,0.03610000000000002,25,40,0,10000,3.3
1612,-0.009600000000000001,0.03620000000000001,25,40,0,10000,3.3
1613,0.0,0.0363,25,40,0,10000,3.3
1614,0.0032,0.036400000000000016,25,40,0,10000,3.3
1615,-0.0008,0.036500000000000005,25,40,0,10000,3.3
1616,0.0016,0.03660000000000002,25,40,0,10000,3.3
1617,0.0032,0.03670000000000001,25,40,0,10000,3.3
1618,0.0032,0.0368,25,40,0,10000,3.3
1619,0.0008,0.036900000000000016,25,40,0,10000,3.3
1620,0.0032,0.037000000000000005,25,40,0,10000,3.3
1621,0.0032,0.037099999999999994,25,40,0,10000,3.3
1622,0.0032,0.03720000000000001,25,40,0,10000,3.3
1623,0.0008,0.0373,25,40,0,10000,3.3
1624,-0.008,0.03740000000000002,25,40,0,10000,3.3
1625,-0.0048000000000000004,0.037500000000000006,25,40,0,10000,3.3
1626,0.004,0.037599999999999995,25,40,0,10000,3.3
1627,0.0008,0.03770000000000001,25,40,0,10000,3.3
1628,0.0024000000000000002,0.0378,25,40,0,10000,3.3
1629,0.004,0.03790000000000002,25,40,0,10000,3.3
1630,-0.0008,0.038000000000000006,25,40,0,10000,3.3
1631,0.0,0.038099999999999995,25,40,0,10000,3.3
1632,0.0048000000000000004,0.03820000000000001,25,40,0,10000,3.3
1633,-0.0008,0.0383,25,40,0,10000,3.3
1634,0.0024000000000000002,0.03840000000000002,25,40,0,10000,3.3
1635,0.0,0.038500000000000006,25,40,0,10000,3.3
1636,-0.008,0.038599999999999995,25,40,0,10000,3.3
1637,0.004,0.03870000000000001,25,40,0,10000,3.3
1638,-0.0008,0.0388,25,40,0,10000,3.3
1639,0.0016,0.03890000000000002,25,40,0,10000,3.3
1640,0.0008,0.03900000000000001,25,40,0,10000,3.3
1641,0.0016,0.039099999999999996,25,40,0,10000,3.3
1642,0.0008,0.03920000000000001,25,40,0,10000,3.3
1643,0.0024000000000000002,0.0393,25,40,0,10000,3.3
1644,0.0016,0.03940000000000002,25,40,0,10000,3.3
1645,0.0008,0.03950000000000001,25,40,0,10000,3.3
1646,0.0024000000000000002,0.039599999999999996,25,40,0,10000,3.3
1647,0.0,0.03970000000000001,25,40,0,10000,3.3
1648,0.0032,0.0398,25,40,0,10000,3.3
1649,0.0,0.03990000000000002,25,40,0,10000,3.3
1650,0.0,0.04000000000000001,25,40,0,10000,3.3
1651,0.0024000000000000002,0.0401,25,40,0,10000,3.3
1652,0.004,0.040200000000000014,25,40,0,10000,3.3
1653,-0.0048000000000000004,0.0403,25,40,0,10000,3.3
1654,0.0,0.04040000000000002,25,40,0,10000,3.3
1655,0.0032,0.04050000000000001,25,40,0,10000,3.3
1656,0.0048000000000000004,0.0406,25,40,0,10000,3.3
1657,0.0024000000000000002,0.040700000000000014,25,40,0,10000,3.3
1658,0.0048000000000000004,0.0408,25,40,0,10000,3.3
1659,0.0032,0.04090000000000002,25,40,0,10000,3.3
1660,0.0024000000000000002,0.04100000000000001,25,40,0,10000,3.3
1661,0.0016,0.0411,25,40,0,10000,3.3
1662,0.0016,0.041200000000000014,25,40,0,10000,3.3
1663,0.0016,0.0413,25,40,0,10000,3.3
1664,0.0016,0.04140000000000002,25,40,0,10000,3.3
1665,0.0024000000000000002,0.04150000000000001,25,40,0,10000,3.3
1666,0.0032,0.0416,25,40,0,10000,3.3
1667,0.0024000000000000002,0.041700000000000015,25,40,0,10000,3.3
1668,0.0,0.041800000000000004,25,40,0,10000,3.3
1669,0.0032,0.04190000000000002,25,40,0,10000,3.3
1670,-0.0024000000000000002,0.04200000000000001,25,40,0,10000,3.3
1671,0.004,0.0421,25,40,0,10000,3.3
1672,0.0,0.042200000000000015,25,40,0,10000,3.3
1673,0.0016,0.042300000000000004,25,40,0,10000,3.3
1674,-0.010400000000000001,0.04240000000000002,25,40,0,10000,3.3
1675,-0.0008,0.04250000000000001,25,40,0,10000,3.3
1676,-0.0008,0.0426,25,40,0,10000,3.3
1677,0.0016,0.042700000000000016,25,40,0,10000,3.3
1678,0.0032,0.042800000000000005,25,40,0,10000,3.3
1679,0.0032,0.04290000000000002,25,40,0,10000,3.3
1680,0.0032,0.04300000000000001,25,40,0,10000,3.3
1681,0.0032,0.0431,25,40,0,10000,3.3
1682,0.0,0.043200000000000016,25,40,0,10000,3.3
1683,0.0008,0.043300000000000005,25,40,0,10000,3.3
1684,0.0024000000000000002,0.04340000000000002,25,40,0,10000,3.3
1685,-0.0008,0.04350000000000001,25,40,0,10000,3.3
1686,0.0048000000000000004,0.0436,25,40,0,10000,3.3
1687,-0.0016,0.04370000000000002,25,40,0,10000,3.3
1688,0.0032,0.043800000000000006,25,40,0,10000,3.3
1689,0.004,0.043899999999999995,25,40,0,10000,3.3
1690,0.0016,0.04400000000000001,25,40,0,10000,3.3
1691,-0.0056,0.0441,25,40,0,10000,3.3
1692,-0.0008,0.04420000000000002,25,40,0,10000,3.3
1693,0.0024000000000000002,0.044300000000000006,25,40,0,10000,3.3
1694,0.0016,0.044399999999999995,25,40,0,10000,3.3
1695,0.0024000000000000002,0.04450000000000001,25,40,0,10000,3.3
1696,0.0008,0.0446,25,40,0,10000,3.3
1697,-0.024,0.04470000000000002,25,40,0,10000,3.3
1698,-0.0008,0.044800000000000006,25,40,0,10000,3.3
1699,-0.0016,0.044899999999999995,25,40,0,10000,3.3
1700,0.0024000000000000002,0.04500000000000001,25,40,0,10000,3.3
1701,-0.0032,0.0451,25,40,0,10000,3.3
1702,0.004,0.04520000000000002,25,40,0,10000,3.3
1703,0.0024000000000000002,0.04530000000000001,25,40,0,10000,3.3
1704,0.0016,0.045399999999999996,25,40,0,10000,3.3
1705,-0.0016,0.04550000000000001,25,40,0,10000,3.3
1706,0.0024000000000000002,0.0456,25,40,0,10000,3.3
1707,0.0016,0.04570000000000002,25,40,0,10000,3.3
1708,0.0016,0.04580000000000001,25,40,0,10000,3.3
1709,-0.0008,0.045899999999999996,25,40,0,10000,3.3
1710,0.0016,0.04600000000000001,25,40,0,10000,3.3
1711,0.0032,0.0461,25,40,0,10000,3.3
1712,-0.0024000000000000002,0.04620000000000002,25,40,0,10000,3.3
1713,-0.0032,0.04630000000000001,25,40,0,10000,3.3
1714,0.0,0.0464,25,40,0,10000,3.3
1715,0.0016,0.046500000000000014,25,40,0,10000,3.3
1716,0.0024000000000000002,0.0466,25,40,0,10000,3.3
1717,0.004,0.04670000000000002,25,40,0,10000,3.3
1718,0.0,0.04680000000000001,25,40,0,10000,3.3
1719,0.0016,0.0469,25,40,0,10000,3.3
1720,0.004,0.047000000000000014,25,40,0,10000,3.3
1721,0.0024000000000000002,0.0471,25,40,0,10000,3.3
1722,0.0008,0.04720000000000002,25,40,0,10000,3.3
1723,0.0048000000000000004,0.04730000000000001,25,40,0,10000,3.3
1724,-0.0008,0.0474,25,40,0,10000,3.3
1725,0.0,0.047500000000000014,25,40,0,10000,3.3
1726,0.0024000000000000002,0.0476,25,40,0,10000,3.3
1727,0.0,0.04770000000000002,25,40,0,10000,3.3
1728,0.0024000000000000002,0.04780000000000001,25,40,0,10000,3.3
1729,0.0008,0.0479,25,40,0,10000,3.3
1730,0.0008,0.048000000000000015,25,40,0,10000,3.3
1731,0.0008,0.048100000000000004,25,40,0,10000,3.3
1732,0.0024000000000000002,0.04820000000000002,25,40,0,10000,3.3
1733,0.0016,0.04830000000000001,25,40,0,10000,3.3
1734,0.0048000000000000004,0.0484,25,40,0,10000,3.3
1735,0.0,0.048500000000000015,25,40,0,10000,3.3
1736,-0.0008,0.048600000000000004,25,40,0,10000,3.3
1737,-0.0024000000000000002,0.04870000000000002,25,40,0,10000,3.3
1738,0.0032,0.04880000000000001,25,40,0,10000,3.3
1739,0.0,0.0489,25,40,0,10000,3.3
1740,0.0032,0.049000000000000016,25,40,0,10000,3.3
1741,0.0024000000000000002,0.049100000000000005,25,40,0,10000,3.3
1742,0.0024000000000000002,0.04920000000000002,25,40,0,10000,3.3
1743,0.0016,0.04930000000000001,25,40,0,10000,3.3
1744,0.0008,0.0494,25,40,0,10000,3.3
1745,-0.0112,0.049500000000000016,25,40,0,10000,3.3
1746,0.0008,0.049600000000000005,25,40,0,10000,3.3
1747,0.0,0.04970000000000002,25,40,0,10000,3.3
1748,-0.0048000000000000004,0.04980000000000001,25,40,0,10000,3.3
1749,0.0008,0.0499,25,40,0,10000,3.3
1750,0.0048000000000000004,0.05000000000000002,25,40,0,10000,3.3
1751,0.0016,0.050100000000000006,25,40,0,10000,3.3
1752,-0.0024000000000000002,0.050199999999999995,25,40,0,10000,3.3
1753,0.004,0.05030000000000001,25,40,0,10000,3.3
1754,0.0016,0.0504,25,40,0,10000,3.3
1755,0.0056,0.05050000000000002,25,40,0,10000,3.3
1756,0.0048000000000000004,0.050600000000000006,25,40,0,10000,3.3
1757,-0.0064,0.050699999999999995,25,40,0,10000,3.3
1758,0.0048000000000000004,0.05080000000000001,25,40,0,10000,3.3
1759,0.0048000000000000004,0.0509,25,40,0,10000,3.3
1760,0.0024000000000000002,0.05100000000000002,25,40,0,10000,3.3
1761,0.0,0.051100000000000007,25,40,0,10000,3.3
1762,0.0008,0.051199999999999996,25,40,0,10000,3.3
1763,0.0016,0.05130000000000001,25,40,0,10000,3.3
1764,0.004,0.0514,25,40,0,10000,3.3
1765,0.0,0.05150000000000002,25,40,0,10000,3.3
1766,0.0032,0.05160000000000001,25,40,0,10000,3.3
1767,0.0024000000000000002,0.051699999999999996,25,40,0,10000,3.3
1768,0.0008,0.05180000000000001,25,40,0,10000,3.3
1769,0.0048000000000000004,0.0519,25,40,0,10000,3.3
1770,0.004,0.05200000000000002,25,40,0,10000,3.3
1771,0.0024000000000000002,0.05210000000000001,25,40,0,10000,3.3
1772,0.0008,0.052199999999999996,25,40,0,10000,3.3
1773,0.0032,0.05230000000000001,25,40,0,10000,3.3
1774,0.0024000000000000002,0.0524,25,40,0,10000,3.3
1775,-0.0032,0.05250000000000002,25,40,0,10000,3.3
1776,0.0048000000000000004,0.05260000000000001,25,40,0,10000,3.3
1777,0.0024000000000000002,0.0527,25,40,0,10000,3.3
1778,0.0048000000000000004,0.052800000000000014,25,40,0,10000,3.3
1779,0.0016,0.0529,25,40,0,10000,3.3
1780,0.0,0.05300000000000002,25,40,0,10000,3.3
1781,0.0,0.05310000000000001,25,40,0,10000,3.3
1782,0.0016,0.0532,25,40,0,10000,3.3
1783,-0.0008,0.053300000000000014,25,40,0,10000,3.3
1784,0.0024000000000000002,0.0534,25,40,0,10000,3.3
1785,0.0008,0.05350000000000002,25,40,0,10000,3.3
1786,0.0064,0.05360000000000001,25,40,0,10000,3.3
1787,0.0032,0.0537,25,40,0,10000,3.3
1788,0.0024000000000000002,0.053800000000000014,25,40,0,10000,3.3
1789,0.0008,0.0539,25,40,0,10000,3.3
1790,0.0024000000000000002,0.05400000000000002,25,40,0,10000,3.3
1791,0.0048000000000000004,0.05410000000000001,25,40,0,10000,3.3
1792,0.0048000000000000004,0.0542,25,40,0,10000,3.3
1793,0.004,0.054300000000000015,25,40,0,10000,3.3
1794,0.0,0.054400000000000004,25,40,0,10000,3.3
1795,0.0048000000000000004,0.05450000000000002,25,40,0,10000,3.3
1796,0.0024000000000000002,0.05460000000000001,25,40,0,10000,3.3
1797,0.0016,0.0547,25,40,0,10000,3.3
1798,0.0008,0.054800000000000015,25,40,0,10000,3.3
1799,-0.004,0.054900000000000004,25,40,0,10000,3.3
1800,0.0024000000000000002,0.05500000000000002,25,40,0,10000,3.3
1801,0.0008,0.05510000000000001,25,40,0,10000,3.3
1802,0.0064,0.0552,25,40,0,10000,3.3
1803,0.0,0.055300000000000016,25,40,0,10000,3.3
1804,0.0008,0.055400000000000005,25,40,0,10000,3.3
1805,0.0056,0.05550000000000002,25,40,0,10000,3.3
1806,0.0064,0.05560000000000001,25,40,0,10000,3.3
1807,0.0024000000000000002,0.0557,25,40,0,10000,3.3
1808,0.0016,0.055800000000000016,25,40,0,10000,3.3
1809,0.0,0.055900000000000005,25,40,0,10000,3.3
1810,0.0,0.05600000000000002,25,40,0,10000,3.3
1811,0.0016,0.05610000000000001,25,40,0,10000,3.3
1812,0.0024000000000000002,0.0562,25,40,0,10000,3.3
1813,-0.0016,0.05630000000000002,25,40,0,10000,3.3
1814,0.0008,0.056400000000000006,25,40,0,10000,3.3
1815,0.0,0.05650000000000002,25,40,0,10000,3.3
1816,0.0048000000000000004,0.05660000000000001,25,40,0,10000,3.3
1817,0.004,0.0567,25,40,0,10000,3.3
1818,0.0024000000000000002,0.05680000000000002,25,40,0,10000,3.3
1819,0.0024000000000000002,0.056900000000000006,25,40,0,10000,3.3
1820,-0.0016,0.056999999999999995,25,40,0,10000,3.3
1821,0.004,0.05710000000000001,25,40,0,10000,3.3
1822,0.0024000000000000002,0.0572,25,40,0,10000,3.3
1823,0.0032,0.05730000000000002,25,40,0,10000,3.3
1824,0.0024000000000000002,0.05740000000000001,25,40,0,10000,3.3
1825,0.0,0.057499999999999996,25,40,0,10000,3.3
1826,0.0,0.05760000000000001,25,40,0,10000,3.3
1827,-0.0008,0.0577,25,40,0,10000,3.3
1828,0.004,0.05780000000000002,25,40,0,10000,3.3
1829,0.0024000000000000002,0.05790000000000001,25,40,0,10000,3.3
1830,-0.0016,0.057999999999999996,25,40,0,10000,3.3
1831,0.004,0.05810000000000001,25,40,0,10000,3.3
1832,0.004,0.0582,25,40,0,10000,3.3
1833,0.0032,0.05830000000000002,25,40,0,10000,3.3
1834,-0.0008,0.05840000000000001,25,40,0,10000,3.3
1835,0.0016,0.058499999999999996,25,40,0,10000,3.3
1836,0.0008,0.05860000000000001,25,40,0,10000,3.3
1837,0.0024000000000000002,0.0587,25,40,0,10000,3.3
1838,0.0024000000000000002,0.05880000000000002,25,40,0,10000,3.3
1839,0.0024000000000000002,0.05890000000000001,25,40,0,10000,3.3
1840,-0.0048000000000000004,0.059,25,40,0,10000,3.3
1841,0.0024000000000000002,0.059100000000000014,25,40,0,10000,3.3
1842,0.0024000000000000002,0.0592,25,40,0,10000,3.3
1843,0.0032,0.05930000000000002,25,40,0,10000,3.3
1844,-0.0008,0.05940000000000001,25,40,0,10000,3.3
1845,0.0,0.0595,25,40,0,10000,3.3
1846,0.0,0.059600000000000014,25,40,0,10000,3.3
1847,0.0008,0.0597,25,40,0,10000,3.3
1848,0.0032,0.05980000000000002,25,40,0,10000,3.3
1849,0.0024000000000000002,0.05990000000000001,25,40,0,10000,3.3
1850,0.0,0.06,25,40,0,10000,3.3
1851,-0.008,0.060100000000000015,25,40,0,10000,3.3
1852,0.0,0.060200000000000004,25,40,0,10000,3.3
1853,0.0024000000000000002,0.06030000000000002,25,40,0,10000,3.3
1854,0.0008,0.06040000000000001,25,40,0,10000,3.3
1855,-0.0008,0.0605,25,40,0,10000,3.3
1856,0.0,0.060600000000000015,25,40,0,10000,3.3
1857,0.0016,0.060700000000000004,25,40,0,10000,3.3
1858,-0.0024000000000000002,0.06080000000000002,25,40,0,10000,3.3
1859,0.0024000000000000002,0.06090000000000001,25,40,0,10000,3.3
1860,0.0024000000000000002,0.061,25,40,0,10000,3.3
1861,0.0024000000000000002,0.061100000000000015,25,40,0,10000,3.3
1862,0.0016,0.061200000000000004,25,40,0,10000,3.3
1863,0.0016,0.06130000000000002,25,40,0,10000,3.3
1864,0.0032,0.06140000000000001,25,40,0,10000,3.3
1865,0.0024000000000000002,0.0615,25,40,0,10000,3.3
1866,0.0016,0.061600000000000016,25,40,0,10000,3.3
1867,-0.0048000000000000004,0.061700000000000005,25,40,0,10000,3.3
1868,0.0048000000000000004,0.06180000000000002,25,40,0,10000,3.3
1869,-0.0008,0.06190000000000001,25,40,0,10000,3.3
1870,0.0032,0.062,25,40,0,10000,3.3
1871,-0.0016,0.062100000000000016,25,40,0,10000,3.3
1872,0.0,0.062200000000000005,25,40,0,10000,3.3
1873,0.0008,0.06230000000000002,25,40,0,10000,3.3
1874,0.004,0.06240000000000001,25,40,0,10000,3.3
1875,-0.0016,0.0625,25,40,0,10000,3.3
1876,0.0008,0.06260000000000002,25,40,0,10000,3.3
1877,-0.0016,0.0627,25,40,0,10000,3.3
1878,-0.0008,0.06280000000000002,25,40,0,10000,3.3
1879,0.0024000000000000002,0.06290000000000001,25,40,0,10000,3.3
1880,0.0024000000000000002,0.063,25,40,0,10000,3.3
1881,0.0008,0.06310000000000002,25,40,0,10000,3.3
1882,0.0008,0.0632,25,40,0,10000,3.3
1883,0.0008,0.0633,25,40,0,10000,3.3
1884,0.0032,0.06340000000000001,25,40,0,10000,3.3
1885,0.0048000000000000004,0.0635,25,40,0,10000,3.3
1886,-0.0048000000000000004,0.06360000000000002,25,40,0,10000,3.3
1887,0.0,0.0637,25,40,0,10000,3.3
1888,0.004,0.0638,25,40,0,10000,3.3
1889,0.0,0.06390000000000001,25,40,0,10000,3.3
1890,0.0024000000000000002,0.064,25,40,0,10000,3.3
1891,0.0024000000000000002,0.06410000000000002,25,40,0,10000,3.3
1892,0.0008,0.06420000000000001,25,40,0,10000,3.3
1893,0.0008,0.0643,25,40,0,10000,3.3
1894,0.004,0.06440000000000001,25,40,0,10000,3.3
1895,0.0016,0.0645,25,40,0,10000,3.3
1896,-0.008,0.06460000000000002,25,40,0,10000,3.3
1897,-0.004,0.06470000000000001,25,40,0,10000,3.3
1898,0.0,0.0648,25,40,0,10000,3.3
1899,0.0048000000000000004,0.06490000000000001,25,40,0,10000,3.3
1900,0.0024000000000000002,0.065,25,40,0,10000,3.3
1901,0.0016,0.06510000000000002,25,40,0,10000,3.3
1902,0.0024000000000000002,0.06520000000000001,25,40,0,10000,3.3
1903,0.0024000000000000002,0.0653,25,40,0,10000,3.3
1904,0.0,0.06540000000000001,25,40,0,10000,3.3
1905,0.0032,0.0655,25,40,0,10000,3.3
1906,-0.0024000000000000002,0.06560000000000002,25,40,0,10000,3.3
1907,-0.0016,0.06570000000000001,25,40,0,10000,3.3
1908,-0.0184,0.0658,25,40,0,10000,3.3
1909,0.0,0.06590000000000001,25,40,0,10000,3.3
1910,0.0,0.066,25,40,0,10000,3.3
1911,0.0024000000000000002,0.06610000000000002,25,40,0,10000,3.3
1912,-0.0008,0.06620000000000001,25,40,0,10000,3.3
1913,0.0024000000000000002,0.0663,25,40,0,10000,3.3
1914,0.0024000000000000002,0.06640000000000001,25,40,0,10000,3.3
1915,0.0024000000000000002,0.0665,25,40,0,10000,3.3
1916,0.0024000000000000002,0.06660000000000002,25,40,0,10000,3.3
1917,0.0032,0.06670000000000001,25,40,0,10000,3.3
1918,0.0,0.0668,25,40,0,10000,3.3
1919,-0.004,0.06690000000000002,25,40,0,10000,3.3
1920,0.0016,0.067,25,40,0,10000,3.3
1921,0.0016,0.06710000000000002,25,40,0,10000,3.3
1922,0.0024000000000000002,0.06720000000000001,25,40,0,10000,3.3
1923,0.0048000000000000004,0.0673,25,40,0,10000,3.3
1924,0.0032,0.06740000000000002,25,40,0,10000,3.3
1925,0.0016,0.0675,25,40,0,10000,3.3
1926,0.0032,0.06760000000000002,25,40,0,10000,3.3
1927,0.0,0.06770000000000001,25,40,0,10000,3.3
1928,0.004,0.0678,25,40,0,10000,3.3
1929,0.0016,0.06790000000000002,25,40,0,10000,3.3
1930,-0.0008,0.068,25,40,0,10000,3.3
1931,-0.0008,0.06810000000000002,25,40,0,10000,3.3
1932,0.0,0.06820000000000001,25,40,0,10000,3.3
1933,0.0008,0.0683,25,40,0,10000,3.3
1934,0.0016,0.06840000000000002,25,40,0,10000,3.3
1935,0.0016,0.0685,25,40,0,10000,3.3
1936,0.0024000000000000002,0.06860000000000002,25,40,0,10000,3.3
1937,0.0024000000000000002,0.06870000000000001,25,40,0,10000,3.3
1938,-0.0008,0.0688,25,40,0,10000,3.3
1939,0.0024000000000000002,0.06890000000000002,25,40,0,10000,3.3
1940,-0.0032,0.069,25,40,0,10000,3.3
1941,0.0016,0.06910000000000002,25,40,0,10000,3.3
1942,0.0008,0.06920000000000001,25,40,0,10000,3.3
1943,0.0032,0.0693,25,40,0,10000,3.3
1944,0.0024000000000000002,0.06940000000000002,25,40,0,10000,3.3
1945,-0.0016,0.0695,25,40,0,10000,3.3
1946,0.0048000000000000004,0.06960000000000002,25,40,0,10000,3.3
1947,0.0016,0.06970000000000001,25,40,0,10000,3.3
1948,0.0048000000000000004,0.0698,25,40,0,10000,3.3
1949,0.0016,0.06990000000000002,25,40,0,10000,3.3
1950,-0.0016,0.07,25,40,0,10000,3.3
1951,0.0016,0.0701,25,40,0,10000,3.3
1952,0.0016,0.07020000000000001,25,40,0,10000,3.3
1953,0.004,0.0703,25,40,0,10000,3.3
1954,0.0024000000000000002,0.07040000000000002,25,40,0,10000,3.3
1955,0.0024000000000000002,0.07050000000000001,25,40,0,10000,3.3
1956,0.0024000000000000002,0.0706,25,40,0,10000,3.3
1957,-0.004,0.07070000000000001,25,40,0,10000,3.3
1958,0.0024000000000000002,0.0708,25,40,0,10000,3.3
1959,0.0,0.07090000000000002,25,40,0,10000,3.3
1960,0.0,0.07100000000000001,25,40,0,10000,3.3
1961,0.004,0.0711,25,40,0,10000,3.3
1962,0.0024000000000000002,0.07120000000000001,25,40,0,10000,3.3
1963,0.0016,0.0713,25,40,0,10000,3.3
1964,0.0016,0.07140000000000002,25,40,0,10000,3.3
1965,0.0048000000000000004,0.07150000000000001,25,40,0,10000,3.3
1966,0.0016,0.0716,25,40,0,10000,3.3
1967,0.0032,0.07170000000000001,25,40,0,10000,3.3
1968,0.004,0.0718,25,40,0,10000,3.3
1969,0.0,0.07190000000000002,25,40,0,10000,3.3
1970,0.0024000000000000002,0.07200000000000001,25,40,0,10000,3.3
1971,-0.0008,0.0721,25,40,0,10000,3.3
1972,0.0,0.07220000000000001,25,40,0,10000,3.3
1973,0.0016,0.0723,25,40,0,10000,3.3
1974,0.0008,0.07240000000000002,25,40,0,10000,3.3
1975,-0.0008,0.07250000000000001,25,40,0,10000,3.3
1976,0.0016,0.0726,25,40,0,10000,3.3
1977,0.0024000000000000002,0.07270000000000001,25,40,0,10000,3.3
1978,0.004,0.0728,25,40,0,10000,3.3
1979,0.0048000000000000004,0.07290000000000002,25,40,0,10000,3.3
1980,0.0032,0.07300000000000001,25,40,0,10000,3.3
1981,0.0008,0.0731,25,40,0,10000,3.3
1982,0.0008,0.07320000000000002,25,40,0,10000,3.3
1983,0.0032,0.0733,25,40,0,10000,3.3
1984,-0.0016,0.07340000000000002,25,40,0,10000,3.3
1985,0.004,0.07350000000000001,25,40,0,10000,3.3
1986,0.0008,0.0736,25,40,0,10000,3.3
1987,0.0048000000000000004,0.07370000000000002,25,40,0,10000,3.3
1988,-0.0016,0.0738,25,40,0,10000,3.3
1989,0.0024000000000000002,0.07390000000000002,25,40,0,10000,3.3
1990,0.004,0.07400000000000001,25,40,0,10000,3.3
1991,0.0032,0.0741,25,40,0,10000,3.3
1992,0.0,0.07420000000000002,25,40,0,10000,3.3
1993,0.004,0.0743,25,40,0,10000,3.3
1994,0.0,0.07440000000000002,25,40,0,10000,3.3
1995,0.004,0.07450000000000001,25,40,0,10000,3.3
1996,0.0016,0.0746,25,40,0,10000,3.3
1997,0.004,0.07470000000000002,25,40,0,10000,3.3
1998,0.0032,0.0748,25,40,0,10000,3.3
1999,0.0016,0.07490000000000002,25,40,0,10000,3.3
2000,0.0,0.07500000000000001,25,40,0,10000,3.3
2001,0.0024000000000000002,0.0751,25,40,0,10000,3.3
2002,0.0024000000000000002,0.07520000000000002,25,40,0,10000,3.3
2003,0.0016,0.0753,25,40,0,10000,3.3
2004,0.0008,0.07540000000000002,25,40,0,10000,3.3
2005,0.0016,0.07550000000000001,25,40,0,10000,3.3
2006,0.0016,0.0756,25,40,0,10000,3.3
2007,0.0032,0.07570000000000002,25,40,0,10000,3.3
2008,0.0016,0.0758,25,40,0,10000,3.3
2009,0.0032,0.07590000000000002,25,40,0,10000,3.3
2010,0.0024000000000000002,0.07600000000000001,25,40,0,10000,3.3
2011,0.0032,0.0761,25,40,0,10000,3.3
2012,-0.0008,0.07620000000000002,25,40,0,10000,3.3
2013,-0.0016,0.0763,25,40,0,10000,3.3
2014,0.0016,0.07640000000000002,25,40,0,10000,3.3
2015,0.0048000000000000004,0.07650000000000001,25,40,0,10000,3.3
2016,0.0032,0.0766,25,40,0,10000,3.3
2017,-0.0032,0.07670000000000002,25,40,0,10000,3.3
2018,0.0,0.07680000000000001,25,40,0,10000,3.3
2019,0.0016,0.0769,25,40,0,10000,3.3
2020,0.004,0.07700000000000001,25,40,0,10000,3.3
2021,0.0024000000000000002,0.0771,25,40,0,10000,3.3
2022,0.0032,0.07720000000000002,25,40,0,10000,3.3
2023,0.0024000000000000002,0.07730000000000001,25,40,0,10000,3.3
2024,-0.004,0.0774,25,40,0,10000,3.3
2025,-0.0008,0.07750000000000001,25,40,0,10000,3.3
2026,0.004,0.0776,25,40,0,10000,3.3
2027,0.0024000000000000002,0.07770000000000002,25,40,0,10000,3.3
2028,0.0016,0.07780000000000001,25,40,0,10000,3.3
2029,0.0032,0.0779,25,40,0,10000,3.3
2030,0.0032,0.07800000000000001,25,40,0,10000,3.3
2031,0.0024000000000000002,0.0781,25,40,0,10000,3.3
2032,-0.008,0.07820000000000002,25,40,0,10000,3.3
2033,-0.0024000000000000002,0.07830000000000001,25,40,0,10000,3.3
2034,0.0032,0.0784,25,40,0,10000,3.3
2035,0.0032,0.07850000000000001,25,40,0,10000,3.3
2036,0.004,0.0786,25,40,0,10000,3.3
2037,0.0048000000000000004,0.07870000000000002,25,40,0,10000,3.3
2038,0.0008,0.07880000000000001,25,40,0,10000,3.3
2039,0.0024000000000000002,0.0789,25,40,0,10000,3.3
2040,0.0008,0.07900000000000001,25,40,0,10000,3.3
2041,0.0024000000000000002,0.0791,25,40,0,10000,3.3
2042,-0.0024000000000000002,0.07920000000000002,25,40,0,10000,3.3
2043,0.0032,0.07930000000000001,25,40,0,10000,3.3
2044,-0.0016,0.0794,25,40,0,10000,3.3
2045,-0.0008,0.07950000000000002,25,40,0,10000,3.3
2046,0.0024000000000000002,0.0796,25,40,0,10000,3.3
2047,0.004,0.07970000000000002,25,40,0,10000,3.3
2048,0.004,0.07980000000000001,25,40,0,10000,3.3
2049,0.004,0.0799,25,40,0,10000,3.3
2050,0.0008,0.08000000000000002,25,40,0,10000,3.3
2051,0.004,0.0801,25,40,0,10000,3.3
2052,0.0032,0.08020000000000002,25,40,0,10000,3.3
2053,0.0032,0.08030000000000001,25,40,0,10000,3.3
2054,0.0024000000000000002,0.0804,25,40,0,10000,3.3
2055,-0.0024000000000000002,0.08050000000000002,25,40,0,10000,3.3
2056,0.004,0.0806,25,40,0,10000,3.3
2057,-0.0008,0.08070000000000002,25,40,0,10000,3.3
2058,0.0024000000000000002,0.08080000000000001,25,40,0,10000,3.3
2059,0.0048000000000000004,0.0809,25,40,0,10000,3.3
2060,0.0,0.08100000000000002,25,40,0,10000,3.3
2061,0.0016,0.0811,25,40,0,10000,3.3
2062,0.0016,0.08120000000000002,25,40,0,10000,3.3
2063,0.0032,0.08130000000000001,25,40,0,10000,3.3
2064,0.0,0.0814,25,40,0,10000,3.3
2065,-0.0016,0.08150000000000002,25,40,0,10000,3.3
2066,0.0,0.0816,25,40,0,10000,3.3
2067,0.0016,0.08170000000000002,25,40,0,10000,3.3
2068,-0.0016,0.08180000000000001,25,40,0,10000,3.3
2069,0.004,0.0819,25,40,0,10000,3.3
2070,0.0024000000000000002,0.08200000000000002,25,40,0,10000,3.3
2071,0.0032,0.0821,25,40,0,10000,3.3
2072,0.0,0.08220000000000002,25,40,0,10000,3.3
2073,0.0008,0.08230000000000001,25,40,0,10000,3.3
2074,0.0008,0.0824,25,40,0,10000,3.3
2075,-0.0008,0.08250000000000002,25,40,0,10000,3.3
2076,0.0,0.0826,25,40,0,10000,3.3
2077,-0.0016,0.08270000000000002,25,40,0,10000,3.3
2078,0.004,0.08280000000000001,25,40,0,10000,3.3
2079,0.004,0.0829,25,40,0,10000,3.3
2080,-0.0008,0.08300000000000002,25,40,0,10000,3.3
2081,-0.0016,0.08310000000000001,25,40,0,10000,3.3
2082,-0.0048000000000000004,0.0832,25,40,0,10000,3.3
2083,0.0016,0.08330000000000001,25,40,0,10000,3.3
2084,0.0008,0.0834,25,40,0,10000,3.3
2085,-0.0016,0.08350000000000002,25,40,0,10000,3.3
2086,0.0032,0.08360000000000001,25,40,0,10000,3.3
2087,-0.0016,0.0837,25,40,0,10000,3.3
2088,-0.0024000000000000002,0.08380000000000001,25,40,0,10000,3.3
2089,0.0008,0.0839,25,40,0,10000,3.3
2090,0.004,0.08400000000000002,25,40,0,10000,3.3
2091,0.0016,0.08410000000000001,25,40,0,10000,3.3
2092,0.0008,0.0842,25,40,0,10000,3.3
2093,0.004,0.08430000000000001,25,40,0,10000,3.3
2094,-0.0016,0.0844,25,40,0,10000,3.3
2095,0.0032,0.08450000000000002,25,40,0,10000,3.3
2096,0.004,0.08460000000000001,25,40,0,10000,3.3
2097,0.0016,0.0847,25,40,0,10000,3.3
2098,0.0008,0.08480000000000001,25,40,0,10000,3.3
2099,-0.0008,0.0849,25,40,0,10000,3.3
2100,0.0032,0.08500000000000002,25,40,0,10000,3.3
2101,0.0024000000000000002,0.08510000000000001,25,40,0,10000,3.3
2102,0.0,0.0852,25,40,0,10000,3.3
2103,0.0032,0.08530000000000001,25,40,0,10000,3.3
2104,-0.0048000000000000004,0.0854,25,40,0,10000,3.3
2105,-0.0016,0.08550000000000002,25,40,0,10000,3.3
2106,0.0032,0.08560000000000001,25,40,0,10000,3.3
2107,-0.0048000000000000004,0.0857,25,40,0,10000,3.3
2108,0.0,0.08580000000000002,25,40,0,10000,3.3
2109,0.0048000000000000004,0.0859,25,40,0,10000,3.3
2110,0.0008,0.08600000000000002,25,40,0,10000,3.3
2111,0.0048000000000000004,0.08610000000000001,25,40,0,10000,3.3
2112,-0.0008,0.0862,25,40,0,10000,3.3
2113,0.0024000000000000002,0.08630000000000002,25,40,0,10000,3.3
2114,0.0,0.0864,25,40,0,10000,3.3
2115,0.0024000000000000002,0.08650000000000002,25,40,0,10000,3.3
2116,-0.0008,0.08660000000000001,25,40,0,10000,3.3
2117,0.0024000000000000002,0.0867,25,40,0,10000,3.3
2118,0.0016,0.08680000000000002,25,40,0,10000,3.3
2119,0.004,0.0869,25,40,0,10000,3.3
2120,0.0008,0.08700000000000002,25,40,0,10000,3.3
2121,0.0,0.08710000000000001,25,40,0,10000,3.3
2122,0.0016,0.0872,25,40,0,10000,3.3
2123,-0.0048000000000000004,0.08730000000000002,25,40,0,10000,3.3
2124,-0.0008,0.0874,25,40,0,10000,3.3
2125,0.0016,0.08750000000000002,25,40,0,10000,3.3
2126,0.0008,0.08760000000000001,25,40,0,10000,3.3
2127,0.0,0.0877,25,40,0,10000,3.3
2128,0.0008,0.08780000000000002,25,40,0,10000,3.3
2129,-0.0048000000000000004,0.0879,25,40,0,10000,3.3
2130,0.0008,0.08800000000000002,25,40,0,10000,3.3
2131,0.0024000000000000002,0.08810000000000001,25,40,0,10000,3.3
2132,0.0024000000000000002,0.0882,25,40,0,10000,3.3
2133,-0.0048000000000000004,0.08830000000000002,25,40,0,10000,3.3
2134,0.0024000000000000002,0.0884,25,40,0,10000,3.3
2135,0.0024000000000000002,0.08850000000000002,25,40,0,10000,3.3
2136,0.0032,0.08860000000000001,25,40,0,10000,3.3
2137,0.0008,0.0887,25,40,0,10000,3.3
2138,0.0024000000000000002,0.08880000000000002,25,40,0,10000,3.3
2139,0.0024000000000000002,0.0889,25,40,0,10000,3.3
2140,0.0016,0.08900000000000002,25,40,0,10000,3.3
2141,-0.0016,0.08910000000000001,25,40,0,10000,3.3
2142,0.0016,0.0892,25,40,0,10000,3.3
2143,0.0024000000000000002,0.08930000000000002,25,40,0,10000,3.3
2144,0.0024000000000000002,0.08940000000000001,25,40,0,10000,3.3
2145,0.0016,0.08950000000000002,25,40,0,10000,3.3
2146,0.0008,0.08960000000000001,25,40,0,10000,3.3
2147,0.0,0.0897,25,40,0,10000,3.3
2148,-0.0016,0.08980000000000002,25,40,0,10000,3.3
2149,-0.0008,0.08990000000000001,25,40,0,10000,3.3
2150,0.004,0.09,25,40,0,10000,3.3
2151,0.0048000000000000004,0.09010000000000001,25,40,0,10000,3.3
2152,0.0,0.0902,25,40,0,10000,3.3
2153,0.0,0.09030000000000002,25,40,0,10000,3.3
2154,0.0016,0.09040000000000001,25,40,0,10000,3.3
2155,0.0,0.0905,25,40,0,10000,3.3
2156,0.0048000000000000004,0.09060000000000001,25,40,0,10000,3.3
2157,0.0016,0.0907,25,40,0,10000,3.3
2158,0.0016,0.09080000000000002,25,40,0,10000,3.3
2159,0.004,0.09090000000000001,25,40,0,10000,3.3
2160,0.0024000000000000002,0.091,25,40,0,10000,3.3
2161,-0.014400000000000001,0.09110000000000001,25,40,0,10000,3.3
2162,-0.004,0.0912,25,40,0,10000,3.3
2163,0.004,0.09130000000000002,25,40,0,10000,3.3
2164,-0.0032,0.09140000000000001,25,40,0,10000,3.3
2165,-0.0008,0.0915,25,40,0,10000,3.3
2166,0.0024000000000000002,0.09160000000000001,25,40,0,10000,3.3
2167,0.0008,0.0917,25,40,0,10000,3.3
2168,0.0,0.09180000000000002,25,40,0,10000,3.3
2169,0.0016,0.09190000000000001,25,40,0,10000,3.3
2170,0.0016,0.092,25,40,0,10000,3.3
2171,0.0048000000000000004,0.09210000000000002,25,40,0,10000,3.3
2172,0.0,0.0922,25,40,0,10000,3.3
2173,0.0032,0.09230000000000002,25,40,0,10000,3.3
2174,0.0008,0.09240000000000001,25,40,0,10000,3.3
2175,0.0,0.0925,25,40,0,10000,3.3
2176,0.0016,0.09260000000000002,25,40,0,10000,3.3
2177,0.0008,0.0927,25,40,0,10000,3.3
2178,0.0024000000000000002,0.09280000000000002,25,40,0,10000,3.3
2179,0.0032,0.09290000000000001,25,40,0,10000,3.3
2180,0.0024000000000000002,0.093,25,40,0,10000,3.3
2181,0.0016,0.09310000000000002,25,40,0,10000,3.3
2182,-0.007200000000000001,0.0932,25,40,0,10000,3.3
2183,0.0032,0.09330000000000002,25,40,0,10000,3.3
2184,0.0032,0.09340000000000001,25,40,0,10000,3.3
2185,-0.016800000000000002,0.0935,25,40,0,10000,3.3
2186,0.0008,0.09360000000000002,25,40,0,10000,3.3
2187,0.0,0.0937,25,40,0,10000,3.3
2188,0.0024000000000000002,0.09380000000000002,25,40,0,10000,3.3
2189,0.0032,0.09390000000000001,25,40,0,10000,3.3
2190,-0.004,0.094,25,40,0,10000,3.3
2191,0.0048000000000000004,0.09410000000000002,25,40,0,10000,3.3
2192,0.0,0.0942,25,40,0,10000,3.3
2193,0.0008,0.09430000000000002,25,40,0,10000,3.3
2194,0.0024000000000000002,0.09440000000000001,25,40,0,10000,3.3
2195,0.0,0.0945,25,40,0,10000,3.3
2196,0.0008,0.09460000000000002,25,40,0,10000,3.3
2197,0.0016,0.0947,25,40,0,10000,3.3
2198,0.0016,0.09480000000000002,25,40,0,10000,3.3
2199,0.0024000000000000002,0.09490000000000001,25,40,0,10000,3.3
2200,0.0,0.095,25,40,0,10000,3.3
2201,0.0024000000000000002,0.09510000000000002,25,40,0,10000,3.3
2202,0.0008,0.0952,25,40,0,10000,3.3
2203,0.0008,0.09530000000000002,25,40,0,10000,3.3
2204,0.0,0.09540000000000001,25,40,0,10000,3.3
2205,0.0032,0.0955,25,40,0,10000,3.3
2206,0.0056,0.09560000000000002,25,40,0,10000,3.3
2207,-0.0008,0.09570000000000001,25,40,0,10000,3.3
2208,0.0016,0.09580000000000002,25,40,0,10000,3.3
2209,-0.0008,0.09590000000000001,25,40,0,10000,3.3
2210,0.004,0.096,25,40,0,10000,3.3
2211,0.0024000000000000002,0.09610000000000002,25,40,0,10000,3.3
2212,0.0,0.09620000000000001,25,40,0,10000,3.3
2213,0.0048000000000000004,0.09630000000000002,25,40,0,10000,3.3
2214,0.0008,0.09640000000000001,25,40,0,10000,3.3
2215,0.0,0.0965,25,40,0,10000,3.3
2216,-0.0016,0.09660000000000002,25,40,0,10000,3.3
2217,-0.0008,0.09670000000000001,25,40,0,10000,3.3
2218,0.0032,0.0968,25,40,0,10000,3.3
2219,-0.0008,0.09690000000000001,25,40,0,10000,3.3
2220,0.0008,0.097,25,40,0,10000,3.3
2221,0.0032,0.09710000000000002,25,40,0,10000,3.3
2222,0.004,0.09720000000000001,25,40,0,10000,3.3
2223,0.0,0.0973,25,40,0,10000,3.3
2224,0.0,0.09740000000000001,25,40,0,10000,3.3
2225,-0.0032,0.0975,25,40,0,10000,3.3
2226,0.0008,0.09760000000000002,25,40,0,10000,3.3
2227,0.0032,0.09770000000000001,25,40,0,10000,3.3
2228,0.0016,0.0978,25,40,0,10000,3.3
2229,0.0008,0.09790000000000001,25,40,0,10000,3.3
2230,0.0032,0.098,25,40,0,10000,3.3
2231,-0.0008,0.09810000000000002,25,40,0,10000,3.3
2232,-0.0024000000000000002,0.09820000000000001,25,40,0,10000,3.3
2233,0.0016,0.0983,25,40,0,10000,3.3
2234,0.0008,0.09840000000000002,25,40,0,10000,3.3
2235,0.0048000000000000004,0.0985,25,40,0,10000,3.3
2236,0.0008,0.09860000000000002,25,40,0,10000,3.3
2237,0.0024000000000000002,0.09870000000000001,25,40,0,10000,3.3
2238,0.0016,0.0988,25,40,0,10000,3.3
2239,0.0024000000000000002,0.09890000000000002,25,40,0,10000,3.3
2240,0.0008,0.099,25,40,0,10000,3.3
2241,0.0,0.09910000000000002,25,40,0,10000,3.3
2242,0.0008,0.09920000000000001,25,40,0,10000,3.3
2243,0.0008,0.0993,25,40,0,10000,3.3
2244,-0.0024000000000000002,0.09940000000000002,25,40,0,10000,3.3
2245,-0.0008,0.0995,25,40,0,10000,3.3
2246,0.004,0.09960000000000002,25,40,0,10000,3.3
2247,0.0008,0.09970000000000001,25,40,0,10000,3.3
2248,0.0032,0.0998,25,40,0,10000,3.3
2249,-0.0176,0.09990000000000002,25,40,0,10000,3.3
2250,0.0008,0.1,25,40,0,10000,3.3
2251,0.0048000000000000004,0.10010000000000002,25,40,0,10000,3.3
2252,0.0016,0.10020000000000001,25,40,0,10000,3.3
2253,-0.0024000000000000002,0.1003,25,40,0,10000,3.3
2254,-0.0008,0.10040000000000002,25,40,0,10000,3.3
2255,-0.004,0.1005,25,40,0,10000,3.3
2256,0.0024000000000000002,0.10060000000000002,25,40,0,10000,3.3
2257,0.0024000000000000002,0.10070000000000001,25,40,0,10000,3.3
2258,-0.0008,0.1008,25,40,0,10000,3.3
2259,0.0008,0.10090000000000002,25,40,0,10000,3.3
2260,0.0048000000000000004,0.101,25,40,0,10000,3.3
2261,0.0016,0.10110000000000002,25,40,0,10000,3.3
2262,0.0008,0.10120000000000001,25,40,0,10000,3.3
2263,0.0032,0.1013,25,40,0,10000,3.3
2264,-0.0064,0.10140000000000002,25,40,0,10000,3.3
2265,-0.004,0.1015,25,40,0,10000,3.3
2266,-0.007200000000000001,0.10160000000000002,25,40,0,10000,3.3
2267,0.0032,0.10170000000000001,25,40,0,10000,3.3
2268,0.0016,0.1018,25,40,0,10000,3.3
2269,0.0024000000000000002,0.10190000000000002,25,40,0,10000,3.3
2270,0.0064,0.10200000000000001,25,40,0,10000,3.3
2271,0.0032,0.10210000000000002,25,40,0,10000,3.3
2272,0.0032,0.10220000000000001,25,40,0,10000,3.3
2273,-0.0008,0.1023,25,40,0,10000,3.3
2274,0.0032,0.10240000000000002,25,40,0,10000,3.3
2275,0.0024000000000000002,0.10250000000000001,25,40,0,10000,3.3
2276,0.004,0.10260000000000002,25,40,0,10000,3.3
2277,0.0008,0.10270000000000001,25,40,0,10000,3.3
2278,0.0024000000000000002,0.1028,25,40,0,10000,3.3
2279,0.0016,0.10290000000000002,25,40,0,10000,3.3
2280,0.0024000000000000002,0.10300000000000001,25,40,0,10000,3.3
2281,0.0016,0.1031,25,40,0,10000,3.3
2282,0.0016,0.10320000000000001,25,40,0,10000,3.3
2283,-0.0016,0.1033,25,40,0,10000,3.3
2284,-0.007200000000000001,0.10340000000000002,25,40,0,10000,3.3
2285,-0.0008,0.10350000000000001,25,40,0,10000,3.3
2286,0.004,0.1036,25,40,0,10000,3.3
2287,0.0048000000000000004,0.10370000000000001,25,40,0,10000,3.3
2288,0.0016,0.1038,25,40,0,10000,3.3
2289,0.0032,0.10390000000000002,25,40,0,10000,3.3
2290,0.0,0.10400000000000001,25,40,0,10000,3.3
2291,0.0008,0.1041,25,40,0,10000,3.3
2292,0.0056,0.10420000000000001,25,40,0,10000,3.3
2293,0.0008,0.1043,25,40,0,10000,3.3
2294,0.004,0.10440000000000002,25,40,0,10000,3.3
2295,0.0032,0.10450000000000001,25,40,0,10000,3.3
2296,-0.0008,0.1046,25,40,0,10000,3.3
2297,0.0032,0.10470000000000002,25,40,0,10000,3.3
2298,0.0008,0.1048,25,40,0,10000,3.3
2299,0.0024000000000000002,0.10490000000000002,25,40,0,10000,3.3
2300,0.0048000000000000004,0.10500000000000001,25,40,0,10000,3.3
2301,0.0008,0.1051,25,40,0,10000,3.3
2302,0.0008,0.10520000000000002,25,40,0,10000,3.3
2303,0.004,0.1053,25,40,0,10000,3.3
2304,0.0,0.10540000000000002,25,40,0,10000,3.3
2305,-0.0024000000000000002,0.10550000000000001,25,40,0,10000,3.3
2306,0.0008,0.1056,25,40,0,10000,3.3
2307,0.0016,0.10570000000000002,25,40,0,10000,3.3
2308,0.0,0.1058,25,40,0,10000,3.3
2309,0.0,0.10590000000000002,25,40,0,10000,3.3
2310,-0.0024000000000000002,0.10600000000000001,25,40,0,10000,3.3
2311,0.004,0.1061,25,40,0,10000,3.3
2312,-0.0008,0.10620000000000002,25,40,0,10000,3.3
2313,0.004,0.1063,25,40,0,10000,3.3
2314,0.004,0.10640000000000002,25,40,0,10000,3.3
2315,0.0008,0.10650000000000001,25,40,0,10000,3.3
2316,0.0,0.1066,25,40,0,10000,3.3
2317,0.0024000000000000002,0.10670000000000002,25,40,0,10000,3.3
2318,0.0016,0.1068,25,40,0,10000,3.3
2319,0.0,0.10690000000000002,25,40,0,10000,3.3
2320,0.0,0.10700000000000001,25,40,0,10000,3.3
2321,0.0,0.1071,25,40,0,10000,3.3
2322,0.0024000000000000002,0.10720000000000002,25,40,0,10000,3.3
2323,0.0024000000000000002,0.1073,25,40,0,10000,3.3
2324,0.0008,0.10740000000000002,25,40,0,10000,3.3
2325,0.0008,0.10750000000000001,25,40,0,10000,3.3
2326,0.004,0.1076,25,40,0,10000,3.3
2327,0.0024000000000000002,0.10770000000000002,25,40,0,10000,3.3
2328,0.0024000000000000002,0.1078,25,40,0,10000,3.3
2329,0.0016,0.10790000000000002,25,40,0,10000,3.3
2330,-0.0016,0.10800000000000001,25,40,0,10000,3.3
2331,0.0032,0.1081,25,40,0,10000,3.3
2332,0.0024000000000000002,0.10820000000000002,25,40,0,10000,3.3
2333,0.0,0.10830000000000001,25,40,0,10000,3.3
2334,0.004,0.10840000000000002,25,40,0,10000,3.3
2335,0.0,0.10850000000000001,25,40,0,10000,3.3
2336,0.0032,0.1086,25,40,0,10000,3.3
2337,0.0032,0.10870000000000002,25,40,0,10000,3.3
2338,0.0032,0.10880000000000001,25,40,0,10000,3.3
2339,-0.0008,0.10890000000000002,25,40,0,10000,3.3
2340,0.0048000000000000004,0.10900000000000001,25,40,0,10000,3.3
2341,0.0024000000000000002,0.1091,25,40,0,10000,3.3
2342,0.0,0.10920000000000002,25,40,0,10000,3.3
2343,0.004,0.10930000000000001,25,40,0,10000,3.3
2344,0.0048000000000000004,0.10940000000000003,25,40,0,10000,3.3
2345,0.0008,0.10950000000000001,25,40,0,10000,3.3
2346,0.0016,0.1096,25,40,0,10000,3.3
2347,0.0016,0.10970000000000002,25,40,0,10000,3.3
2348,0.0008,0.10980000000000001,25,40,0,10000,3.3
2349,0.004,0.1099,25,40,0,10000,3.3
2350,0.004,0.11000000000000001,25,40,0,10000,3.3
2351,0.0,0.1101,25,40,0,10000,3.3
2352,0.0,0.11020000000000002,25,40,0,10000,3.3
2353,0.0024000000000000002,0.11030000000000001,25,40,0,10000,3.3
2354,-0.0048000000000000004,0.1104,25,40,0,10000,3.3
2355,0.0032,0.11050000000000001,25,40,0,10000,3.3
2356,0.0008,0.1106,25,40,0,10000,3.3
2357,0.004,0.11070000000000002,25,40,0,10000,3.3
2358,-0.0008,0.11080000000000001,25,40,0,10000,3.3
2359,-0.0016,0.1109,25,40,0,10000,3.3
2360,0.0024000000000000002,0.11100000000000002,25,40,0,10000,3.3
2361,0.0,0.1111,25,40,0,10000,3.3
2362,0.0,0.11120000000000002,25,40,0,10000,3.3
2363,0.0008,0.11130000000000001,25,40,0,10000,3.3
2364,0.0016,0.1114,25,40,0,10000,3.3
2365,-0.0008,0.11150000000000002,25,40,0,10000,3.3
2366,0.0032,0.1116,25,40,0,10000,3.3
2367,0.0032,0.11170000000000002,25,40,0,10000,3.3
2368,-0.0008,0.11180000000000001,25,40,0,10000,3.3
2369,0.0008,0.1119,25,40,0,10000,3.3
2370,0.0048000000000000004,0.11200000000000002,25,40,0,10000,3.3
2371,0.0032,0.1121,25,40,0,10000,3.3
2372,0.0048000000000000004,0.11220000000000002,25,40,0,10000,3.3
2373,0.0048000000000000004,0.11230000000000001,25,40,0,10000,3.3
2374,-0.0016,0.1124,25,40,0,10000,3.3
2375,0.0,0.11250000000000002,25,40,0,10000,3.3
2376,-0.0008,0.1126,25,40,0,10000,3.3
2377,0.0024000000000000002,0.11270000000000002,25,40,0,10000,3.3
2378,0.0016,0.11280000000000001,25,40,0,10000,3.3
2379,-0.0016,0.1129,25,40,0,10000,3.3
2380,0.0008,0.11300000000000002,25,40,0,10000,3.3
2381,0.0008,0.1131,25,40,0,10000,3.3
2382,0.0024000000000000002,0.11320000000000002,25,40,0,10000,3.3
2383,0.0016,0.11330000000000001,25,40,0,10000,3.3
2384,0.0016,0.1134,25,40,0,10000,3.3
2385,0.0016,0.11350000000000002,25,40,0,10000,3.3
2386,0.0008,0.1136,25,40,0,10000,3.3
2387,0.0008,0.11370000000000002,25,40,0,10000,3.3
2388,-0.0024000000000000002,0.11380000000000001,25,40,0,10000,3.3
2389,0.0024000000000000002,0.1139,25,40,0,10000,3.3
2390,-0.0016,0.11400000000000002,25,40,0,10000,3.3
2391,-0.0024000000000000002,0.11410000000000001,25,40,0,10000,3.3
2392,-0.0008,0.11420000000000002,25,40,0,10000,3.3
2393,0.0008,0.11430000000000001,25,40,0,10000,3.3
2394,0.0024000000000000002,0.1144,25,40,0,10000,3.3
2395,0.0032,0.11450000000000002,25,40,0,10000,3.3
2396,0.0008,0.11460000000000001,25,40,0,10000,3.3
2397,0.0056,0.11470000000000002,25,40,0,10000,3.3
2398,0.0008,0.11480000000000001,25,40,0,10000,3.3
2399,0.0056,0.1149,25,40,0,10000,3.3
2400,0.0008,0.11500000000000002,25,40,0,10000,3.3
2401,-0.0032,0.11510000000000001,25,40,0,10000,3.3
2402,0.0016,0.11520000000000002,25,40,0,10000,3.3
2403,0.0016,0.11530000000000001,25,40,0,10000,3.3
2404,0.0024000000000000002,0.1154,25,40,0,10000,3.3
2405,0.0024000000000000002,0.11550000000000002,25,40,0,10000,3.3
2406,0.0016,0.11560000000000001,25,40,0,10000,3.3
2407,0.0032,0.11570000000000003,25,40,0,10000,3.3
2408,0.0008,0.11580000000000001,25,40,0,10000,3.3
2409,0.0056,0.1159,25,40,0,10000,3.3
2410,0.0032,0.11600000000000002,25,40,0,10000,3.3
2411,-0.0048000000000000004,0.11610000000000001,25,40,0,10000,3.3
2412,0.0008,0.1162,25,40,0,10000,3.3
2413,0.004,0.11630000000000001,25,40,0,10000,3.3
2414,0.0048000000000000004,0.1164,25,40,0,10000,3.3
2415,-0.0016,0.11650000000000002,25,40,0,10000,3.3
2416,0.0024000000000000002,0.11660000000000001,25,40,0,10000,3.3
2417,0.0008,0.1167,25,40,0,10000,3.3
2418,0.0016,0.11680000000000001,25,40,0,10000,3.3
2419,0.0008,0.1169,25,40,0,10000,3.3
2420,0.004,0.11700000000000002,25,40,0,10000,3.3
2421,0.0,0.11710000000000001,25,40,0,10000,3.3
2422,0.0024000000000000002,0.1172,25,40,0,10000,3.3
2423,0.0,0.11730000000000002,25,40,0,10000,3.3
2424,0.0024000000000000002,0.1174,25,40,0,10000,3.3
2425,0.0008,0.11750000000000002,25,40,0,10000,3.3
2426,0.0024000000000000002,0.11760000000000001,25,40,0,10000,3.3
2427,0.0016,0.1177,25,40,0,10000,3.3
2428,-0.0016,0.11780000000000002,25,40,0,10000,3.3
2429,0.0048000000000000004,0.1179,25,40,0,10000,3.3
2430,0.0032,0.11800000000000002,25,40,0,10000,3.3
2431,0.0008,0.11810000000000001,25,40,0,10000,3.3
2432,0.0016,0.1182,25,40,0,10000,3.3
2433,0.0024000000000000002,0.11830000000000002,25,40,0,10000,3.3
2434,0.0048000000000000004,0.1184,25,40,0,10000,3.3
2435,0.0032,0.11850000000000002,25,40,0,10000,3.3
2436,0.0048000000000000004,0.11860000000000001,25,40,0,10000,3.3
2437,-0.0032,0.1187,25,40,0,10000,3.3
2438,0.0048000000000000004,0.11880000000000002,25,40,0,10000,3.3
2439,0.0048000000000000004,0.1189,25,40,0,10000,3.3
2440,0.0024000000000000002,0.11900000000000002,25,40,0,10000,3.3
2441,0.0056,0.11910000000000001,25,40,0,10000,3.3
2442,0.0016,0.1192,25,40,0,10000,3.3
2443,-0.0008,0.11930000000000002,25,40,0,10000,3.3
2444,0.004,0.1194,25,40,0,10000,3.3
2445,0.0024000000000000002,0.11950000000000002,25,40,0,10000,3.3
2446,0.0,0.11960000000000001,25,40,0,10000,3.3
2447,0.0008,0.1197,25,40,0,10000,3.3
2448,0.0016,0.11980000000000002,25,40,0,10000,3.3
2449,-0.0008,0.1199,25,40,0,10000,3.3
2450,0.004,0.12000000000000002,25,40,0,10000,3.3
2451,0.0008,0.12010000000000001,25,40,0,10000,3.3
2452,0.004,0.1202,25,40,0,10000,3.3
2453,0.0008,0.12030000000000002,25,40,0,10000,3.3
2454,0.0,0.12040000000000001,25,40,0,10000,3.3
2455,0.0016,0.12050000000000002,25,40,0,10000,3.3
2456,0.0032,0.12060000000000001,25,40,0,10000,3.3
2457,0.0048000000000000004,0.1207,25,40,0,10000,3.3
2458,0.0024000000000000002,0.12080000000000002,25,40,0,10000,3.3
2459,0.0016,0.12090000000000001,25,40,0,10000,3.3
2460,0.0016,0.12100000000000002,25,40,0,10000,3.3
2461,0.004,0.12110000000000001,25,40,0,10000,3.3
2462,0.0032,0.1212,25,40,0,10000,3.3
2463,0.0,0.12130000000000002,25,40,0,10000,3.3
2464,0.0056,0.12140000000000001,25,40,0,10000,3.3
2465,0.0024000000000000002,0.12150000000000002,25,40,0,10000,3.3
2466,0.0016,0.12160000000000001,25,40,0,10000,3.3
2467,-0.008,0.1217,25,40,0,10000,3.3
2468,0.0016,0.12180000000000002,25,40,0,10000,3.3
2469,0.0008,0.12190000000000001,25,40,0,10000,3.3
2470,0.0016,0.12200000000000003,25,40,0,10000,3.3
2471,0.0008,0.12210000000000001,25,40,0,10000,3.3
2472,0.004,0.1222,25,40,0,10000,3.3
2473,0.0008,0.12230000000000002,25,40,0,10000,3.3
2474,0.0024000000000000002,0.12240000000000001,25,40,0,10000,3.3
2475,0.0008,0.12250000000000003,25,40,0,10000,3.3
2476,0.0,0.12260000000000001,25,40,0,10000,3.3
2477,0.0032,0.1227,25,40,0,10000,3.3
2478,0.0008,0.12280000000000002,25,40,0,10000,3.3
2479,0.0016,0.12290000000000001,25,40,0,10000,3.3
2480,0.0048000000000000004,0.123,25,40,0,10000,3.3
2481,0.004,0.12310000000000001,25,40,0,10000,3.3
2482,0.0008,0.1232,25,40,0,10000,3.3
2483,0.0008,0.12330000000000002,25,40,0,10000,3.3
2484,0.0024000000000000002,0.12340000000000001,25,40,0,10000,3.3
2485,0.0016,0.1235,25,40,0,10000,3.3
2486,0.0,0.12360000000000002,25,40,0,10000,3.3
2487,0.004,0.1237,25,40,0,10000,3.3
2488,-0.0016,0.12380000000000002,25,40,0,10000,3.3
2489,-0.0024000000000000002,0.12390000000000001,25,40,0,10000,3.3
2490,0.0016,0.124,25,40,0,10000,3.3
2491,0.0024000000000000002,0.12410000000000002,25,40,0,10000,3.3
2492,-0.0048000000000000004,0.1242,25,40,0,10000,3.3
2493,0.0032,0.12430000000000002,25,40,0,10000,3.3
2494,-0.0048000000000000004,0.12440000000000001,25,40,0,10000,3.3
2495,-0.0016,0.1245,25,40,0,10000,3.3
2496,-0.0016,0.12460000000000002,25,40,0,10000,3.3
2497,-0.0064,0.1247,25,40,0,10000,3.3
2498,0.0008,0.12480000000000002,25,40,0,10000,3.3
2499,0.0008,0.12490000000000001,25,40,0,10000,3.3
