,Mediciónes,Tiempo,Tiempo de integración [ms],Polarizacion grande,Polarizacion chica,Resistencia,Voltaje disco
0,0.0008,-1.25e-05,0.0025,40,0,10000,3.3
1,-0.0048000000000000004,-1.249e-05,0.0025,40,0,10000,3.3
2,0.0032,-1.248e-05,0.0025,40,0,10000,3.3
3,-0.0008,-1.2470000000000001e-05,0.0025,40,0,10000,3.3
4,0.0048000000000000004,-1.2460000000000001e-05,0.0025,40,0,10000,3.3
5,0.0008,-1.2450000000000001e-05,0.0025,40,0,10000,3.3
6,0.0016,-1.2440000000000001e-05,0.0025,40,0,10000,3.3
7,0.0,-1.2430000000000001e-05,0.0025,40,0,10000,3.3
8,-0.0008,-1.2420000000000001e-05,0.0025,40,0,10000,3.3
9,-0.0008,-1.241e-05,0.0025,40,0,10000,3.3
10,-0.0016,-1.24e-05,0.0025,40,0,10000,3.3
11,0.0024000000000000002,-1.239e-05,0.0025,40,0,10000,3.3
12,-0.0008,-1.238e-05,0.0025,40,0,10000,3.3
13,0.0032,-1.237e-05,0.0025,40,0,10000,3.3
14,-0.0016,-1.236e-05,0.0025,40,0,10000,3.3
15,0.0016,-1.235e-05,0.0025,40,0,10000,3.3
16,-0.0016,-1.234e-05,0.0025,40,0,10000,3.3
17,0.0008,-1.233e-05,0.0025,40,0,10000,3.3
18,-0.0032,-1.232e-05,0.0025,40,0,10000,3.3
19,-0.0008,-1.231e-05,0.0025,40,0,10000,3.3
20,-0.0032,-1.23e-05,0.0025,40,0,10000,3.3
21,0.0,-1.2290000000000001e-05,0.0025,40,0,10000,3.3
22,0.0008,-1.2280000000000001e-05,0.0025,40,0,10000,3.3
23,0.0008,-1.2270000000000001e-05,0.0025,40,0,10000,3.3
24,0.0008,-1.2260000000000001e-05,0.0025,40,0,10000,3.3
25,0.0,-1.2250000000000001e-05,0.0025,40,0,10000,3.3
26,0.0008,-1.2240000000000001e-05,0.0025,40,0,10000,3.3
27,0.0,-1.223e-05,0.0025,40,0,10000,3.3
28,0.0,-1.222e-05,0.0025,40,0,10000,3.3
29,-0.0032,-1.221e-05,0.0025,40,0,10000,3.3
30,-0.0008,-1.22e-05,0.0025,40,0,10000,3.3
31,-0.0024000000000000002,-1.219e-05,0.0025,40,0,10000,3.3
32,-0.0008,-1.218e-05,0.0025,40,0,10000,3.3
33,-0.0016,-1.217e-05,0.0025,40,0,10000,3.3
34,0.0,-1.216e-05,0.0025,40,0,10000,3.3
35,-0.0008,-1.215e-05,0.0025,40,0,10000,3.3
36,0.0016,-1.214e-05,0.0025,40,0,10000,3.3
37,-0.0008,-1.213e-05,0.0025,40,0,10000,3.3
38,0.0008,-1.2120000000000001e-05,0.0025,40,0,10000,3.3
39,0.0,-1.2110000000000001e-05,0.0025,40,0,10000,3.3
40,-0.0016,-1.2100000000000001e-05,0.0025,40,0,10000,3.3
41,0.0,-1.2090000000000001e-05,0.0025,40,0,10000,3.3
42,0.0,-1.2080000000000001e-05,0.0025,40,0,10000,3.3
43,0.0008,-1.2070000000000001e-05,0.0025,40,0,10000,3.3
44,0.0008,-1.206e-05,0.0025,40,0,10000,3.3
45,0.0032,-1.205e-05,0.0025,40,0,10000,3.3
46,0.0,-1.204e-05,0.0025,40,0,10000,3.3
47,0.0008,-1.203e-05,0.0025,40,0,10000,3.3
48,-0.0024000000000000002,-1.202e-05,0.0025,40,0,10000,3.3
49,-0.0024000000000000002,-1.201e-05,0.0025,40,0,10000,3.3
50,-0.0048000000000000004,-1.2e-05,0.0025,40,0,10000,3.3
51,-0.0032,-1.199e-05,0.0025,40,0,10000,3.3
52,-0.0032,-1.198e-05,0.0025,40,0,10000,3.3
53,-0.0008,-1.197e-05,0.0025,40,0,10000,3.3
54,-0.0008,-1.196e-05,0.0025,40,0,10000,3.3
55,0.0016,-1.195e-05,0.0025,40,0,10000,3.3
56,0.0024000000000000002,-1.1940000000000001e-05,0.0025,40,0,10000,3.3
57,0.0024000000000000002,-1.1930000000000001e-05,0.0025,40,0,10000,3.3
58,0.0,-1.1920000000000001e-05,0.0025,40,0,10000,3.3
59,-0.0008,-1.1910000000000001e-05,0.0025,40,0,10000,3.3
60,0.0008,-1.1900000000000001e-05,0.0025,40,0,10000,3.3
61,0.0016,-1.1890000000000001e-05,0.0025,40,0,10000,3.3
62,0.0016,-1.1880000000000001e-05,0.0025,40,0,10000,3.3
63,0.0016,-1.187e-05,0.0025,40,0,10000,3.3
64,0.0032,-1.186e-05,0.0025,40,0,10000,3.3
65,0.0024000000000000002,-1.185e-05,0.0025,40,0,10000,3.3
66,0.004,-1.184e-05,0.0025,40,0,10000,3.3
67,0.0008,-1.183e-05,0.0025,40,0,10000,3.3
68,0.0008,-1.182e-05,0.0025,40,0,10000,3.3
69,-0.0016,-1.181e-05,0.0025,40,0,10000,3.3
70,-0.0024000000000000002,-1.18e-05,0.0025,40,0,10000,3.3
71,-0.0024000000000000002,-1.179e-05,0.0025,40,0,10000,3.3
72,-0.0016,-1.178e-05,0.0025,40,0,10000,3.3
73,-0.0016,-1.177e-05,0.0025,40,0,10000,3.3
74,0.0,-1.1760000000000001e-05,0.0025,40,0,10000,3.3
75,0.0,-1.1750000000000001e-05,0.0025,40,0,10000,3.3
76,0.0016,-1.1740000000000001e-05,0.0025,40,0,10000,3.3
77,0.0008,-1.1730000000000001e-05,0.0025,40,0,10000,3.3
78,0.0016,-1.1720000000000001e-05,0.0025,40,0,10000,3.3
79,0.0016,-1.1710000000000001e-05,0.0025,40,0,10000,3.3
80,0.0016,-1.17e-05,0.0025,40,0,10000,3.3
81,0.0,-1.169e-05,0.0025,40,0,10000,3.3
82,0.0016,-1.168e-05,0.0025,40,0,10000,3.3
83,0.0016,-1.167e-05,0.0025,40,0,10000,3.3
84,0.0032,-1.166e-05,0.0025,40,0,10000,3.3
85,0.0032,-1.165e-05,0.0025,40,0,10000,3.3
86,0.0032,-1.164e-05,0.0025,40,0,10000,3.3
87,0.0032,-1.163e-05,0.0025,40,0,10000,3.3
88,0.0016,-1.162e-05,0.0025,40,0,10000,3.3
89,0.0008,-1.161e-05,0.0025,40,0,10000,3.3
90,-0.0024000000000000002,-1.16e-05,0.0025,40,0,10000,3.3
91,-0.0016,-1.159e-05,0.0025,40,0,10000,3.3
92,-0.0032,-1.1580000000000001e-05,0.0025,40,0,10000,3.3
93,-0.0008,-1.1570000000000001e-05,0.0025,40,0,10000,3.3
94,-0.0008,-1.1560000000000001e-05,0.0025,40,0,10000,3.3
95,0.0016,-1.1550000000000001e-05,0.0025,40,0,10000,3.3
96,0.0,-1.1540000000000001e-05,0.0025,40,0,10000,3.3
97,-0.0008,-1.153e-05,0.0025,40,0,10000,3.3
98,-0.0008,-1.1520000000000002e-05,0.0025,40,0,10000,3.3
99,-0.0016,-1.151e-05,0.0025,40,0,10000,3.3
100,-0.0032,-1.15e-05,0.0025,40,0,10000,3.3
101,-0.0032,-1.149e-05,0.0025,40,0,10000,3.3
102,-0.0008,-1.148e-05,0.0025,40,0,10000,3.3
103,-0.0008,-1.147e-05,0.0025,40,0,10000,3.3
104,0.0,-1.146e-05,0.0025,40,0,10000,3.3
105,-0.0008,-1.145e-05,0.0025,40,0,10000,3.3
106,0.0008,-1.144e-05,0.0025,40,0,10000,3.3
107,0.0008,-1.143e-05,0.0025,40,0,10000,3.3
108,0.0,-1.142e-05,0.0025,40,0,10000,3.3
109,0.0,-1.1410000000000001e-05,0.0025,40,0,10000,3.3
110,0.0,-1.1400000000000001e-05,0.0025,40,0,10000,3.3
111,0.0,-1.1390000000000001e-05,0.0025,40,0,10000,3.3
112,-0.0008,-1.1380000000000001e-05,0.0025,40,0,10000,3.3
113,-0.0016,-1.1370000000000001e-05,0.0025,40,0,10000,3.3
114,-0.0008,-1.136e-05,0.0025,40,0,10000,3.3
115,0.0,-1.1350000000000001e-05,0.0025,40,0,10000,3.3
116,-0.0016,-1.134e-05,0.0025,40,0,10000,3.3
117,-0.0008,-1.133e-05,0.0025,40,0,10000,3.3
118,0.0,-1.132e-05,0.0025,40,0,10000,3.3
119,-0.0016,-1.131e-05,0.0025,40,0,10000,3.3
120,-0.0016,-1.13e-05,0.0025,40,0,10000,3.3
121,-0.0016,-1.129e-05,0.0025,40,0,10000,3.3
122,-0.0024000000000000002,-1.128e-05,0.0025,40,0,10000,3.3
123,-0.004,-1.127e-05,0.0025,40,0,10000,3.3
124,-0.0024000000000000002,-1.126e-05,0.0025,40,0,10000,3.3
125,-0.0016,-1.125e-05,0.0025,40,0,10000,3.3
126,0.0008,-1.124e-05,0.0025,40,0,10000,3.3
127,0.0008,-1.1230000000000001e-05,0.0025,40,0,10000,3.3
128,0.0032,-1.1220000000000001e-05,0.0025,40,0,10000,3.3
129,0.0016,-1.1210000000000001e-05,0.0025,40,0,10000,3.3
130,0.0016,-1.1200000000000001e-05,0.0025,40,0,10000,3.3
131,0.0,-1.1190000000000001e-05,0.0025,40,0,10000,3.3
132,-0.0008,-1.1180000000000001e-05,0.0025,40,0,10000,3.3
133,-0.0008,-1.117e-05,0.0025,40,0,10000,3.3
134,-0.0016,-1.116e-05,0.0025,40,0,10000,3.3
135,0.0,-1.115e-05,0.0025,40,0,10000,3.3
136,0.0,-1.114e-05,0.0025,40,0,10000,3.3
137,0.0024000000000000002,-1.113e-05,0.0025,40,0,10000,3.3
138,0.0008,-1.112e-05,0.0025,40,0,10000,3.3
139,0.0008,-1.111e-05,0.0025,40,0,10000,3.3
140,0.0,-1.11e-05,0.0025,40,0,10000,3.3
141,0.0008,-1.109e-05,0.0025,40,0,10000,3.3
142,0.0,-1.108e-05,0.0025,40,0,10000,3.3
143,-0.0016,-1.107e-05,0.0025,40,0,10000,3.3
144,-0.0016,-1.106e-05,0.0025,40,0,10000,3.3
145,-0.0008,-1.1050000000000001e-05,0.0025,40,0,10000,3.3
146,0.0008,-1.1040000000000001e-05,0.0025,40,0,10000,3.3
147,0.0,-1.1030000000000001e-05,0.0025,40,0,10000,3.3
148,0.0016,-1.1020000000000001e-05,0.0025,40,0,10000,3.3
149,0.0016,-1.1010000000000001e-05,0.0025,40,0,10000,3.3
150,0.0016,-1.1e-05,0.0025,40,0,10000,3.3
151,0.0,-1.0990000000000002e-05,0.0025,40,0,10000,3.3
152,-0.0008,-1.098e-05,0.0025,40,0,10000,3.3
153,-0.0008,-1.097e-05,0.0025,40,0,10000,3.3
154,0.0,-1.096e-05,0.0025,40,0,10000,3.3
155,0.0008,-1.095e-05,0.0025,40,0,10000,3.3
156,0.0008,-1.094e-05,0.0025,40,0,10000,3.3
157,0.0008,-1.093e-05,0.0025,40,0,10000,3.3
158,-0.0016,-1.092e-05,0.0025,40,0,10000,3.3
159,0.0032,-1.091e-05,0.0025,40,0,10000,3.3
160,0.004,-1.09e-05,0.0025,40,0,10000,3.3
161,0.0024000000000000002,-1.089e-05,0.0025,40,0,10000,3.3
162,0.0016,-1.0880000000000001e-05,0.0025,40,0,10000,3.3
163,0.0,-1.0870000000000001e-05,0.0025,40,0,10000,3.3
164,0.0,-1.0860000000000001e-05,0.0025,40,0,10000,3.3
165,0.0,-1.0850000000000001e-05,0.0025,40,0,10000,3.3
166,0.0008,-1.0840000000000001e-05,0.0025,40,0,10000,3.3
167,-0.0008,-1.083e-05,0.0025,40,0,10000,3.3
168,0.0016,-1.0820000000000001e-05,0.0025,40,0,10000,3.3
169,0.0,-1.081e-05,0.0025,40,0,10000,3.3
170,0.0008,-1.08e-05,0.0025,40,0,10000,3.3
171,0.0008,-1.079e-05,0.0025,40,0,10000,3.3
172,0.0,-1.078e-05,0.0025,40,0,10000,3.3
173,-0.0024000000000000002,-1.077e-05,0.0025,40,0,10000,3.3
174,-0.0024000000000000002,-1.076e-05,0.0025,40,0,10000,3.3
175,-0.0024000000000000002,-1.075e-05,0.0025,40,0,10000,3.3
176,-0.0008,-1.074e-05,0.0025,40,0,10000,3.3
177,-0.0008,-1.073e-05,0.0025,40,0,10000,3.3
178,0.0016,-1.072e-05,0.0025,40,0,10000,3.3
179,0.0032,-1.071e-05,0.0025,40,0,10000,3.3
180,0.0024000000000000002,-1.0700000000000001e-05,0.0025,40,0,10000,3.3
181,0.0024000000000000002,-1.0690000000000001e-05,0.0025,40,0,10000,3.3
182,0.0016,-1.0680000000000001e-05,0.0025,40,0,10000,3.3
183,0.0008,-1.0670000000000001e-05,0.0025,40,0,10000,3.3
184,0.0016,-1.0660000000000001e-05,0.0025,40,0,10000,3.3
185,0.0016,-1.0650000000000001e-05,0.0025,40,0,10000,3.3
186,0.0016,-1.064e-05,0.0025,40,0,10000,3.3
187,0.0024000000000000002,-1.063e-05,0.0025,40,0,10000,3.3
188,0.0008,-1.062e-05,0.0025,40,0,10000,3.3
189,0.0008,-1.061e-05,0.0025,40,0,10000,3.3
190,0.0016,-1.06e-05,0.0025,40,0,10000,3.3
191,0.0,-1.059e-05,0.0025,40,0,10000,3.3
192,0.0008,-1.058e-05,0.0025,40,0,10000,3.3
193,0.0,-1.057e-05,0.0025,40,0,10000,3.3
194,-0.0008,-1.056e-05,0.0025,40,0,10000,3.3
195,-0.0008,-1.055e-05,0.0025,40,0,10000,3.3
196,-0.0016,-1.054e-05,0.0025,40,0,10000,3.3
197,-0.0008,-1.053e-05,0.0025,40,0,10000,3.3
198,0.0,-1.0520000000000001e-05,0.0025,40,0,10000,3.3
199,0.0016,-1.0510000000000001e-05,0.0025,40,0,10000,3.3
200,0.0008,-1.0500000000000001e-05,0.0025,40,0,10000,3.3
201,0.0024000000000000002,-1.049e-05,0.0025,40,0,10000,3.3
202,0.0016,-1.0480000000000001e-05,0.0025,40,0,10000,3.3
203,0.0016,-1.047e-05,0.0025,40,0,10000,3.3
204,-0.0016,-1.0460000000000001e-05,0.0025,40,0,10000,3.3
205,0.0,-1.045e-05,0.0025,40,0,10000,3.3
206,0.0,-1.044e-05,0.0025,40,0,10000,3.3
207,0.0024000000000000002,-1.043e-05,0.0025,40,0,10000,3.3
208,0.0008,-1.042e-05,0.0025,40,0,10000,3.3
209,0.0016,-1.041e-05,0.0025,40,0,10000,3.3
210,0.0032,-1.04e-05,0.0025,40,0,10000,3.3
211,0.0016,-1.039e-05,0.0025,40,0,10000,3.3
212,0.0008,-1.038e-05,0.0025,40,0,10000,3.3
213,-0.0016,-1.037e-05,0.0025,40,0,10000,3.3
214,-0.0024000000000000002,-1.036e-05,0.0025,40,0,10000,3.3
215,-0.004,-1.0350000000000001e-05,0.0025,40,0,10000,3.3
216,-0.0016,-1.0340000000000001e-05,0.0025,40,0,10000,3.3
217,-0.0024000000000000002,-1.0330000000000001e-05,0.0025,40,0,10000,3.3
218,-0.0016,-1.0320000000000001e-05,0.0025,40,0,10000,3.3
219,-0.0024000000000000002,-1.0310000000000001e-05,0.0025,40,0,10000,3.3
220,0.0008,-1.03e-05,0.0025,40,0,10000,3.3
221,-0.0008,-1.0290000000000001e-05,0.0025,40,0,10000,3.3
222,-0.0016,-1.028e-05,0.0025,40,0,10000,3.3
223,-0.0024000000000000002,-1.027e-05,0.0025,40,0,10000,3.3
224,-0.0024000000000000002,-1.026e-05,0.0025,40,0,10000,3.3
225,-0.0024000000000000002,-1.025e-05,0.0025,40,0,10000,3.3
226,-0.0016,-1.024e-05,0.0025,40,0,10000,3.3
227,-0.0008,-1.023e-05,0.0025,40,0,10000,3.3
228,0.0,-1.022e-05,0.0025,40,0,10000,3.3
229,0.0,-1.021e-05,0.0025,40,0,10000,3.3
230,-0.0008,-1.02e-05,0.0025,40,0,10000,3.3
231,0.0,-1.019e-05,0.0025,40,0,10000,3.3
232,-0.0016,-1.018e-05,0.0025,40,0,10000,3.3
233,-0.0016,-1.0170000000000001e-05,0.0025,40,0,10000,3.3
234,-0.0008,-1.0160000000000001e-05,0.0025,40,0,10000,3.3
235,-0.0016,-1.0150000000000001e-05,0.0025,40,0,10000,3.3
236,-0.0032,-1.0140000000000001e-05,0.0025,40,0,10000,3.3
237,-0.0032,-1.013e-05,0.0025,40,0,10000,3.3
238,-0.0024000000000000002,-1.0120000000000001e-05,0.0025,40,0,10000,3.3
239,-0.0024000000000000002,-1.011e-05,0.0025,40,0,10000,3.3
240,-0.0024000000000000002,-1.0100000000000002e-05,0.0025,40,0,10000,3.3
241,-0.0024000000000000002,-1.009e-05,0.0025,40,0,10000,3.3
242,-0.0024000000000000002,-1.008e-05,0.0025,40,0,10000,3.3
243,-0.0016,-1.007e-05,0.0025,40,0,10000,3.3
244,-0.0016,-1.006e-05,0.0025,40,0,10000,3.3
245,-0.0024000000000000002,-1.005e-05,0.0025,40,0,10000,3.3
246,-0.004,-1.004e-05,0.0025,40,0,10000,3.3
247,-0.004,-1.003e-05,0.0025,40,0,10000,3.3
248,-0.0032,-1.002e-05,0.0025,40,0,10000,3.3
249,-0.0016,-1.001e-05,0.0025,40,0,10000,3.3
250,-0.0008,-1e-05,0.0025,40,0,10000,3.3
251,0.0008,-9.990000000000001e-06,0.0025,40,0,10000,3.3
252,0.0,-9.980000000000001e-06,0.0025,40,0,10000,3.3
253,0.0024000000000000002,-9.970000000000001e-06,0.0025,40,0,10000,3.3
254,0.0016,-9.96e-06,0.0025,40,0,10000,3.3
255,0.0016,-9.950000000000001e-06,0.0025,40,0,10000,3.3
256,-0.0024000000000000002,-9.94e-06,0.0025,40,0,10000,3.3
257,-0.0016,-9.930000000000001e-06,0.0025,40,0,10000,3.3
258,-0.0008,-9.92e-06,0.0025,40,0,10000,3.3
259,-0.0008,-9.91e-06,0.0025,40,0,10000,3.3
260,0.0,-9.9e-06,0.0025,40,0,10000,3.3
261,0.0,-9.89e-06,0.0025,40,0,10000,3.3
262,0.0008,-9.88e-06,0.0025,40,0,10000,3.3
263,-0.0016,-9.87e-06,0.0025,40,0,10000,3.3
264,0.0008,-9.86e-06,0.0025,40,0,10000,3.3
265,-0.0024000000000000002,-9.85e-06,0.0025,40,0,10000,3.3
266,-0.0008,-9.84e-06,0.0025,40,0,10000,3.3
267,-0.0024000000000000002,-9.83e-06,0.0025,40,0,10000,3.3
268,0.0,-9.820000000000001e-06,0.0025,40,0,10000,3.3
269,-0.0008,-9.810000000000001e-06,0.0025,40,0,10000,3.3
270,0.0024000000000000002,-9.800000000000001e-06,0.0025,40,0,10000,3.3
271,0.0016,-9.790000000000001e-06,0.0025,40,0,10000,3.3
272,0.0024000000000000002,-9.780000000000001e-06,0.0025,40,0,10000,3.3
273,0.0024000000000000002,-9.77e-06,0.0025,40,0,10000,3.3
274,0.004,-9.760000000000001e-06,0.0025,40,0,10000,3.3
275,0.0024000000000000002,-9.75e-06,0.0025,40,0,10000,3.3
276,0.0016,-9.74e-06,0.0025,40,0,10000,3.3
277,0.0016,-9.73e-06,0.0025,40,0,10000,3.3
278,-0.0008,-9.72e-06,0.0025,40,0,10000,3.3
279,-0.0008,-9.71e-06,0.0025,40,0,10000,3.3
280,-0.0008,-9.7e-06,0.0025,40,0,10000,3.3
281,0.0,-9.69e-06,0.0025,40,0,10000,3.3
282,0.0008,-9.68e-06,0.0025,40,0,10000,3.3
283,0.0024000000000000002,-9.67e-06,0.0025,40,0,10000,3.3
284,0.0024000000000000002,-9.66e-06,0.0025,40,0,10000,3.3
285,0.0032,-9.65e-06,0.0025,40,0,10000,3.3
286,0.0008,-9.640000000000001e-06,0.0025,40,0,10000,3.3
287,0.0,-9.630000000000001e-06,0.0025,40,0,10000,3.3
288,-0.0024000000000000002,-9.620000000000001e-06,0.0025,40,0,10000,3.3
289,-0.0024000000000000002,-9.610000000000001e-06,0.0025,40,0,10000,3.3
290,-0.0016,-9.6e-06,0.0025,40,0,10000,3.3
291,0.0,-9.590000000000001e-06,0.0025,40,0,10000,3.3
292,0.0016,-9.58e-06,0.0025,40,0,10000,3.3
293,0.0008,-9.570000000000002e-06,0.0025,40,0,10000,3.3
294,0.0024000000000000002,-9.56e-06,0.0025,40,0,10000,3.3
295,0.0016,-9.55e-06,0.0025,40,0,10000,3.3
296,0.0008,-9.54e-06,0.0025,40,0,10000,3.3
297,-0.0008,-9.53e-06,0.0025,40,0,10000,3.3
298,-0.0024000000000000002,-9.52e-06,0.0025,40,0,10000,3.3
299,-0.0024000000000000002,-9.51e-06,0.0025,40,0,10000,3.3
300,-0.0016,-9.5e-06,0.0025,40,0,10000,3.3
301,-0.0008,-9.49e-06,0.0025,40,0,10000,3.3
302,0.0,-9.48e-06,0.0025,40,0,10000,3.3
303,0.0,-9.47e-06,0.0025,40,0,10000,3.3
304,0.0008,-9.460000000000001e-06,0.0025,40,0,10000,3.3
305,0.004,-9.450000000000001e-06,0.0025,40,0,10000,3.3
306,0.0,-9.440000000000001e-06,0.0025,40,0,10000,3.3
307,0.0032,-9.43e-06,0.0025,40,0,10000,3.3
308,-0.0016,-9.420000000000001e-06,0.0025,40,0,10000,3.3
309,0.0032,-9.41e-06,0.0025,40,0,10000,3.3
310,-0.0016,-9.400000000000001e-06,0.0025,40,0,10000,3.3
311,0.0032,-9.39e-06,0.0025,40,0,10000,3.3
312,-0.0016,-9.38e-06,0.0025,40,0,10000,3.3
313,0.0024000000000000002,-9.37e-06,0.0025,40,0,10000,3.3
314,0.0,-9.36e-06,0.0025,40,0,10000,3.3
315,0.0008,-9.35e-06,0.0025,40,0,10000,3.3
316,0.0016,-9.34e-06,0.0025,40,0,10000,3.3
317,-0.0024000000000000002,-9.33e-06,0.0025,40,0,10000,3.3
318,0.0,-9.32e-06,0.0025,40,0,10000,3.3
319,-0.0056,-9.31e-06,0.0025,40,0,10000,3.3
320,0.0008,-9.3e-06,0.0025,40,0,10000,3.3
321,-0.0048000000000000004,-9.29e-06,0.0025,40,0,10000,3.3
322,0.0024000000000000002,-9.280000000000001e-06,0.0025,40,0,10000,3.3
323,-0.0024000000000000002,-9.270000000000001e-06,0.0025,40,0,10000,3.3
324,0.004,-9.260000000000001e-06,0.0025,40,0,10000,3.3
325,0.0008,-9.250000000000001e-06,0.0025,40,0,10000,3.3
326,0.0016,-9.24e-06,0.0025,40,0,10000,3.3
327,0.0024000000000000002,-9.230000000000001e-06,0.0025,40,0,10000,3.3
328,0.0,-9.22e-06,0.0025,40,0,10000,3.3
329,0.0016,-9.21e-06,0.0025,40,0,10000,3.3
330,-0.0048000000000000004,-9.2e-06,0.0025,40,0,10000,3.3
331,0.0016,-9.19e-06,0.0025,40,0,10000,3.3
332,-0.0048000000000000004,-9.18e-06,0.0025,40,0,10000,3.3
333,0.0032,-9.17e-06,0.0025,40,0,10000,3.3
334,-0.0024000000000000002,-9.16e-06,0.0025,40,0,10000,3.3
335,0.0024000000000000002,-9.15e-06,0.0025,40,0,10000,3.3
336,-0.0024000000000000002,-9.14e-06,0.0025,40,0,10000,3.3
337,0.0,-9.13e-06,0.0025,40,0,10000,3.3
338,-0.0024000000000000002,-9.12e-06,0.0025,40,0,10000,3.3
339,-0.0048000000000000004,-9.110000000000001e-06,0.0025,40,0,10000,3.3
340,-0.004,-9.100000000000001e-06,0.0025,40,0,10000,3.3
341,-0.0056,-9.090000000000001e-06,0.0025,40,0,10000,3.3
342,-0.0024000000000000002,-9.080000000000001e-06,0.0025,40,0,10000,3.3
343,-0.004,-9.07e-06,0.0025,40,0,10000,3.3
344,0.0008,-9.060000000000001e-06,0.0025,40,0,10000,3.3
345,-0.0024000000000000002,-9.05e-06,0.0025,40,0,10000,3.3
346,0.0008,-9.040000000000002e-06,0.0025,40,0,10000,3.3
347,-0.0024000000000000002,-9.03e-06,0.0025,40,0,10000,3.3
348,0.0,-9.02e-06,0.0025,40,0,10000,3.3
349,-0.0016,-9.01e-06,0.0025,40,0,10000,3.3
350,-0.0024000000000000002,-9e-06,0.0025,40,0,10000,3.3
351,0.0,-8.99e-06,0.0025,40,0,10000,3.3
352,0.0008,-8.98e-06,0.0025,40,0,10000,3.3
353,0.0008,-8.97e-06,0.0025,40,0,10000,3.3
354,0.0008,-8.96e-06,0.0025,40,0,10000,3.3
355,0.0008,-8.95e-06,0.0025,40,0,10000,3.3
356,-0.0016,-8.94e-06,0.0025,40,0,10000,3.3
357,0.0,-8.930000000000001e-06,0.0025,40,0,10000,3.3
358,-0.0008,-8.920000000000001e-06,0.0025,40,0,10000,3.3
359,-0.0024000000000000002,-8.910000000000001e-06,0.0025,40,0,10000,3.3
360,-0.0032,-8.9e-06,0.0025,40,0,10000,3.3
361,-0.0048000000000000004,-8.890000000000001e-06,0.0025,40,0,10000,3.3
362,-0.0024000000000000002,-8.88e-06,0.0025,40,0,10000,3.3
363,-0.004,-8.870000000000001e-06,0.0025,40,0,10000,3.3
364,-0.0024000000000000002,-8.86e-06,0.0025,40,0,10000,3.3
365,-0.0016,-8.85e-06,0.0025,40,0,10000,3.3
366,-0.0008,-8.84e-06,0.0025,40,0,10000,3.3
367,-0.0008,-8.83e-06,0.0025,40,0,10000,3.3
368,-0.0016,-8.82e-06,0.0025,40,0,10000,3.3
369,0.0016,-8.81e-06,0.0025,40,0,10000,3.3
370,-0.0032,-8.8e-06,0.0025,40,0,10000,3.3
371,0.0008,-8.79e-06,0.0025,40,0,10000,3.3
372,-0.004,-8.78e-06,0.0025,40,0,10000,3.3
373,0.0016,-8.77e-06,0.0025,40,0,10000,3.3
374,-0.0016,-8.76e-06,0.0025,40,0,10000,3.3
375,0.0032,-8.750000000000001e-06,0.0025,40,0,10000,3.3
376,0.0016,-8.740000000000001e-06,0.0025,40,0,10000,3.3
377,0.0032,-8.730000000000001e-06,0.0025,40,0,10000,3.3
378,0.0,-8.720000000000001e-06,0.0025,40,0,10000,3.3
379,-0.0008,-8.71e-06,0.0025,40,0,10000,3.3
380,-0.0016,-8.700000000000001e-06,0.0025,40,0,10000,3.3
381,-0.0024000000000000002,-8.69e-06,0.0025,40,0,10000,3.3
382,-0.0016,-8.680000000000002e-06,0.0025,40,0,10000,3.3
383,-0.0032,-8.67e-06,0.0025,40,0,10000,3.3
384,0.0008,-8.66e-06,0.0025,40,0,10000,3.3
385,-0.0008,-8.65e-06,0.0025,40,0,10000,3.3
386,0.0016,-8.64e-06,0.0025,40,0,10000,3.3
387,-0.0008,-8.63e-06,0.0025,40,0,10000,3.3
388,0.0016,-8.62e-06,0.0025,40,0,10000,3.3
389,-0.0016,-8.61e-06,0.0025,40,0,10000,3.3
390,0.0008,-8.6e-06,0.0025,40,0,10000,3.3
391,-0.0008,-8.59e-06,0.0025,40,0,10000,3.3
392,0.0008,-8.580000000000001e-06,0.0025,40,0,10000,3.3
393,-0.0008,-8.570000000000001e-06,0.0025,40,0,10000,3.3
394,0.0016,-8.56e-06,0.0025,40,0,10000,3.3
395,0.0024000000000000002,-8.550000000000001e-06,0.0025,40,0,10000,3.3
396,0.0016,-8.54e-06,0.0025,40,0,10000,3.3
397,0.0016,-8.530000000000001e-06,0.0025,40,0,10000,3.3
398,0.0024000000000000002,-8.52e-06,0.0025,40,0,10000,3.3
399,0.0016,-8.510000000000002e-06,0.0025,40,0,10000,3.3
400,0.0008,-8.5e-06,0.0025,40,0,10000,3.3
401,-0.0008,-8.490000000000002e-06,0.0025,40,0,10000,3.3
402,-0.0008,-8.48e-06,0.0025,40,0,10000,3.3
403,0.0,-8.47e-06,0.0025,40,0,10000,3.3
404,0.0,-8.46e-06,0.0025,40,0,10000,3.3
405,0.0,-8.45e-06,0.0025,40,0,10000,3.3
406,0.0016,-8.44e-06,0.0025,40,0,10000,3.3
407,0.0032,-8.43e-06,0.0025,40,0,10000,3.3
408,0.0024000000000000002,-8.42e-06,0.0025,40,0,10000,3.3
409,0.0024000000000000002,-8.41e-06,0.0025,40,0,10000,3.3
410,0.0008,-8.400000000000001e-06,0.0025,40,0,10000,3.3
411,0.0,-8.39e-06,0.0025,40,0,10000,3.3
412,-0.0016,-8.380000000000001e-06,0.0025,40,0,10000,3.3
413,0.0,-8.37e-06,0.0025,40,0,10000,3.3
414,-0.0008,-8.360000000000001e-06,0.0025,40,0,10000,3.3
415,0.0,-8.35e-06,0.0025,40,0,10000,3.3
416,-0.0016,-8.340000000000001e-06,0.0025,40,0,10000,3.3
417,0.0,-8.33e-06,0.0025,40,0,10000,3.3
418,0.0008,-8.320000000000002e-06,0.0025,40,0,10000,3.3
419,0.0,-8.31e-06,0.0025,40,0,10000,3.3
420,-0.0016,-8.3e-06,0.0025,40,0,10000,3.3
421,-0.0016,-8.29e-06,0.0025,40,0,10000,3.3
422,-0.0032,-8.28e-06,0.0025,40,0,10000,3.3
423,-0.0024000000000000002,-8.27e-06,0.0025,40,0,10000,3.3
424,-0.0016,-8.26e-06,0.0025,40,0,10000,3.3
425,-0.0008,-8.25e-06,0.0025,40,0,10000,3.3
426,0.0016,-8.24e-06,0.0025,40,0,10000,3.3
427,0.0016,-8.23e-06,0.0025,40,0,10000,3.3
428,0.0024000000000000002,-8.220000000000001e-06,0.0025,40,0,10000,3.3
429,0.0008,-8.210000000000001e-06,0.0025,40,0,10000,3.3
430,0.0016,-8.2e-06,0.0025,40,0,10000,3.3
431,0.0,-8.190000000000001e-06,0.0025,40,0,10000,3.3
432,0.0008,-8.18e-06,0.0025,40,0,10000,3.3
433,-0.0008,-8.170000000000001e-06,0.0025,40,0,10000,3.3
434,-0.0016,-8.16e-06,0.0025,40,0,10000,3.3
435,-0.0008,-8.150000000000002e-06,0.0025,40,0,10000,3.3
436,-0.0016,-8.14e-06,0.0025,40,0,10000,3.3
437,-0.0008,-8.13e-06,0.0025,40,0,10000,3.3
438,-0.0016,-8.12e-06,0.0025,40,0,10000,3.3
439,-0.0008,-8.11e-06,0.0025,40,0,10000,3.3
440,-0.0008,-8.1e-06,0.0025,40,0,10000,3.3
441,-0.0016,-8.09e-06,0.0025,40,0,10000,3.3
442,-0.0016,-8.08e-06,0.0025,40,0,10000,3.3
443,-0.0016,-8.07e-06,0.0025,40,0,10000,3.3
444,-0.0024000000000000002,-8.06e-06,0.0025,40,0,10000,3.3
445,-0.0016,-8.050000000000001e-06,0.0025,40,0,10000,3.3
446,-0.0008,-8.040000000000001e-06,0.0025,40,0,10000,3.3
447,0.0016,-8.03e-06,0.0025,40,0,10000,3.3
448,0.0008,-8.020000000000001e-06,0.0025,40,0,10000,3.3
449,0.0016,-8.01e-06,0.0025,40,0,10000,3.3
450,0.0032,-8.000000000000001e-06,0.0025,40,0,10000,3.3
451,0.0024000000000000002,-7.99e-06,0.0025,40,0,10000,3.3
452,0.0024000000000000002,-7.980000000000002e-06,0.0025,40,0,10000,3.3
453,-0.0008,-7.97e-06,0.0025,40,0,10000,3.3
454,-0.0024000000000000002,-7.960000000000002e-06,0.0025,40,0,10000,3.3
455,-0.004,-7.95e-06,0.0025,40,0,10000,3.3
456,-0.0032,-7.94e-06,0.0025,40,0,10000,3.3
457,-0.0024000000000000002,-7.93e-06,0.0025,40,0,10000,3.3
458,-0.0016,-7.92e-06,0.0025,40,0,10000,3.3
459,-0.0008,-7.91e-06,0.0025,40,0,10000,3.3
460,-0.0008,-7.9e-06,0.0025,40,0,10000,3.3
461,-0.0016,-7.89e-06,0.0025,40,0,10000,3.3
462,-0.0024000000000000002,-7.88e-06,0.0025,40,0,10000,3.3
463,-0.0032,-7.870000000000001e-06,0.0025,40,0,10000,3.3
464,-0.004,-7.86e-06,0.0025,40,0,10000,3.3
465,-0.0032,-7.850000000000001e-06,0.0025,40,0,10000,3.3
466,-0.0024000000000000002,-7.84e-06,0.0025,40,0,10000,3.3
467,0.0,-7.830000000000001e-06,0.0025,40,0,10000,3.3
468,0.0016,-7.82e-06,0.0025,40,0,10000,3.3
469,0.0024000000000000002,-7.810000000000001e-06,0.0025,40,0,10000,3.3
470,0.0024000000000000002,-7.8e-06,0.0025,40,0,10000,3.3
471,0.0008,-7.790000000000002e-06,0.0025,40,0,10000,3.3
472,0.0,-7.78e-06,0.0025,40,0,10000,3.3
473,0.0008,-7.77e-06,0.0025,40,0,10000,3.3
474,0.0,-7.76e-06,0.0025,40,0,10000,3.3
475,0.0016,-7.75e-06,0.0025,40,0,10000,3.3
476,0.0008,-7.74e-06,0.0025,40,0,10000,3.3
477,0.0,-7.73e-06,0.0025,40,0,10000,3.3
478,0.0024000000000000002,-7.72e-06,0.0025,40,0,10000,3.3
479,0.0008,-7.71e-06,0.0025,40,0,10000,3.3
480,0.0016,-7.7e-06,0.0025,40,0,10000,3.3
481,0.0008,-7.690000000000001e-06,0.0025,40,0,10000,3.3
482,0.0,-7.680000000000001e-06,0.0025,40,0,10000,3.3
483,0.0,-7.67e-06,0.0025,40,0,10000,3.3
484,-0.0008,-7.660000000000001e-06,0.0025,40,0,10000,3.3
485,-0.0016,-7.65e-06,0.0025,40,0,10000,3.3
486,-0.0016,-7.640000000000001e-06,0.0025,40,0,10000,3.3
487,-0.0008,-7.63e-06,0.0025,40,0,10000,3.3
488,-0.0008,-7.620000000000001e-06,0.0025,40,0,10000,3.3
489,0.0008,-7.610000000000001e-06,0.0025,40,0,10000,3.3
490,0.0032,-7.6e-06,0.0025,40,0,10000,3.3
491,0.0032,-7.59e-06,0.0025,40,0,10000,3.3
492,0.0024000000000000002,-7.58e-06,0.0025,40,0,10000,3.3
493,0.0016,-7.57e-06,0.0025,40,0,10000,3.3
494,0.0,-7.5600000000000005e-06,0.0025,40,0,10000,3.3
495,-0.0016,-7.5500000000000006e-06,0.0025,40,0,10000,3.3
496,0.0,-7.540000000000001e-06,0.0025,40,0,10000,3.3
497,-0.0008,-7.530000000000001e-06,0.0025,40,0,10000,3.3
498,0.0016,-7.520000000000001e-06,0.0025,40,0,10000,3.3
499,0.0,-7.51e-06,0.0025,40,0,10000,3.3
500,0.0024000000000000002,-7.5e-06,0.0025,40,0,10000,3.3
501,0.0008,-7.49e-06,0.0025,40,0,10000,3.3
502,0.0008,-7.48e-06,0.0025,40,0,10000,3.3
503,0.0008,-7.4700000000000005e-06,0.0025,40,0,10000,3.3
504,-0.0024000000000000002,-7.4600000000000006e-06,0.0025,40,0,10000,3.3
505,0.0,-7.450000000000001e-06,0.0025,40,0,10000,3.3
506,-0.004,-7.440000000000001e-06,0.0025,40,0,10000,3.3
507,0.0008,-7.430000000000001e-06,0.0025,40,0,10000,3.3
508,-0.0016,-7.42e-06,0.0025,40,0,10000,3.3
509,0.0032,-7.41e-06,0.0025,40,0,10000,3.3
510,0.0,-7.4e-06,0.0025,40,0,10000,3.3
511,0.0024000000000000002,-7.39e-06,0.0025,40,0,10000,3.3
512,0.0016,-7.3800000000000005e-06,0.0025,40,0,10000,3.3
513,0.0008,-7.370000000000001e-06,0.0025,40,0,10000,3.3
514,0.0016,-7.360000000000001e-06,0.0025,40,0,10000,3.3
515,-0.0016,-7.350000000000001e-06,0.0025,40,0,10000,3.3
516,0.0024000000000000002,-7.340000000000001e-06,0.0025,40,0,10000,3.3
517,-0.0016,-7.33e-06,0.0025,40,0,10000,3.3
518,0.004,-7.32e-06,0.0025,40,0,10000,3.3
519,-0.0008,-7.31e-06,0.0025,40,0,10000,3.3
520,0.004,-7.3e-06,0.0025,40,0,10000,3.3
521,0.0008,-7.2900000000000005e-06,0.0025,40,0,10000,3.3
522,0.004,-7.280000000000001e-06,0.0025,40,0,10000,3.3
523,0.0016,-7.270000000000001e-06,0.0025,40,0,10000,3.3
524,-0.0008,-7.260000000000001e-06,0.0025,40,0,10000,3.3
525,0.0008,-7.250000000000001e-06,0.0025,40,0,10000,3.3
526,-0.0024000000000000002,-7.24e-06,0.0025,40,0,10000,3.3
527,0.0016,-7.23e-06,0.0025,40,0,10000,3.3
528,-0.0048000000000000004,-7.22e-06,0.0025,40,0,10000,3.3
529,0.004,-7.2100000000000004e-06,0.0025,40,0,10000,3.3
530,-0.0024000000000000002,-7.2000000000000005e-06,0.0025,40,0,10000,3.3
531,0.004,-7.190000000000001e-06,0.0025,40,0,10000,3.3
532,0.0,-7.180000000000001e-06,0.0025,40,0,10000,3.3
533,0.0032,-7.170000000000001e-06,0.0025,40,0,10000,3.3
534,0.0008,-7.160000000000001e-06,0.0025,40,0,10000,3.3
535,0.0016,-7.15e-06,0.0025,40,0,10000,3.3
536,0.0,-7.14e-06,0.0025,40,0,10000,3.3
537,-0.0016,-7.13e-06,0.0025,40,0,10000,3.3
538,-0.0016,-7.1200000000000004e-06,0.0025,40,0,10000,3.3
539,-0.0032,-7.1100000000000005e-06,0.0025,40,0,10000,3.3
540,0.0024000000000000002,-7.100000000000001e-06,0.0025,40,0,10000,3.3
541,0.0,-7.090000000000001e-06,0.0025,40,0,10000,3.3
542,0.0032,-7.080000000000001e-06,0.0025,40,0,10000,3.3
543,0.0,-7.07e-06,0.0025,40,0,10000,3.3
544,0.0024000000000000002,-7.06e-06,0.0025,40,0,10000,3.3
545,0.0,-7.05e-06,0.0025,40,0,10000,3.3
546,-0.0008,-7.04e-06,0.0025,40,0,10000,3.3
547,-0.0008,-7.0300000000000005e-06,0.0025,40,0,10000,3.3
548,0.0,-7.0200000000000006e-06,0.0025,40,0,10000,3.3
549,0.0008,-7.010000000000001e-06,0.0025,40,0,10000,3.3
550,0.0032,-7.000000000000001e-06,0.0025,40,0,10000,3.3
551,0.0048000000000000004,-6.990000000000001e-06,0.0025,40,0,10000,3.3
552,0.0032,-6.98e-06,0.0025,40,0,10000,3.3
553,0.0032,-6.97e-06,0.0025,40,0,10000,3.3
554,0.0,-6.96e-06,0.0025,40,0,10000,3.3
555,0.0016,-6.95e-06,0.0025,40,0,10000,3.3
556,0.0,-6.9400000000000005e-06,0.0025,40,0,10000,3.3
557,0.0,-6.9300000000000006e-06,0.0025,40,0,10000,3.3
558,-0.0024000000000000002,-6.920000000000001e-06,0.0025,40,0,10000,3.3
559,-0.0016,-6.910000000000001e-06,0.0025,40,0,10000,3.3
560,-0.0016,-6.900000000000001e-06,0.0025,40,0,10000,3.3
561,-0.0008,-6.89e-06,0.0025,40,0,10000,3.3
562,0.0,-6.88e-06,0.0025,40,0,10000,3.3
563,0.0,-6.87e-06,0.0025,40,0,10000,3.3
564,-0.0008,-6.86e-06,0.0025,40,0,10000,3.3
565,-0.0008,-6.8500000000000005e-06,0.0025,40,0,10000,3.3
566,0.0008,-6.840000000000001e-06,0.0025,40,0,10000,3.3
567,0.0,-6.830000000000001e-06,0.0025,40,0,10000,3.3
568,0.0008,-6.820000000000001e-06,0.0025,40,0,10000,3.3
569,0.0,-6.810000000000001e-06,0.0025,40,0,10000,3.3
570,0.0008,-6.8e-06,0.0025,40,0,10000,3.3
571,0.0016,-6.79e-06,0.0025,40,0,10000,3.3
572,0.004,-6.78e-06,0.0025,40,0,10000,3.3
573,0.0032,-6.77e-06,0.0025,40,0,10000,3.3
574,0.0032,-6.7600000000000005e-06,0.0025,40,0,10000,3.3
575,0.0016,-6.750000000000001e-06,0.0025,40,0,10000,3.3
576,0.0,-6.740000000000001e-06,0.0025,40,0,10000,3.3
577,-0.0016,-6.730000000000001e-06,0.0025,40,0,10000,3.3
578,-0.0032,-6.720000000000001e-06,0.0025,40,0,10000,3.3
579,-0.0024000000000000002,-6.71e-06,0.0025,40,0,10000,3.3
580,-0.0024000000000000002,-6.7e-06,0.0025,40,0,10000,3.3
581,-0.0016,-6.69e-06,0.0025,40,0,10000,3.3
582,0.0,-6.68e-06,0.0025,40,0,10000,3.3
583,0.0,-6.6700000000000005e-06,0.0025,40,0,10000,3.3
584,-0.0008,-6.660000000000001e-06,0.0025,40,0,10000,3.3
585,0.0,-6.650000000000001e-06,0.0025,40,0,10000,3.3
586,0.0,-6.640000000000001e-06,0.0025,40,0,10000,3.3
587,-0.0016,-6.630000000000001e-06,0.0025,40,0,10000,3.3
588,0.0,-6.62e-06,0.0025,40,0,10000,3.3
589,-0.0008,-6.61e-06,0.0025,40,0,10000,3.3
590,0.0016,-6.6e-06,0.0025,40,0,10000,3.3
591,0.0032,-6.5900000000000004e-06,0.0025,40,0,10000,3.3
592,0.0024000000000000002,-6.5800000000000005e-06,0.0025,40,0,10000,3.3
593,0.0032,-6.570000000000001e-06,0.0025,40,0,10000,3.3
594,0.0024000000000000002,-6.560000000000001e-06,0.0025,40,0,10000,3.3
595,0.0032,-6.550000000000001e-06,0.0025,40,0,10000,3.3
596,0.0024000000000000002,-6.54e-06,0.0025,40,0,10000,3.3
597,0.0016,-6.53e-06,0.0025,40,0,10000,3.3
598,0.0008,-6.52e-06,0.0025,40,0,10000,3.3
599,0.0008,-6.51e-06,0.0025,40,0,10000,3.3
600,-0.0016,-6.5000000000000004e-06,0.0025,40,0,10000,3.3
601,0.0016,-6.4900000000000005e-06,0.0025,40,0,10000,3.3
602,0.0016,-6.480000000000001e-06,0.0025,40,0,10000,3.3
603,0.0032,-6.470000000000001e-06,0.0025,40,0,10000,3.3
604,0.0032,-6.460000000000001e-06,0.0025,40,0,10000,3.3
605,0.004,-6.45e-06,0.0025,40,0,10000,3.3
606,0.0024000000000000002,-6.44e-06,0.0025,40,0,10000,3.3
607,0.0032,-6.43e-06,0.0025,40,0,10000,3.3
608,0.0024000000000000002,-6.42e-06,0.0025,40,0,10000,3.3
609,0.0024000000000000002,-6.4100000000000005e-06,0.0025,40,0,10000,3.3
610,0.0008,-6.4000000000000006e-06,0.0025,40,0,10000,3.3
611,0.0024000000000000002,-6.390000000000001e-06,0.0025,40,0,10000,3.3
612,0.0032,-6.380000000000001e-06,0.0025,40,0,10000,3.3
613,0.004,-6.370000000000001e-06,0.0025,40,0,10000,3.3
614,0.004,-6.36e-06,0.0025,40,0,10000,3.3
615,0.004,-6.35e-06,0.0025,40,0,10000,3.3
616,0.0048000000000000004,-6.34e-06,0.0025,40,0,10000,3.3
617,0.004,-6.33e-06,0.0025,40,0,10000,3.3
618,0.0016,-6.3200000000000005e-06,0.0025,40,0,10000,3.3
619,0.0008,-6.3100000000000006e-06,0.0025,40,0,10000,3.3
620,0.0008,-6.300000000000001e-06,0.0025,40,0,10000,3.3
621,0.0,-6.290000000000001e-06,0.0025,40,0,10000,3.3
622,0.0024000000000000002,-6.280000000000001e-06,0.0025,40,0,10000,3.3
623,0.0032,-6.27e-06,0.0025,40,0,10000,3.3
624,0.004,-6.26e-06,0.0025,40,0,10000,3.3
625,0.004,-6.25e-06,0.0025,40,0,10000,3.3
626,0.0032,-6.24e-06,0.0025,40,0,10000,3.3
627,0.0008,-6.2300000000000005e-06,0.0025,40,0,10000,3.3
628,0.0008,-6.220000000000001e-06,0.0025,40,0,10000,3.3
629,-0.0024000000000000002,-6.210000000000001e-06,0.0025,40,0,10000,3.3
630,-0.0024000000000000002,-6.200000000000001e-06,0.0025,40,0,10000,3.3
631,-0.0024000000000000002,-6.190000000000001e-06,0.0025,40,0,10000,3.3
632,0.0,-6.18e-06,0.0025,40,0,10000,3.3
633,0.0,-6.17e-06,0.0025,40,0,10000,3.3
634,0.0024000000000000002,-6.16e-06,0.0025,40,0,10000,3.3
635,0.004,-6.15e-06,0.0025,40,0,10000,3.3
636,0.0032,-6.1400000000000005e-06,0.0025,40,0,10000,3.3
637,0.0008,-6.130000000000001e-06,0.0025,40,0,10000,3.3
638,0.0,-6.120000000000001e-06,0.0025,40,0,10000,3.3
639,0.0008,-6.110000000000001e-06,0.0025,40,0,10000,3.3
640,0.0016,-6.100000000000001e-06,0.0025,40,0,10000,3.3
641,0.0024000000000000002,-6.09e-06,0.0025,40,0,10000,3.3
642,0.0016,-6.08e-06,0.0025,40,0,10000,3.3
643,0.0024000000000000002,-6.07e-06,0.0025,40,0,10000,3.3
644,0.0024000000000000002,-6.0600000000000004e-06,0.0025,40,0,10000,3.3
645,0.004,-6.0500000000000005e-06,0.0025,40,0,10000,3.3
646,0.0008,-6.040000000000001e-06,0.0025,40,0,10000,3.3
647,0.0016,-6.030000000000001e-06,0.0025,40,0,10000,3.3
648,0.0016,-6.020000000000001e-06,0.0025,40,0,10000,3.3
649,0.0,-6.01e-06,0.0025,40,0,10000,3.3
650,0.0,-6e-06,0.0025,40,0,10000,3.3
651,0.0,-5.99e-06,0.0025,40,0,10000,3.3
652,0.0,-5.98e-06,0.0025,40,0,10000,3.3
653,-0.0008,-5.9700000000000004e-06,0.0025,40,0,10000,3.3
654,0.0024000000000000002,-5.9600000000000005e-06,0.0025,40,0,10000,3.3
655,0.0024000000000000002,-5.950000000000001e-06,0.0025,40,0,10000,3.3
656,0.0024000000000000002,-5.940000000000001e-06,0.0025,40,0,10000,3.3
657,0.0008,-5.930000000000001e-06,0.0025,40,0,10000,3.3
658,0.0,-5.92e-06,0.0025,40,0,10000,3.3
659,0.0,-5.91e-06,0.0025,40,0,10000,3.3
660,0.0008,-5.9e-06,0.0025,40,0,10000,3.3
661,0.0,-5.89e-06,0.0025,40,0,10000,3.3
662,-0.0016,-5.8800000000000005e-06,0.0025,40,0,10000,3.3
663,-0.0008,-5.8700000000000005e-06,0.0025,40,0,10000,3.3
664,0.0016,-5.860000000000001e-06,0.0025,40,0,10000,3.3
665,0.0024000000000000002,-5.850000000000001e-06,0.0025,40,0,10000,3.3
666,0.004,-5.840000000000001e-06,0.0025,40,0,10000,3.3
667,0.004,-5.83e-06,0.0025,40,0,10000,3.3
668,0.0024000000000000002,-5.82e-06,0.0025,40,0,10000,3.3
669,0.0016,-5.81e-06,0.0025,40,0,10000,3.3
670,0.0008,-5.8e-06,0.0025,40,0,10000,3.3
671,-0.0008,-5.7900000000000005e-06,0.0025,40,0,10000,3.3
672,0.0,-5.7800000000000006e-06,0.0025,40,0,10000,3.3
673,0.0016,-5.770000000000001e-06,0.0025,40,0,10000,3.3
674,0.0024000000000000002,-5.760000000000001e-06,0.0025,40,0,10000,3.3
675,0.0024000000000000002,-5.750000000000001e-06,0.0025,40,0,10000,3.3
676,0.0032,-5.74e-06,0.0025,40,0,10000,3.3
677,0.0016,-5.73e-06,0.0025,40,0,10000,3.3
678,0.0024000000000000002,-5.72e-06,0.0025,40,0,10000,3.3
679,0.0,-5.71e-06,0.0025,40,0,10000,3.3
680,-0.0008,-5.7000000000000005e-06,0.0025,40,0,10000,3.3
681,0.0008,-5.690000000000001e-06,0.0025,40,0,10000,3.3
682,-0.0008,-5.680000000000001e-06,0.0025,40,0,10000,3.3
683,-0.0016,-5.670000000000001e-06,0.0025,40,0,10000,3.3
684,-0.0008,-5.660000000000001e-06,0.0025,40,0,10000,3.3
685,0.0008,-5.65e-06,0.0025,40,0,10000,3.3
686,0.0008,-5.64e-06,0.0025,40,0,10000,3.3
687,0.0008,-5.63e-06,0.0025,40,0,10000,3.3
688,0.0016,-5.62e-06,0.0025,40,0,10000,3.3
689,0.0016,-5.6100000000000005e-06,0.0025,40,0,10000,3.3
690,0.0016,-5.600000000000001e-06,0.0025,40,0,10000,3.3
691,0.0,-5.590000000000001e-06,0.0025,40,0,10000,3.3
692,0.0008,-5.580000000000001e-06,0.0025,40,0,10000,3.3
693,0.0008,-5.57e-06,0.0025,40,0,10000,3.3
694,-0.0008,-5.56e-06,0.0025,40,0,10000,3.3
695,0.0016,-5.55e-06,0.0025,40,0,10000,3.3
696,0.0,-5.54e-06,0.0025,40,0,10000,3.3
697,0.0024000000000000002,-5.53e-06,0.0025,40,0,10000,3.3
698,0.0008,-5.5200000000000005e-06,0.0025,40,0,10000,3.3
699,0.0016,-5.510000000000001e-06,0.0025,40,0,10000,3.3
700,-0.0008,-5.500000000000001e-06,0.0025,40,0,10000,3.3
701,0.0,-5.490000000000001e-06,0.0025,40,0,10000,3.3
702,-0.0024000000000000002,-5.48e-06,0.0025,40,0,10000,3.3
703,-0.0032,-5.47e-06,0.0025,40,0,10000,3.3
704,-0.0032,-5.46e-06,0.0025,40,0,10000,3.3
705,-0.0016,-5.45e-06,0.0025,40,0,10000,3.3
706,-0.0008,-5.4400000000000004e-06,0.0025,40,0,10000,3.3
707,0.0008,-5.4300000000000005e-06,0.0025,40,0,10000,3.3
708,0.0008,-5.420000000000001e-06,0.0025,40,0,10000,3.3
709,0.0016,-5.410000000000001e-06,0.0025,40,0,10000,3.3
710,0.0024000000000000002,-5.400000000000001e-06,0.0025,40,0,10000,3.3
711,0.0016,-5.39e-06,0.0025,40,0,10000,3.3
712,0.0016,-5.38e-06,0.0025,40,0,10000,3.3
713,0.0,-5.37e-06,0.0025,40,0,10000,3.3
714,0.0024000000000000002,-5.36e-06,0.0025,40,0,10000,3.3
715,0.0032,-5.3500000000000004e-06,0.0025,40,0,10000,3.3
716,0.0048000000000000004,-5.3400000000000005e-06,0.0025,40,0,10000,3.3
717,0.0032,-5.330000000000001e-06,0.0025,40,0,10000,3.3
718,0.0048000000000000004,-5.320000000000001e-06,0.0025,40,0,10000,3.3
719,0.0048000000000000004,-5.310000000000001e-06,0.0025,40,0,10000,3.3
720,0.0016,-5.3e-06,0.0025,40,0,10000,3.3
721,0.0,-5.29e-06,0.0025,40,0,10000,3.3
722,0.0,-5.28e-06,0.0025,40,0,10000,3.3
723,0.0008,-5.27e-06,0.0025,40,0,10000,3.3
724,0.0008,-5.2600000000000005e-06,0.0025,40,0,10000,3.3
725,0.0008,-5.2500000000000006e-06,0.0025,40,0,10000,3.3
726,0.0,-5.240000000000001e-06,0.0025,40,0,10000,3.3
727,0.0024000000000000002,-5.230000000000001e-06,0.0025,40,0,10000,3.3
728,0.0016,-5.220000000000001e-06,0.0025,40,0,10000,3.3
729,0.0024000000000000002,-5.21e-06,0.0025,40,0,10000,3.3
730,0.0008,-5.2e-06,0.0025,40,0,10000,3.3
731,0.0016,-5.19e-06,0.0025,40,0,10000,3.3
732,0.0016,-5.18e-06,0.0025,40,0,10000,3.3
733,0.0024000000000000002,-5.1700000000000005e-06,0.0025,40,0,10000,3.3
734,0.0024000000000000002,-5.1600000000000006e-06,0.0025,40,0,10000,3.3
735,0.0024000000000000002,-5.150000000000001e-06,0.0025,40,0,10000,3.3
736,0.0016,-5.140000000000001e-06,0.0025,40,0,10000,3.3
737,0.0024000000000000002,-5.130000000000001e-06,0.0025,40,0,10000,3.3
738,0.004,-5.12e-06,0.0025,40,0,10000,3.3
739,0.0056,-5.11e-06,0.0025,40,0,10000,3.3
740,0.0032,-5.1e-06,0.0025,40,0,10000,3.3
741,0.0032,-5.09e-06,0.0025,40,0,10000,3.3
742,0.0032,-5.0800000000000005e-06,0.0025,40,0,10000,3.3
743,0.0016,-5.070000000000001e-06,0.0025,40,0,10000,3.3
744,0.0008,-5.060000000000001e-06,0.0025,40,0,10000,3.3
745,0.0,-5.050000000000001e-06,0.0025,40,0,10000,3.3
746,0.0008,-5.04e-06,0.0025,40,0,10000,3.3
747,0.0024000000000000002,-5.03e-06,0.0025,40,0,10000,3.3
748,0.0032,-5.02e-06,0.0025,40,0,10000,3.3
749,0.0032,-5.01e-06,0.0025,40,0,10000,3.3
750,0.004,-5e-06,0.0025,40,0,10000,3.3
751,0.0008,-4.9900000000000005e-06,0.0025,40,0,10000,3.3
752,-0.0016,-4.980000000000001e-06,0.0025,40,0,10000,3.3
753,-0.0024000000000000002,-4.970000000000001e-06,0.0025,40,0,10000,3.3
754,-0.0008,-4.960000000000001e-06,0.0025,40,0,10000,3.3
755,-0.0008,-4.95e-06,0.0025,40,0,10000,3.3
756,0.0,-4.94e-06,0.0025,40,0,10000,3.3
757,0.0008,-4.93e-06,0.0025,40,0,10000,3.3
758,0.0024000000000000002,-4.92e-06,0.0025,40,0,10000,3.3
759,0.004,-4.9100000000000004e-06,0.0025,40,0,10000,3.3
760,0.0024000000000000002,-4.9000000000000005e-06,0.0025,40,0,10000,3.3
761,0.0016,-4.890000000000001e-06,0.0025,40,0,10000,3.3
762,0.0,-4.880000000000001e-06,0.0025,40,0,10000,3.3
763,0.0008,-4.870000000000001e-06,0.0025,40,0,10000,3.3
764,-0.0008,-4.860000000000001e-06,0.0025,40,0,10000,3.3
765,0.0024000000000000002,-4.850000000000001e-06,0.0025,40,0,10000,3.3
766,0.0016,-4.840000000000001e-06,0.0025,40,0,10000,3.3
767,0.0016,-4.830000000000001e-06,0.0025,40,0,10000,3.3
768,0.0008,-4.82e-06,0.0025,40,0,10000,3.3
769,0.0008,-4.81e-06,0.0025,40,0,10000,3.3
770,0.0008,-4.8e-06,0.0025,40,0,10000,3.3
771,0.0,-4.79e-06,0.0025,40,0,10000,3.3
772,0.0008,-4.78e-06,0.0025,40,0,10000,3.3
773,-0.0016,-4.77e-06,0.0025,40,0,10000,3.3
774,-0.0008,-4.76e-06,0.0025,40,0,10000,3.3
775,-0.0016,-4.75e-06,0.0025,40,0,10000,3.3
776,-0.0016,-4.74e-06,0.0025,40,0,10000,3.3
777,0.0008,-4.7300000000000005e-06,0.0025,40,0,10000,3.3
778,0.0016,-4.7200000000000005e-06,0.0025,40,0,10000,3.3
779,0.0024000000000000002,-4.710000000000001e-06,0.0025,40,0,10000,3.3
780,0.0024000000000000002,-4.700000000000001e-06,0.0025,40,0,10000,3.3
781,0.004,-4.690000000000001e-06,0.0025,40,0,10000,3.3
782,0.0008,-4.680000000000001e-06,0.0025,40,0,10000,3.3
783,0.0,-4.670000000000001e-06,0.0025,40,0,10000,3.3
784,0.0,-4.660000000000001e-06,0.0025,40,0,10000,3.3
785,-0.0016,-4.650000000000001e-06,0.0025,40,0,10000,3.3
786,-0.0008,-4.64e-06,0.0025,40,0,10000,3.3
787,0.0,-4.63e-06,0.0025,40,0,10000,3.3
788,0.0016,-4.62e-06,0.0025,40,0,10000,3.3
789,0.0024000000000000002,-4.61e-06,0.0025,40,0,10000,3.3
790,0.0024000000000000002,-4.6e-06,0.0025,40,0,10000,3.3
791,0.0024000000000000002,-4.59e-06,0.0025,40,0,10000,3.3
792,0.0016,-4.58e-06,0.0025,40,0,10000,3.3
793,0.0,-4.57e-06,0.0025,40,0,10000,3.3
794,-0.0008,-4.56e-06,0.0025,40,0,10000,3.3
795,-0.0008,-4.5500000000000005e-06,0.0025,40,0,10000,3.3
796,-0.0016,-4.540000000000001e-06,0.0025,40,0,10000,3.3
797,-0.0008,-4.530000000000001e-06,0.0025,40,0,10000,3.3
798,0.0,-4.520000000000001e-06,0.0025,40,0,10000,3.3
799,0.0024000000000000002,-4.510000000000001e-06,0.0025,40,0,10000,3.3
800,0.0032,-4.500000000000001e-06,0.0025,40,0,10000,3.3
801,0.0008,-4.490000000000001e-06,0.0025,40,0,10000,3.3
802,0.0016,-4.480000000000001e-06,0.0025,40,0,10000,3.3
803,-0.0008,-4.470000000000001e-06,0.0025,40,0,10000,3.3
804,-0.0008,-4.46e-06,0.0025,40,0,10000,3.3
805,-0.0016,-4.45e-06,0.0025,40,0,10000,3.3
806,-0.0016,-4.44e-06,0.0025,40,0,10000,3.3
807,-0.0016,-4.43e-06,0.0025,40,0,10000,3.3
808,0.0,-4.42e-06,0.0025,40,0,10000,3.3
809,0.0008,-4.41e-06,0.0025,40,0,10000,3.3
810,0.0,-4.4e-06,0.0025,40,0,10000,3.3
811,0.0024000000000000002,-4.39e-06,0.0025,40,0,10000,3.3
812,-0.0008,-4.38e-06,0.0025,40,0,10000,3.3
813,0.0008,-4.3700000000000005e-06,0.0025,40,0,10000,3.3
814,0.0008,-4.360000000000001e-06,0.0025,40,0,10000,3.3
815,0.0016,-4.350000000000001e-06,0.0025,40,0,10000,3.3
816,0.0008,-4.340000000000001e-06,0.0025,40,0,10000,3.3
817,0.0016,-4.330000000000001e-06,0.0025,40,0,10000,3.3
818,0.0,-4.320000000000001e-06,0.0025,40,0,10000,3.3
819,0.0016,-4.310000000000001e-06,0.0025,40,0,10000,3.3
820,0.0024000000000000002,-4.300000000000001e-06,0.0025,40,0,10000,3.3
821,0.0016,-4.29e-06,0.0025,40,0,10000,3.3
822,0.0016,-4.28e-06,0.0025,40,0,10000,3.3
823,0.0,-4.27e-06,0.0025,40,0,10000,3.3
824,-0.0008,-4.26e-06,0.0025,40,0,10000,3.3
825,-0.0032,-4.25e-06,0.0025,40,0,10000,3.3
826,-0.0024000000000000002,-4.24e-06,0.0025,40,0,10000,3.3
827,-0.0032,-4.23e-06,0.0025,40,0,10000,3.3
828,-0.0016,-4.22e-06,0.0025,40,0,10000,3.3
829,-0.0016,-4.21e-06,0.0025,40,0,10000,3.3
830,0.0008,-4.2000000000000004e-06,0.0025,40,0,10000,3.3
831,0.0008,-4.1900000000000005e-06,0.0025,40,0,10000,3.3
832,0.0024000000000000002,-4.180000000000001e-06,0.0025,40,0,10000,3.3
833,0.0032,-4.170000000000001e-06,0.0025,40,0,10000,3.3
834,0.0032,-4.160000000000001e-06,0.0025,40,0,10000,3.3
835,0.0016,-4.150000000000001e-06,0.0025,40,0,10000,3.3
836,0.0008,-4.140000000000001e-06,0.0025,40,0,10000,3.3
837,0.0016,-4.130000000000001e-06,0.0025,40,0,10000,3.3
838,0.0024000000000000002,-4.120000000000001e-06,0.0025,40,0,10000,3.3
839,0.0032,-4.11e-06,0.0025,40,0,10000,3.3
840,0.0032,-4.1e-06,0.0025,40,0,10000,3.3
841,0.004,-4.09e-06,0.0025,40,0,10000,3.3
842,0.004,-4.08e-06,0.0025,40,0,10000,3.3
843,0.0032,-4.07e-06,0.0025,40,0,10000,3.3
844,0.0,-4.06e-06,0.0025,40,0,10000,3.3
845,0.0016,-4.05e-06,0.0025,40,0,10000,3.3
846,0.0,-4.04e-06,0.0025,40,0,10000,3.3
847,0.0,-4.03e-06,0.0025,40,0,10000,3.3
848,-0.0008,-4.0200000000000005e-06,0.0025,40,0,10000,3.3
849,0.0016,-4.0100000000000006e-06,0.0025,40,0,10000,3.3
850,-0.0008,-4.000000000000001e-06,0.0025,40,0,10000,3.3
851,-0.0008,-3.990000000000001e-06,0.0025,40,0,10000,3.3
852,0.0032,-3.980000000000001e-06,0.0025,40,0,10000,3.3
853,0.0032,-3.970000000000001e-06,0.0025,40,0,10000,3.3
854,0.0016,-3.960000000000001e-06,0.0025,40,0,10000,3.3
855,0.0016,-3.950000000000001e-06,0.0025,40,0,10000,3.3
856,0.0024000000000000002,-3.940000000000001e-06,0.0025,40,0,10000,3.3
857,0.0024000000000000002,-3.93e-06,0.0025,40,0,10000,3.3
858,0.0032,-3.92e-06,0.0025,40,0,10000,3.3
859,0.0016,-3.91e-06,0.0025,40,0,10000,3.3
860,0.0032,-3.9e-06,0.0025,40,0,10000,3.3
861,0.0024000000000000002,-3.89e-06,0.0025,40,0,10000,3.3
862,0.004,-3.88e-06,0.0025,40,0,10000,3.3
863,0.0032,-3.87e-06,0.0025,40,0,10000,3.3
864,0.0048000000000000004,-3.86e-06,0.0025,40,0,10000,3.3
865,0.0016,-3.85e-06,0.0025,40,0,10000,3.3
866,0.0016,-3.8400000000000005e-06,0.0025,40,0,10000,3.3
867,0.0,-3.830000000000001e-06,0.0025,40,0,10000,3.3
868,-0.0008,-3.820000000000001e-06,0.0025,40,0,10000,3.3
869,-0.0008,-3.810000000000001e-06,0.0025,40,0,10000,3.3
870,0.0,-3.800000000000001e-06,0.0025,40,0,10000,3.3
871,0.0024000000000000002,-3.790000000000001e-06,0.0025,40,0,10000,3.3
872,0.0024000000000000002,-3.780000000000001e-06,0.0025,40,0,10000,3.3
873,0.0024000000000000002,-3.770000000000001e-06,0.0025,40,0,10000,3.3
874,0.0032,-3.7599999999999996e-06,0.0025,40,0,10000,3.3
875,0.0024000000000000002,-3.7499999999999997e-06,0.0025,40,0,10000,3.3
876,0.0008,-3.7399999999999998e-06,0.0025,40,0,10000,3.3
877,0.0024000000000000002,-3.73e-06,0.0025,40,0,10000,3.3
878,-0.0016,-3.72e-06,0.0025,40,0,10000,3.3
879,0.0024000000000000002,-3.71e-06,0.0025,40,0,10000,3.3
880,0.0008,-3.7e-06,0.0025,40,0,10000,3.3
881,0.0032,-3.6900000000000002e-06,0.0025,40,0,10000,3.3
882,0.0008,-3.6800000000000003e-06,0.0025,40,0,10000,3.3
883,0.0032,-3.6700000000000004e-06,0.0025,40,0,10000,3.3
884,0.0032,-3.6600000000000005e-06,0.0025,40,0,10000,3.3
885,0.0024000000000000002,-3.6500000000000006e-06,0.0025,40,0,10000,3.3
886,0.0024000000000000002,-3.6400000000000007e-06,0.0025,40,0,10000,3.3
887,0.0,-3.630000000000001e-06,0.0025,40,0,10000,3.3
888,0.0,-3.620000000000001e-06,0.0025,40,0,10000,3.3
889,-0.0008,-3.610000000000001e-06,0.0025,40,0,10000,3.3
890,0.0,-3.600000000000001e-06,0.0025,40,0,10000,3.3
891,-0.0008,-3.590000000000001e-06,0.0025,40,0,10000,3.3
892,0.0008,-3.5799999999999996e-06,0.0025,40,0,10000,3.3
893,0.0,-3.5699999999999997e-06,0.0025,40,0,10000,3.3
894,0.0008,-3.56e-06,0.0025,40,0,10000,3.3
895,0.0008,-3.55e-06,0.0025,40,0,10000,3.3
896,-0.0008,-3.54e-06,0.0025,40,0,10000,3.3
897,-0.0008,-3.53e-06,0.0025,40,0,10000,3.3
898,-0.0008,-3.52e-06,0.0025,40,0,10000,3.3
899,0.0,-3.5100000000000003e-06,0.0025,40,0,10000,3.3
900,-0.0008,-3.5000000000000004e-06,0.0025,40,0,10000,3.3
901,0.0016,-3.4900000000000005e-06,0.0025,40,0,10000,3.3
902,0.0,-3.4800000000000006e-06,0.0025,40,0,10000,3.3
903,0.0032,-3.4700000000000007e-06,0.0025,40,0,10000,3.3
904,0.0024000000000000002,-3.4600000000000008e-06,0.0025,40,0,10000,3.3
905,0.0032,-3.450000000000001e-06,0.0025,40,0,10000,3.3
906,0.0024000000000000002,-3.440000000000001e-06,0.0025,40,0,10000,3.3
907,0.0008,-3.430000000000001e-06,0.0025,40,0,10000,3.3
908,0.0,-3.420000000000001e-06,0.0025,40,0,10000,3.3
909,-0.0008,-3.4100000000000012e-06,0.0025,40,0,10000,3.3
910,0.0008,-3.3999999999999996e-06,0.0025,40,0,10000,3.3
911,0.0,-3.3899999999999997e-06,0.0025,40,0,10000,3.3
912,0.0016,-3.38e-06,0.0025,40,0,10000,3.3
913,0.0024000000000000002,-3.37e-06,0.0025,40,0,10000,3.3
914,0.004,-3.36e-06,0.0025,40,0,10000,3.3
915,0.0032,-3.35e-06,0.0025,40,0,10000,3.3
916,0.0016,-3.34e-06,0.0025,40,0,10000,3.3
917,0.0008,-3.3300000000000003e-06,0.0025,40,0,10000,3.3
918,-0.0008,-3.3200000000000004e-06,0.0025,40,0,10000,3.3
919,-0.0008,-3.3100000000000005e-06,0.0025,40,0,10000,3.3
920,0.0,-3.3000000000000006e-06,0.0025,40,0,10000,3.3
921,0.0016,-3.2900000000000007e-06,0.0025,40,0,10000,3.3
922,0.0024000000000000002,-3.2800000000000008e-06,0.0025,40,0,10000,3.3
923,0.0032,-3.270000000000001e-06,0.0025,40,0,10000,3.3
924,0.0024000000000000002,-3.260000000000001e-06,0.0025,40,0,10000,3.3
925,0.0032,-3.250000000000001e-06,0.0025,40,0,10000,3.3
926,0.0008,-3.240000000000001e-06,0.0025,40,0,10000,3.3
927,0.0,-3.2299999999999996e-06,0.0025,40,0,10000,3.3
928,-0.0016,-3.2199999999999997e-06,0.0025,40,0,10000,3.3
929,-0.0008,-3.2099999999999998e-06,0.0025,40,0,10000,3.3
930,-0.0016,-3.2e-06,0.0025,40,0,10000,3.3
931,-0.0008,-3.19e-06,0.0025,40,0,10000,3.3
932,0.0024000000000000002,-3.18e-06,0.0025,40,0,10000,3.3
933,0.0024000000000000002,-3.17e-06,0.0025,40,0,10000,3.3
934,0.0032,-3.1600000000000002e-06,0.0025,40,0,10000,3.3
935,0.0024000000000000002,-3.1500000000000003e-06,0.0025,40,0,10000,3.3
936,0.004,-3.1400000000000004e-06,0.0025,40,0,10000,3.3
937,0.0032,-3.1300000000000005e-06,0.0025,40,0,10000,3.3
938,0.0032,-3.1200000000000006e-06,0.0025,40,0,10000,3.3
939,0.0008,-3.1100000000000007e-06,0.0025,40,0,10000,3.3
940,0.0024000000000000002,-3.100000000000001e-06,0.0025,40,0,10000,3.3
941,0.0024000000000000002,-3.090000000000001e-06,0.0025,40,0,10000,3.3
942,0.0032,-3.080000000000001e-06,0.0025,40,0,10000,3.3
943,0.0008,-3.070000000000001e-06,0.0025,40,0,10000,3.3
944,0.0024000000000000002,-3.060000000000001e-06,0.0025,40,0,10000,3.3
945,0.0024000000000000002,-3.0499999999999996e-06,0.0025,40,0,10000,3.3
946,0.0032,-3.0399999999999997e-06,0.0025,40,0,10000,3.3
947,0.0016,-3.03e-06,0.0025,40,0,10000,3.3
948,0.0008,-3.02e-06,0.0025,40,0,10000,3.3
949,-0.0008,-3.01e-06,0.0025,40,0,10000,3.3
950,-0.0024000000000000002,-3e-06,0.0025,40,0,10000,3.3
951,0.0,-2.99e-06,0.0025,40,0,10000,3.3
952,0.0008,-2.9800000000000003e-06,0.0025,40,0,10000,3.3
953,0.0024000000000000002,-2.9700000000000004e-06,0.0025,40,0,10000,3.3
954,0.004,-2.9600000000000005e-06,0.0025,40,0,10000,3.3
955,0.0048000000000000004,-2.9500000000000006e-06,0.0025,40,0,10000,3.3
956,0.0064,-2.9400000000000007e-06,0.0025,40,0,10000,3.3
957,0.0048000000000000004,-2.9300000000000007e-06,0.0025,40,0,10000,3.3
958,0.0032,-2.920000000000001e-06,0.0025,40,0,10000,3.3
959,0.0024000000000000002,-2.910000000000001e-06,0.0025,40,0,10000,3.3
960,0.0024000000000000002,-2.900000000000001e-06,0.0025,40,0,10000,3.3
961,0.0016,-2.890000000000001e-06,0.0025,40,0,10000,3.3
962,0.0016,-2.8800000000000012e-06,0.0025,40,0,10000,3.3
963,0.0032,-2.8699999999999996e-06,0.0025,40,0,10000,3.3
964,0.0032,-2.8599999999999997e-06,0.0025,40,0,10000,3.3
965,0.0032,-2.85e-06,0.0025,40,0,10000,3.3
966,0.0024000000000000002,-2.84e-06,0.0025,40,0,10000,3.3
967,0.0024000000000000002,-2.83e-06,0.0025,40,0,10000,3.3
968,0.0008,-2.82e-06,0.0025,40,0,10000,3.3
969,-0.0008,-2.81e-06,0.0025,40,0,10000,3.3
970,0.0,-2.8000000000000003e-06,0.0025,40,0,10000,3.3
971,0.0,-2.7900000000000004e-06,0.0025,40,0,10000,3.3
972,0.0,-2.7800000000000005e-06,0.0025,40,0,10000,3.3
973,0.0016,-2.7700000000000006e-06,0.0025,40,0,10000,3.3
974,0.0016,-2.7600000000000007e-06,0.0025,40,0,10000,3.3
975,0.004,-2.7500000000000008e-06,0.0025,40,0,10000,3.3
976,0.0032,-2.740000000000001e-06,0.0025,40,0,10000,3.3
977,0.0032,-2.730000000000001e-06,0.0025,40,0,10000,3.3
978,0.004,-2.720000000000001e-06,0.0025,40,0,10000,3.3
979,0.0032,-2.710000000000001e-06,0.0025,40,0,10000,3.3
980,0.0016,-2.6999999999999996e-06,0.0025,40,0,10000,3.3
981,0.0016,-2.6899999999999997e-06,0.0025,40,0,10000,3.3
982,0.0008,-2.6799999999999998e-06,0.0025,40,0,10000,3.3
983,0.0008,-2.67e-06,0.0025,40,0,10000,3.3
984,0.0016,-2.66e-06,0.0025,40,0,10000,3.3
985,0.0024000000000000002,-2.65e-06,0.0025,40,0,10000,3.3
986,0.0024000000000000002,-2.64e-06,0.0025,40,0,10000,3.3
987,0.004,-2.6300000000000002e-06,0.0025,40,0,10000,3.3
988,0.0024000000000000002,-2.6200000000000003e-06,0.0025,40,0,10000,3.3
989,0.0016,-2.6100000000000004e-06,0.0025,40,0,10000,3.3
990,0.0008,-2.6000000000000005e-06,0.0025,40,0,10000,3.3
991,0.0,-2.5900000000000006e-06,0.0025,40,0,10000,3.3
992,-0.0008,-2.5800000000000007e-06,0.0025,40,0,10000,3.3
993,-0.0008,-2.570000000000001e-06,0.0025,40,0,10000,3.3
994,0.0,-2.560000000000001e-06,0.0025,40,0,10000,3.3
995,0.0016,-2.550000000000001e-06,0.0025,40,0,10000,3.3
996,0.0008,-2.540000000000001e-06,0.0025,40,0,10000,3.3
997,0.004,-2.530000000000001e-06,0.0025,40,0,10000,3.3
998,0.004,-2.5199999999999996e-06,0.0025,40,0,10000,3.3
999,0.004,-2.5099999999999997e-06,0.0025,40,0,10000,3.3
1000,0.0016,-2.4999999999999998e-06,0.0025,40,0,10000,3.3
1001,0.0016,-2.49e-06,0.0025,40,0,10000,3.3
1002,0.0,-2.48e-06,0.0025,40,0,10000,3.3
1003,0.0008,-2.47e-06,0.0025,40,0,10000,3.3
1004,0.0016,-2.46e-06,0.0025,40,0,10000,3.3
1005,0.0016,-2.4500000000000003e-06,0.0025,40,0,10000,3.3
1006,0.0024000000000000002,-2.4400000000000004e-06,0.0025,40,0,10000,3.3
1007,0.0032,-2.4300000000000005e-06,0.0025,40,0,10000,3.3
1008,0.0024000000000000002,-2.4200000000000005e-06,0.0025,40,0,10000,3.3
1009,0.0024000000000000002,-2.4100000000000006e-06,0.0025,40,0,10000,3.3
1010,0.0008,-2.4000000000000007e-06,0.0025,40,0,10000,3.3
1011,0.0016,-2.390000000000001e-06,0.0025,40,0,10000,3.3
1012,0.0,-2.380000000000001e-06,0.0025,40,0,10000,3.3
1013,0.0008,-2.370000000000001e-06,0.0025,40,0,10000,3.3
1014,0.0,-2.360000000000001e-06,0.0025,40,0,10000,3.3
1015,0.0016,-2.3500000000000012e-06,0.0025,40,0,10000,3.3
1016,0.0008,-2.3399999999999996e-06,0.0025,40,0,10000,3.3
1017,0.0008,-2.3299999999999997e-06,0.0025,40,0,10000,3.3
1018,0.0016,-2.32e-06,0.0025,40,0,10000,3.3
1019,0.0008,-2.31e-06,0.0025,40,0,10000,3.3
1020,0.0008,-2.3e-06,0.0025,40,0,10000,3.3
1021,0.0008,-2.29e-06,0.0025,40,0,10000,3.3
1022,0.0,-2.28e-06,0.0025,40,0,10000,3.3
1023,-0.0024000000000000002,-2.2700000000000003e-06,0.0025,40,0,10000,3.3
1024,0.0008,-2.2600000000000004e-06,0.0025,40,0,10000,3.3
1025,0.0,-2.2500000000000005e-06,0.0025,40,0,10000,3.3
1026,0.0016,-2.2400000000000006e-06,0.0025,40,0,10000,3.3
1027,0.0008,-2.2300000000000007e-06,0.0025,40,0,10000,3.3
1028,0.0016,-2.2200000000000008e-06,0.0025,40,0,10000,3.3
1029,0.0024000000000000002,-2.210000000000001e-06,0.0025,40,0,10000,3.3
1030,0.0024000000000000002,-2.200000000000001e-06,0.0025,40,0,10000,3.3
1031,0.0016,-2.190000000000001e-06,0.0025,40,0,10000,3.3
1032,0.0016,-2.180000000000001e-06,0.0025,40,0,10000,3.3
1033,-0.0008,-2.1699999999999996e-06,0.0025,40,0,10000,3.3
1034,0.0,-2.1599999999999996e-06,0.0025,40,0,10000,3.3
1035,0.0016,-2.1499999999999997e-06,0.0025,40,0,10000,3.3
1036,0.0024000000000000002,-2.14e-06,0.0025,40,0,10000,3.3
1037,0.004,-2.13e-06,0.0025,40,0,10000,3.3
1038,0.0024000000000000002,-2.12e-06,0.0025,40,0,10000,3.3
1039,0.0032,-2.11e-06,0.0025,40,0,10000,3.3
1040,0.0032,-2.1000000000000002e-06,0.0025,40,0,10000,3.3
1041,0.0024000000000000002,-2.0900000000000003e-06,0.0025,40,0,10000,3.3
1042,-0.0008,-2.0800000000000004e-06,0.0025,40,0,10000,3.3
1043,0.0,-2.0700000000000005e-06,0.0025,40,0,10000,3.3
1044,0.0008,-2.0600000000000006e-06,0.0025,40,0,10000,3.3
1045,0.0008,-2.0500000000000007e-06,0.0025,40,0,10000,3.3
1046,0.0024000000000000002,-2.040000000000001e-06,0.0025,40,0,10000,3.3
1047,0.0024000000000000002,-2.030000000000001e-06,0.0025,40,0,10000,3.3
1048,0.0024000000000000002,-2.020000000000001e-06,0.0025,40,0,10000,3.3
1049,0.0008,-2.010000000000001e-06,0.0025,40,0,10000,3.3
1050,0.0016,-2.000000000000001e-06,0.0025,40,0,10000,3.3
1051,0.0008,-1.9899999999999996e-06,0.0025,40,0,10000,3.3
1052,-0.0008,-1.9799999999999997e-06,0.0025,40,0,10000,3.3
1053,0.0,-1.9699999999999998e-06,0.0025,40,0,10000,3.3
1054,-0.0016,-1.96e-06,0.0025,40,0,10000,3.3
1055,0.0024000000000000002,-1.95e-06,0.0025,40,0,10000,3.3
1056,0.0016,-1.94e-06,0.0025,40,0,10000,3.3
1057,0.004,-1.93e-06,0.0025,40,0,10000,3.3
1058,0.0032,-1.9200000000000003e-06,0.0025,40,0,10000,3.3
1059,0.004,-1.9100000000000003e-06,0.0025,40,0,10000,3.3
1060,0.0024000000000000002,-1.9000000000000004e-06,0.0025,40,0,10000,3.3
1061,0.0032,-1.8900000000000005e-06,0.0025,40,0,10000,3.3
1062,0.0024000000000000002,-1.8800000000000006e-06,0.0025,40,0,10000,3.3
1063,0.0008,-1.8700000000000007e-06,0.0025,40,0,10000,3.3
1064,0.0016,-1.8600000000000008e-06,0.0025,40,0,10000,3.3
1065,0.0,-1.850000000000001e-06,0.0025,40,0,10000,3.3
1066,0.0016,-1.840000000000001e-06,0.0025,40,0,10000,3.3
1067,0.0,-1.8300000000000011e-06,0.0025,40,0,10000,3.3
1068,0.0024000000000000002,-1.8200000000000012e-06,0.0025,40,0,10000,3.3
1069,0.0016,-1.8099999999999996e-06,0.0025,40,0,10000,3.3
1070,0.004,-1.7999999999999997e-06,0.0025,40,0,10000,3.3
1071,0.0024000000000000002,-1.7899999999999998e-06,0.0025,40,0,10000,3.3
1072,0.0016,-1.78e-06,0.0025,40,0,10000,3.3
1073,0.0008,-1.77e-06,0.0025,40,0,10000,3.3
1074,0.0024000000000000002,-1.76e-06,0.0025,40,0,10000,3.3
1075,0.0024000000000000002,-1.7500000000000002e-06,0.0025,40,0,10000,3.3
1076,0.0016,-1.7400000000000003e-06,0.0025,40,0,10000,3.3
1077,0.0032,-1.7300000000000004e-06,0.0025,40,0,10000,3.3
1078,0.0048000000000000004,-1.7200000000000005e-06,0.0025,40,0,10000,3.3
1079,0.0056,-1.7100000000000006e-06,0.0025,40,0,10000,3.3
1080,0.0056,-1.7000000000000007e-06,0.0025,40,0,10000,3.3
1081,0.0064,-1.6900000000000008e-06,0.0025,40,0,10000,3.3
1082,0.0032,-1.6800000000000009e-06,0.0025,40,0,10000,3.3
1083,0.0032,-1.670000000000001e-06,0.0025,40,0,10000,3.3
1084,0.0024000000000000002,-1.660000000000001e-06,0.0025,40,0,10000,3.3
1085,0.0016,-1.6500000000000011e-06,0.0025,40,0,10000,3.3
1086,0.0008,-1.6399999999999995e-06,0.0025,40,0,10000,3.3
1087,0.0,-1.6299999999999996e-06,0.0025,40,0,10000,3.3
1088,0.0016,-1.6199999999999997e-06,0.0025,40,0,10000,3.3
1089,0.0016,-1.6099999999999998e-06,0.0025,40,0,10000,3.3
1090,0.0008,-1.6e-06,0.0025,40,0,10000,3.3
1091,0.0016,-1.59e-06,0.0025,40,0,10000,3.3
1092,-0.0008,-1.5800000000000001e-06,0.0025,40,0,10000,3.3
1093,-0.0016,-1.5700000000000002e-06,0.0025,40,0,10000,3.3
1094,-0.0024000000000000002,-1.5600000000000003e-06,0.0025,40,0,10000,3.3
1095,-0.0016,-1.5500000000000004e-06,0.0025,40,0,10000,3.3
1096,-0.0016,-1.5400000000000005e-06,0.0025,40,0,10000,3.3
1097,0.0008,-1.5300000000000006e-06,0.0025,40,0,10000,3.3
1098,0.0,-1.5200000000000007e-06,0.0025,40,0,10000,3.3
1099,0.0016,-1.5100000000000008e-06,0.0025,40,0,10000,3.3
1100,0.004,-1.5000000000000009e-06,0.0025,40,0,10000,3.3
1101,0.0016,-1.490000000000001e-06,0.0025,40,0,10000,3.3
1102,0.0008,-1.480000000000001e-06,0.0025,40,0,10000,3.3
1103,0.0016,-1.4700000000000012e-06,0.0025,40,0,10000,3.3
1104,-0.0008,-1.4599999999999996e-06,0.0025,40,0,10000,3.3
1105,0.0,-1.4499999999999997e-06,0.0025,40,0,10000,3.3
1106,0.0,-1.4399999999999998e-06,0.0025,40,0,10000,3.3
1107,-0.0016,-1.4299999999999999e-06,0.0025,40,0,10000,3.3
1108,0.0,-1.42e-06,0.0025,40,0,10000,3.3
1109,-0.0016,-1.41e-06,0.0025,40,0,10000,3.3
1110,0.0,-1.4000000000000001e-06,0.0025,40,0,10000,3.3
1111,0.0,-1.3900000000000002e-06,0.0025,40,0,10000,3.3
1112,0.0008,-1.3800000000000003e-06,0.0025,40,0,10000,3.3
1113,-0.0016,-1.3700000000000004e-06,0.0025,40,0,10000,3.3
1114,-0.0008,-1.3600000000000005e-06,0.0025,40,0,10000,3.3
1115,-0.0016,-1.3500000000000006e-06,0.0025,40,0,10000,3.3
1116,-0.0024000000000000002,-1.3400000000000007e-06,0.0025,40,0,10000,3.3
1117,-0.0032,-1.3300000000000008e-06,0.0025,40,0,10000,3.3
1118,-0.0016,-1.320000000000001e-06,0.0025,40,0,10000,3.3
1119,-0.0008,-1.310000000000001e-06,0.0025,40,0,10000,3.3
1120,0.0008,-1.300000000000001e-06,0.0025,40,0,10000,3.3
1121,0.0016,-1.2900000000000012e-06,0.0025,40,0,10000,3.3
1122,0.0,-1.2799999999999996e-06,0.0025,40,0,10000,3.3
1123,0.0008,-1.2699999999999997e-06,0.0025,40,0,10000,3.3
1124,-0.0016,-1.2599999999999998e-06,0.0025,40,0,10000,3.3
1125,-0.0008,-1.2499999999999999e-06,0.0025,40,0,10000,3.3
1126,-0.0024000000000000002,-1.24e-06,0.0025,40,0,10000,3.3
1127,-0.0008,-1.23e-06,0.0025,40,0,10000,3.3
1128,-0.0008,-1.2200000000000002e-06,0.0025,40,0,10000,3.3
1129,0.0016,-1.2100000000000003e-06,0.0025,40,0,10000,3.3
1130,0.0024000000000000002,-1.2000000000000004e-06,0.0025,40,0,10000,3.3
1131,0.0024000000000000002,-1.1900000000000005e-06,0.0025,40,0,10000,3.3
1132,0.0016,-1.1800000000000006e-06,0.0025,40,0,10000,3.3
1133,0.0,-1.1700000000000007e-06,0.0025,40,0,10000,3.3
1134,-0.0008,-1.1600000000000008e-06,0.0025,40,0,10000,3.3
1135,-0.0024000000000000002,-1.1500000000000008e-06,0.0025,40,0,10000,3.3
1136,-0.0016,-1.140000000000001e-06,0.0025,40,0,10000,3.3
1137,-0.0024000000000000002,-1.130000000000001e-06,0.0025,40,0,10000,3.3
1138,-0.0016,-1.1200000000000011e-06,0.0025,40,0,10000,3.3
1139,0.0,-1.1099999999999995e-06,0.0025,40,0,10000,3.3
1140,0.0,-1.0999999999999996e-06,0.0025,40,0,10000,3.3
1141,-0.0008,-1.0899999999999997e-06,0.0025,40,0,10000,3.3
1142,-0.0008,-1.0799999999999998e-06,0.0025,40,0,10000,3.3
1143,-0.0008,-1.07e-06,0.0025,40,0,10000,3.3
1144,-0.0008,-1.06e-06,0.0025,40,0,10000,3.3
1145,0.0008,-1.0500000000000001e-06,0.0025,40,0,10000,3.3
1146,0.0,-1.0400000000000002e-06,0.0025,40,0,10000,3.3
1147,-0.0008,-1.0300000000000003e-06,0.0025,40,0,10000,3.3
1148,-0.0024000000000000002,-1.0200000000000004e-06,0.0025,40,0,10000,3.3
1149,0.0,-1.0100000000000005e-06,0.0025,40,0,10000,3.3
1150,0.0016,-1.0000000000000006e-06,0.0025,40,0,10000,3.3
1151,0.0008,-9.900000000000007e-07,0.0025,40,0,10000,3.3
1152,0.0008,-9.800000000000008e-07,0.0025,40,0,10000,3.3
1153,0.0016,-9.700000000000009e-07,0.0025,40,0,10000,3.3
1154,0.0008,-9.60000000000001e-07,0.0025,40,0,10000,3.3
1155,0.0016,-9.500000000000011e-07,0.0025,40,0,10000,3.3
1156,-0.0016,-9.400000000000012e-07,0.0025,40,0,10000,3.3
1157,-0.0016,-9.299999999999996e-07,0.0025,40,0,10000,3.3
1158,-0.0024000000000000002,-9.199999999999997e-07,0.0025,40,0,10000,3.3
1159,0.0,-9.099999999999998e-07,0.0025,40,0,10000,3.3
1160,0.0,-8.999999999999999e-07,0.0025,40,0,10000,3.3
1161,0.0024000000000000002,-8.9e-07,0.0025,40,0,10000,3.3
1162,0.0016,-8.8e-07,0.0025,40,0,10000,3.3
1163,0.0024000000000000002,-8.700000000000001e-07,0.0025,40,0,10000,3.3
1164,0.0024000000000000002,-8.600000000000002e-07,0.0025,40,0,10000,3.3
1165,0.0008,-8.500000000000003e-07,0.0025,40,0,10000,3.3
1166,0.0,-8.400000000000004e-07,0.0025,40,0,10000,3.3
1167,-0.0016,-8.300000000000005e-07,0.0025,40,0,10000,3.3
1168,0.0,-8.200000000000006e-07,0.0025,40,0,10000,3.3
1169,0.0,-8.100000000000007e-07,0.0025,40,0,10000,3.3
1170,0.0016,-8.000000000000008e-07,0.0025,40,0,10000,3.3
1171,0.0016,-7.900000000000009e-07,0.0025,40,0,10000,3.3
1172,0.0032,-7.80000000000001e-07,0.0025,40,0,10000,3.3
1173,0.0024000000000000002,-7.700000000000011e-07,0.0025,40,0,10000,3.3
1174,0.0024000000000000002,-7.600000000000012e-07,0.0025,40,0,10000,3.3
1175,0.0016,-7.499999999999996e-07,0.0025,40,0,10000,3.3
1176,-0.0008,-7.399999999999997e-07,0.0025,40,0,10000,3.3
1177,-0.0008,-7.299999999999998e-07,0.0025,40,0,10000,3.3
1178,-0.0008,-7.199999999999999e-07,0.0025,40,0,10000,3.3
1179,0.0008,-7.1e-07,0.0025,40,0,10000,3.3
1180,0.0008,-7.000000000000001e-07,0.0025,40,0,10000,3.3
1181,0.0016,-6.900000000000002e-07,0.0025,40,0,10000,3.3
1182,0.0024000000000000002,-6.800000000000003e-07,0.0025,40,0,10000,3.3
1183,0.0024000000000000002,-6.700000000000004e-07,0.0025,40,0,10000,3.3
1184,0.0016,-6.600000000000005e-07,0.0025,40,0,10000,3.3
1185,0.0016,-6.500000000000006e-07,0.0025,40,0,10000,3.3
1186,0.0,-6.400000000000006e-07,0.0025,40,0,10000,3.3
1187,-0.0008,-6.300000000000007e-07,0.0025,40,0,10000,3.3
1188,0.0,-6.200000000000008e-07,0.0025,40,0,10000,3.3
1189,0.0,-6.100000000000009e-07,0.0025,40,0,10000,3.3
1190,0.0,-6.00000000000001e-07,0.0025,40,0,10000,3.3
1191,0.0016,-5.900000000000011e-07,0.0025,40,0,10000,3.3
1192,0.0016,-5.799999999999995e-07,0.0025,40,0,10000,3.3
1193,0.0024000000000000002,-5.699999999999996e-07,0.0025,40,0,10000,3.3
1194,0.0008,-5.599999999999997e-07,0.0025,40,0,10000,3.3
1195,0.0016,-5.499999999999998e-07,0.0025,40,0,10000,3.3
1196,0.0008,-5.399999999999999e-07,0.0025,40,0,10000,3.3
1197,0.0016,-5.3e-07,0.0025,40,0,10000,3.3
1198,0.0008,-5.200000000000001e-07,0.0025,40,0,10000,3.3
1199,0.0024000000000000002,-5.100000000000002e-07,0.0025,40,0,10000,3.3
1200,0.0016,-5.000000000000003e-07,0.0025,40,0,10000,3.3
1201,0.0032,-4.900000000000004e-07,0.0025,40,0,10000,3.3
1202,0.0048000000000000004,-4.800000000000005e-07,0.0025,40,0,10000,3.3
1203,0.0048000000000000004,-4.700000000000006e-07,0.0025,40,0,10000,3.3
1204,0.0064,-4.600000000000007e-07,0.0025,40,0,10000,3.3
1205,0.0048000000000000004,-4.500000000000008e-07,0.0025,40,0,10000,3.3
1206,0.0032,-4.4000000000000087e-07,0.0025,40,0,10000,3.3
1207,0.0016,-4.3000000000000097e-07,0.0025,40,0,10000,3.3
1208,-0.0008,-4.2000000000000106e-07,0.0025,40,0,10000,3.3
1209,-0.0008,-4.1000000000000116e-07,0.0025,40,0,10000,3.3
1210,-0.0024000000000000002,-3.9999999999999956e-07,0.0025,40,0,10000,3.3
1211,-0.0008,-3.8999999999999965e-07,0.0025,40,0,10000,3.3
1212,0.0,-3.7999999999999975e-07,0.0025,40,0,10000,3.3
1213,0.0008,-3.6999999999999985e-07,0.0025,40,0,10000,3.3
1214,-0.0008,-3.5999999999999994e-07,0.0025,40,0,10000,3.3
1215,0.0,-3.5000000000000004e-07,0.0025,40,0,10000,3.3
1216,-0.0024000000000000002,-3.4000000000000013e-07,0.0025,40,0,10000,3.3
1217,-0.0016,-3.3000000000000023e-07,0.0025,40,0,10000,3.3
1218,-0.0024000000000000002,-3.200000000000003e-07,0.0025,40,0,10000,3.3
1219,-0.0008,-3.100000000000004e-07,0.0025,40,0,10000,3.3
1220,-0.0008,-3.000000000000005e-07,0.0025,40,0,10000,3.3
1221,0.0,-2.900000000000006e-07,0.0025,40,0,10000,3.3
1222,0.0008,-2.800000000000007e-07,0.0025,40,0,10000,3.3
1223,0.0016,-2.700000000000008e-07,0.0025,40,0,10000,3.3
1224,0.0016,-2.600000000000009e-07,0.0025,40,0,10000,3.3
1225,0.0008,-2.50000000000001e-07,0.0025,40,0,10000,3.3
1226,0.0008,-2.400000000000011e-07,0.0025,40,0,10000,3.3
1227,0.0,-2.3000000000000119e-07,0.0025,40,0,10000,3.3
1228,0.0,-2.199999999999996e-07,0.0025,40,0,10000,3.3
1229,-0.0008,-2.0999999999999968e-07,0.0025,40,0,10000,3.3
1230,-0.0016,-1.9999999999999978e-07,0.0025,40,0,10000,3.3
1231,-0.0032,-1.8999999999999987e-07,0.0025,40,0,10000,3.3
1232,-0.0024000000000000002,-1.7999999999999997e-07,0.0025,40,0,10000,3.3
1233,-0.0016,-1.7000000000000007e-07,0.0025,40,0,10000,3.3
1234,-0.0016,-1.6000000000000016e-07,0.0025,40,0,10000,3.3
1235,0.0,-1.5000000000000026e-07,0.0025,40,0,10000,3.3
1236,0.0,-1.4000000000000035e-07,0.0025,40,0,10000,3.3
1237,-0.0008,-1.3000000000000045e-07,0.0025,40,0,10000,3.3
1238,-0.0008,-1.2000000000000055e-07,0.0025,40,0,10000,3.3
1239,-0.0032,-1.1000000000000064e-07,0.0025,40,0,10000,3.3
1240,-0.0024000000000000002,-1.0000000000000074e-07,0.0025,40,0,10000,3.3
1241,-0.0032,-9.000000000000083e-08,0.0025,40,0,10000,3.3
1242,-0.0008,-8.000000000000093e-08,0.0025,40,0,10000,3.3
1243,0.0008,-7.000000000000102e-08,0.0025,40,0,10000,3.3
1244,0.0024000000000000002,-6.000000000000112e-08,0.0025,40,0,10000,3.3
1245,0.0032,-4.999999999999952e-08,0.0025,40,0,10000,3.3
1246,0.0008,-3.999999999999962e-08,0.0025,40,0,10000,3.3
1247,0.0,-2.999999999999971e-08,0.0025,40,0,10000,3.3
1248,0.0016,-1.999999999999981e-08,0.0025,40,0,10000,3.3
1249,-0.0008,-9.999999999999904e-09,0.0025,40,0,10000,3.3
1250,-0.0008,0.0,0.0025,40,0,10000,3.3
1251,-0.0016,9.999999999999904e-09,0.0025,40,0,10000,3.3
1252,-0.0008,1.999999999999981e-08,0.0025,40,0,10000,3.3
1253,0.0008,2.999999999999971e-08,0.0025,40,0,10000,3.3
1254,0.0016,3.999999999999962e-08,0.0025,40,0,10000,3.3
1255,0.0024000000000000002,4.999999999999952e-08,0.0025,40,0,10000,3.3
1256,0.0016,5.999999999999943e-08,0.0025,40,0,10000,3.3
1257,0.0,6.999999999999933e-08,0.0025,40,0,10000,3.3
1258,-0.0008,7.999999999999923e-08,0.0025,40,0,10000,3.3
1259,-0.0016,8.999999999999914e-08,0.0025,40,0,10000,3.3
1260,-0.0016,9.999999999999904e-08,0.0025,40,0,10000,3.3
1261,0.0,1.0999999999999895e-07,0.0025,40,0,10000,3.3
1262,0.0,1.1999999999999885e-07,0.0025,40,0,10000,3.3
1263,0.0008,1.3000000000000045e-07,0.0025,40,0,10000,3.3
1264,0.0008,1.4000000000000035e-07,0.0025,40,0,10000,3.3
1265,0.0,1.5000000000000026e-07,0.0025,40,0,10000,3.3
1266,0.0016,1.6000000000000016e-07,0.0025,40,0,10000,3.3
1267,0.0016,1.7000000000000007e-07,0.0025,40,0,10000,3.3
1268,0.0024000000000000002,1.7999999999999997e-07,0.0025,40,0,10000,3.3
1269,0.0016,1.8999999999999987e-07,0.0025,40,0,10000,3.3
1270,0.0016,1.9999999999999978e-07,0.0025,40,0,10000,3.3
1271,0.0008,2.0999999999999968e-07,0.0025,40,0,10000,3.3
1272,0.0024000000000000002,2.199999999999996e-07,0.0025,40,0,10000,3.3
1273,0.0024000000000000002,2.299999999999995e-07,0.0025,40,0,10000,3.3
1274,0.0016,2.399999999999994e-07,0.0025,40,0,10000,3.3
1275,0.0032,2.499999999999993e-07,0.0025,40,0,10000,3.3
1276,0.0032,2.599999999999992e-07,0.0025,40,0,10000,3.3
1277,0.0024000000000000002,2.699999999999991e-07,0.0025,40,0,10000,3.3
1278,0.0008,2.79999999999999e-07,0.0025,40,0,10000,3.3
1279,0.0016,2.899999999999989e-07,0.0025,40,0,10000,3.3
1280,-0.0008,2.999999999999988e-07,0.0025,40,0,10000,3.3
1281,-0.0008,3.100000000000004e-07,0.0025,40,0,10000,3.3
1282,-0.0008,3.200000000000003e-07,0.0025,40,0,10000,3.3
1283,0.0,3.3000000000000023e-07,0.0025,40,0,10000,3.3
1284,0.0008,3.4000000000000013e-07,0.0025,40,0,10000,3.3
1285,0.0008,3.5000000000000004e-07,0.0025,40,0,10000,3.3
1286,0.0024000000000000002,3.5999999999999994e-07,0.0025,40,0,10000,3.3
1287,0.0024000000000000002,3.6999999999999985e-07,0.0025,40,0,10000,3.3
1288,0.0016,3.7999999999999975e-07,0.0025,40,0,10000,3.3
1289,0.0,3.8999999999999965e-07,0.0025,40,0,10000,3.3
1290,0.0,3.9999999999999956e-07,0.0025,40,0,10000,3.3
1291,-0.0008,4.0999999999999946e-07,0.0025,40,0,10000,3.3
1292,-0.0016,4.1999999999999937e-07,0.0025,40,0,10000,3.3
1293,-0.0016,4.2999999999999927e-07,0.0025,40,0,10000,3.3
1294,0.0,4.399999999999992e-07,0.0025,40,0,10000,3.3
1295,0.0024000000000000002,4.499999999999991e-07,0.0025,40,0,10000,3.3
1296,0.0032,4.59999999999999e-07,0.0025,40,0,10000,3.3
1297,0.0016,4.699999999999989e-07,0.0025,40,0,10000,3.3
1298,0.0024000000000000002,4.800000000000005e-07,0.0025,40,0,10000,3.3
1299,0.0008,4.900000000000004e-07,0.0025,40,0,10000,3.3
1300,-0.0008,5.000000000000003e-07,0.0025,40,0,10000,3.3
1301,-0.0008,5.100000000000002e-07,0.0025,40,0,10000,3.3
1302,-0.0008,5.200000000000001e-07,0.0025,40,0,10000,3.3
1303,0.0008,5.3e-07,0.0025,40,0,10000,3.3
1304,0.0024000000000000002,5.399999999999999e-07,0.0025,40,0,10000,3.3
1305,0.0016,5.499999999999998e-07,0.0025,40,0,10000,3.3
1306,0.0032,5.599999999999997e-07,0.0025,40,0,10000,3.3
1307,0.0008,5.699999999999996e-07,0.0025,40,0,10000,3.3
1308,0.0008,5.799999999999995e-07,0.0025,40,0,10000,3.3
1309,0.0016,5.899999999999994e-07,0.0025,40,0,10000,3.3
1310,0.0016,5.999999999999993e-07,0.0025,40,0,10000,3.3
1311,0.0,6.099999999999992e-07,0.0025,40,0,10000,3.3
1312,0.0008,6.199999999999991e-07,0.0025,40,0,10000,3.3
1313,-0.0008,6.29999999999999e-07,0.0025,40,0,10000,3.3
1314,0.0,6.39999999999999e-07,0.0025,40,0,10000,3.3
1315,0.0,6.499999999999989e-07,0.0025,40,0,10000,3.3
1316,0.0,6.600000000000005e-07,0.0025,40,0,10000,3.3
1317,0.0,6.700000000000004e-07,0.0025,40,0,10000,3.3
1318,0.0016,6.800000000000003e-07,0.0025,40,0,10000,3.3
1319,0.0,6.900000000000002e-07,0.0025,40,0,10000,3.3
1320,-0.0008,7.000000000000001e-07,0.0025,40,0,10000,3.3
1321,0.0008,7.1e-07,0.0025,40,0,10000,3.3
1322,0.0,7.199999999999999e-07,0.0025,40,0,10000,3.3
1323,-0.0008,7.299999999999998e-07,0.0025,40,0,10000,3.3
1324,0.0008,7.399999999999997e-07,0.0025,40,0,10000,3.3
1325,0.0008,7.499999999999996e-07,0.0025,40,0,10000,3.3
1326,0.0024000000000000002,7.599999999999995e-07,0.0025,40,0,10000,3.3
1327,0.004,7.699999999999994e-07,0.0025,40,0,10000,3.3
1328,0.0032,7.799999999999993e-07,0.0025,40,0,10000,3.3
1329,0.004,7.899999999999992e-07,0.0025,40,0,10000,3.3
1330,0.0008,7.999999999999991e-07,0.0025,40,0,10000,3.3
1331,0.0,8.09999999999999e-07,0.0025,40,0,10000,3.3
1332,-0.0024000000000000002,8.199999999999989e-07,0.0025,40,0,10000,3.3
1333,-0.0032,8.300000000000005e-07,0.0025,40,0,10000,3.3
1334,-0.0024000000000000002,8.400000000000004e-07,0.0025,40,0,10000,3.3
1335,-0.0032,8.500000000000003e-07,0.0025,40,0,10000,3.3
1336,-0.0008,8.600000000000002e-07,0.0025,40,0,10000,3.3
1337,0.0,8.700000000000001e-07,0.0025,40,0,10000,3.3
1338,0.0,8.8e-07,0.0025,40,0,10000,3.3
1339,-0.0008,8.9e-07,0.0025,40,0,10000,3.3
1340,-0.0016,8.999999999999999e-07,0.0025,40,0,10000,3.3
1341,-0.0016,9.099999999999998e-07,0.0025,40,0,10000,3.3
1342,-0.0016,9.199999999999997e-07,0.0025,40,0,10000,3.3
1343,-0.0016,9.299999999999996e-07,0.0025,40,0,10000,3.3
1344,-0.0008,9.399999999999995e-07,0.0025,40,0,10000,3.3
1345,-0.0008,9.499999999999994e-07,0.0025,40,0,10000,3.3
1346,-0.0008,9.599999999999993e-07,0.0025,40,0,10000,3.3
1347,0.0024000000000000002,9.699999999999992e-07,0.0025,40,0,10000,3.3
1348,0.0016,9.79999999999999e-07,0.0025,40,0,10000,3.3
1349,0.0016,9.89999999999999e-07,0.0025,40,0,10000,3.3
1350,-0.0008,9.99999999999999e-07,0.0025,40,0,10000,3.3
1351,-0.0008,1.0100000000000005e-06,0.0025,40,0,10000,3.3
1352,-0.0024000000000000002,1.0200000000000004e-06,0.0025,40,0,10000,3.3
1353,-0.0032,1.0300000000000003e-06,0.0025,40,0,10000,3.3
1354,-0.004,1.0400000000000002e-06,0.0025,40,0,10000,3.3
1355,-0.004,1.0500000000000001e-06,0.0025,40,0,10000,3.3
1356,-0.0048000000000000004,1.06e-06,0.0025,40,0,10000,3.3
1357,-0.0024000000000000002,1.07e-06,0.0025,40,0,10000,3.3
1358,-0.0016,1.0799999999999998e-06,0.0025,40,0,10000,3.3
1359,0.0,1.0899999999999997e-06,0.0025,40,0,10000,3.3
1360,-0.0016,1.0999999999999996e-06,0.0025,40,0,10000,3.3
1361,-0.0008,1.1099999999999995e-06,0.0025,40,0,10000,3.3
1362,-0.0024000000000000002,1.1199999999999994e-06,0.0025,40,0,10000,3.3
1363,-0.0016,1.1299999999999993e-06,0.0025,40,0,10000,3.3
1364,-0.0016,1.1399999999999992e-06,0.0025,40,0,10000,3.3
1365,-0.0008,1.1499999999999992e-06,0.0025,40,0,10000,3.3
1366,0.0008,1.159999999999999e-06,0.0025,40,0,10000,3.3
1367,0.0008,1.169999999999999e-06,0.0025,40,0,10000,3.3
1368,0.0016,1.1799999999999989e-06,0.0025,40,0,10000,3.3
1369,0.0016,1.1900000000000005e-06,0.0025,40,0,10000,3.3
1370,0.0016,1.2000000000000004e-06,0.0025,40,0,10000,3.3
1371,0.0016,1.2100000000000003e-06,0.0025,40,0,10000,3.3
1372,-0.0008,1.2200000000000002e-06,0.0025,40,0,10000,3.3
1373,-0.0032,1.23e-06,0.0025,40,0,10000,3.3
1374,-0.0024000000000000002,1.24e-06,0.0025,40,0,10000,3.3
1375,-0.0024000000000000002,1.2499999999999999e-06,0.0025,40,0,10000,3.3
1376,-0.0024000000000000002,1.2599999999999998e-06,0.0025,40,0,10000,3.3
1377,-0.0008,1.2699999999999997e-06,0.0025,40,0,10000,3.3
1378,0.0008,1.2799999999999996e-06,0.0025,40,0,10000,3.3
1379,0.0008,1.2899999999999995e-06,0.0025,40,0,10000,3.3
1380,0.0016,1.2999999999999994e-06,0.0025,40,0,10000,3.3
1381,-0.0008,1.3099999999999993e-06,0.0025,40,0,10000,3.3
1382,-0.0008,1.3199999999999992e-06,0.0025,40,0,10000,3.3
1383,-0.0008,1.3299999999999991e-06,0.0025,40,0,10000,3.3
1384,-0.0024000000000000002,1.339999999999999e-06,0.0025,40,0,10000,3.3
1385,-0.0016,1.349999999999999e-06,0.0025,40,0,10000,3.3
1386,-0.0008,1.3600000000000005e-06,0.0025,40,0,10000,3.3
1387,0.0008,1.3700000000000004e-06,0.0025,40,0,10000,3.3
1388,0.0016,1.3800000000000003e-06,0.0025,40,0,10000,3.3
1389,0.0024000000000000002,1.3900000000000002e-06,0.0025,40,0,10000,3.3
1390,0.0008,1.4000000000000001e-06,0.0025,40,0,10000,3.3
1391,0.0016,1.41e-06,0.0025,40,0,10000,3.3
1392,-0.0008,1.42e-06,0.0025,40,0,10000,3.3
1393,0.0008,1.4299999999999999e-06,0.0025,40,0,10000,3.3
1394,0.0,1.4399999999999998e-06,0.0025,40,0,10000,3.3
1395,-0.0008,1.4499999999999997e-06,0.0025,40,0,10000,3.3
1396,-0.0008,1.4599999999999996e-06,0.0025,40,0,10000,3.3
1397,0.0,1.4699999999999995e-06,0.0025,40,0,10000,3.3
1398,0.0016,1.4799999999999994e-06,0.0025,40,0,10000,3.3
1399,0.0016,1.4899999999999993e-06,0.0025,40,0,10000,3.3
1400,0.0024000000000000002,1.4999999999999992e-06,0.0025,40,0,10000,3.3
1401,0.0016,1.509999999999999e-06,0.0025,40,0,10000,3.3
1402,0.0016,1.519999999999999e-06,0.0025,40,0,10000,3.3
1403,0.0,1.529999999999999e-06,0.0025,40,0,10000,3.3
1404,-0.0008,1.5400000000000005e-06,0.0025,40,0,10000,3.3
1405,0.0,1.5500000000000004e-06,0.0025,40,0,10000,3.3
1406,-0.0024000000000000002,1.5600000000000003e-06,0.0025,40,0,10000,3.3
1407,-0.0008,1.5700000000000002e-06,0.0025,40,0,10000,3.3
1408,0.0008,1.5800000000000001e-06,0.0025,40,0,10000,3.3
1409,0.0016,1.59e-06,0.0025,40,0,10000,3.3
1410,0.0008,1.6e-06,0.0025,40,0,10000,3.3
1411,0.0016,1.6099999999999998e-06,0.0025,40,0,10000,3.3
1412,0.0008,1.6199999999999997e-06,0.0025,40,0,10000,3.3
1413,0.0,1.6299999999999996e-06,0.0025,40,0,10000,3.3
1414,-0.0024000000000000002,1.6399999999999995e-06,0.0025,40,0,10000,3.3
1415,-0.0024000000000000002,1.6499999999999994e-06,0.0025,40,0,10000,3.3
1416,-0.0024000000000000002,1.6599999999999994e-06,0.0025,40,0,10000,3.3
1417,-0.0016,1.6699999999999993e-06,0.0025,40,0,10000,3.3
1418,-0.0016,1.6799999999999992e-06,0.0025,40,0,10000,3.3
1419,0.0,1.689999999999999e-06,0.0025,40,0,10000,3.3
1420,0.0016,1.699999999999999e-06,0.0025,40,0,10000,3.3
1421,0.0008,1.7099999999999989e-06,0.0025,40,0,10000,3.3
1422,0.0,1.7200000000000005e-06,0.0025,40,0,10000,3.3
1423,-0.0008,1.7300000000000004e-06,0.0025,40,0,10000,3.3
1424,-0.0008,1.7400000000000003e-06,0.0025,40,0,10000,3.3
1425,-0.0008,1.7500000000000002e-06,0.0025,40,0,10000,3.3
1426,-0.0008,1.76e-06,0.0025,40,0,10000,3.3
1427,0.0008,1.77e-06,0.0025,40,0,10000,3.3
1428,0.0,1.78e-06,0.0025,40,0,10000,3.3
1429,0.0016,1.7899999999999998e-06,0.0025,40,0,10000,3.3
1430,0.0008,1.7999999999999997e-06,0.0025,40,0,10000,3.3
1431,0.0008,1.8099999999999996e-06,0.0025,40,0,10000,3.3
1432,0.0,1.8199999999999995e-06,0.0025,40,0,10000,3.3
1433,0.0,1.8299999999999994e-06,0.0025,40,0,10000,3.3
1434,-0.0024000000000000002,1.8399999999999993e-06,0.0025,40,0,10000,3.3
1435,-0.0016,1.8499999999999992e-06,0.0025,40,0,10000,3.3
1436,-0.0016,1.8599999999999991e-06,0.0025,40,0,10000,3.3
1437,-0.0016,1.869999999999999e-06,0.0025,40,0,10000,3.3
1438,-0.0024000000000000002,1.879999999999999e-06,0.0025,40,0,10000,3.3
1439,-0.0008,1.8900000000000005e-06,0.0025,40,0,10000,3.3
1440,-0.0008,1.9000000000000004e-06,0.0025,40,0,10000,3.3
1441,0.0,1.9100000000000003e-06,0.0025,40,0,10000,3.3
1442,0.0,1.9200000000000003e-06,0.0025,40,0,10000,3.3
1443,0.0,1.93e-06,0.0025,40,0,10000,3.3
1444,0.0008,1.94e-06,0.0025,40,0,10000,3.3
1445,-0.0016,1.95e-06,0.0025,40,0,10000,3.3
1446,0.0,1.96e-06,0.0025,40,0,10000,3.3
1447,0.0008,1.9699999999999998e-06,0.0025,40,0,10000,3.3
1448,-0.0024000000000000002,1.9799999999999997e-06,0.0025,40,0,10000,3.3
1449,0.0,1.9899999999999996e-06,0.0025,40,0,10000,3.3
1450,-0.0008,1.9999999999999995e-06,0.0025,40,0,10000,3.3
1451,0.0016,2.0099999999999994e-06,0.0025,40,0,10000,3.3
1452,0.0,2.0199999999999993e-06,0.0025,40,0,10000,3.3
1453,-0.0008,2.029999999999999e-06,0.0025,40,0,10000,3.3
1454,-0.0032,2.039999999999999e-06,0.0025,40,0,10000,3.3
1455,-0.004,2.049999999999999e-06,0.0025,40,0,10000,3.3
1456,-0.004,2.059999999999999e-06,0.0025,40,0,10000,3.3
1457,-0.0048000000000000004,2.0700000000000005e-06,0.0025,40,0,10000,3.3
1458,-0.0032,2.0800000000000004e-06,0.0025,40,0,10000,3.3
1459,-0.0024000000000000002,2.0900000000000003e-06,0.0025,40,0,10000,3.3
1460,-0.0008,2.1000000000000002e-06,0.0025,40,0,10000,3.3
1461,0.0,2.11e-06,0.0025,40,0,10000,3.3
1462,0.0008,2.12e-06,0.0025,40,0,10000,3.3
1463,0.0,2.13e-06,0.0025,40,0,10000,3.3
1464,0.0016,2.14e-06,0.0025,40,0,10000,3.3
1465,0.0008,2.1499999999999997e-06,0.0025,40,0,10000,3.3
1466,0.0,2.1599999999999996e-06,0.0025,40,0,10000,3.3
1467,0.0,2.1699999999999996e-06,0.0025,40,0,10000,3.3
1468,0.0016,2.1799999999999995e-06,0.0025,40,0,10000,3.3
1469,0.0008,2.1899999999999994e-06,0.0025,40,0,10000,3.3
1470,0.0032,2.1999999999999993e-06,0.0025,40,0,10000,3.3
1471,0.0008,2.209999999999999e-06,0.0025,40,0,10000,3.3
1472,0.0008,2.219999999999999e-06,0.0025,40,0,10000,3.3
1473,0.0,2.229999999999999e-06,0.0025,40,0,10000,3.3
1474,-0.0008,2.239999999999999e-06,0.0025,40,0,10000,3.3
1475,-0.0024000000000000002,2.2500000000000005e-06,0.0025,40,0,10000,3.3
1476,-0.0024000000000000002,2.2600000000000004e-06,0.0025,40,0,10000,3.3
1477,-0.0024000000000000002,2.2700000000000003e-06,0.0025,40,0,10000,3.3
1478,-0.004,2.28e-06,0.0025,40,0,10000,3.3
1479,-0.0024000000000000002,2.29e-06,0.0025,40,0,10000,3.3
1480,-0.0024000000000000002,2.3e-06,0.0025,40,0,10000,3.3
1481,0.0,2.31e-06,0.0025,40,0,10000,3.3
1482,0.0008,2.32e-06,0.0025,40,0,10000,3.3
1483,0.0,2.3299999999999997e-06,0.0025,40,0,10000,3.3
1484,0.0,2.3399999999999996e-06,0.0025,40,0,10000,3.3
1485,0.0008,2.3499999999999995e-06,0.0025,40,0,10000,3.3
1486,0.0008,2.3599999999999994e-06,0.0025,40,0,10000,3.3
1487,0.0,2.3699999999999993e-06,0.0025,40,0,10000,3.3
1488,0.0008,2.3799999999999992e-06,0.0025,40,0,10000,3.3
1489,-0.0008,2.389999999999999e-06,0.0025,40,0,10000,3.3
1490,0.0016,2.399999999999999e-06,0.0025,40,0,10000,3.3
1491,-0.0016,2.409999999999999e-06,0.0025,40,0,10000,3.3
1492,0.0024000000000000002,2.4200000000000005e-06,0.0025,40,0,10000,3.3
1493,0.0008,2.4300000000000005e-06,0.0025,40,0,10000,3.3
1494,0.004,2.4400000000000004e-06,0.0025,40,0,10000,3.3
1495,-0.0008,2.4500000000000003e-06,0.0025,40,0,10000,3.3
1496,0.0,2.46e-06,0.0025,40,0,10000,3.3
1497,-0.0016,2.47e-06,0.0025,40,0,10000,3.3
1498,-0.0032,2.48e-06,0.0025,40,0,10000,3.3
1499,-0.0016,2.49e-06,0.0025,40,0,10000,3.3
1500,-0.0024000000000000002,2.4999999999999998e-06,0.0025,40,0,10000,3.3
1501,0.0008,2.5099999999999997e-06,0.0025,40,0,10000,3.3
1502,0.0008,2.5199999999999996e-06,0.0025,40,0,10000,3.3
1503,0.0032,2.5299999999999995e-06,0.0025,40,0,10000,3.3
1504,0.0032,2.5399999999999994e-06,0.0025,40,0,10000,3.3
1505,0.0024000000000000002,2.5499999999999993e-06,0.0025,40,0,10000,3.3
1506,0.0008,2.559999999999999e-06,0.0025,40,0,10000,3.3
1507,0.0,2.569999999999999e-06,0.0025,40,0,10000,3.3
1508,-0.0008,2.579999999999999e-06,0.0025,40,0,10000,3.3
1509,-0.0016,2.589999999999999e-06,0.0025,40,0,10000,3.3
1510,0.0008,2.6000000000000005e-06,0.0025,40,0,10000,3.3
1511,0.0016,2.6100000000000004e-06,0.0025,40,0,10000,3.3
1512,0.0024000000000000002,2.6200000000000003e-06,0.0025,40,0,10000,3.3
1513,0.0024000000000000002,2.6300000000000002e-06,0.0025,40,0,10000,3.3
1514,0.0016,2.64e-06,0.0025,40,0,10000,3.3
1515,0.0008,2.65e-06,0.0025,40,0,10000,3.3
1516,0.0016,2.66e-06,0.0025,40,0,10000,3.3
1517,0.0,2.67e-06,0.0025,40,0,10000,3.3
1518,-0.0016,2.6799999999999998e-06,0.0025,40,0,10000,3.3
1519,-0.0016,2.6899999999999997e-06,0.0025,40,0,10000,3.3
1520,-0.0008,2.6999999999999996e-06,0.0025,40,0,10000,3.3
1521,-0.0008,2.7099999999999995e-06,0.0025,40,0,10000,3.3
1522,0.0,2.7199999999999994e-06,0.0025,40,0,10000,3.3
1523,0.0008,2.7299999999999993e-06,0.0025,40,0,10000,3.3
1524,0.0016,2.739999999999999e-06,0.0025,40,0,10000,3.3
1525,0.0008,2.749999999999999e-06,0.0025,40,0,10000,3.3
1526,0.0024000000000000002,2.759999999999999e-06,0.0025,40,0,10000,3.3
1527,0.0,2.7700000000000006e-06,0.0025,40,0,10000,3.3
1528,-0.0024000000000000002,2.779999999999999e-06,0.0025,40,0,10000,3.3
1529,-0.0024000000000000002,2.7900000000000004e-06,0.0025,40,0,10000,3.3
1530,-0.0016,2.7999999999999986e-06,0.0025,40,0,10000,3.3
1531,-0.0008,2.81e-06,0.0025,40,0,10000,3.3
1532,-0.0008,2.8199999999999984e-06,0.0025,40,0,10000,3.3
1533,0.0008,2.83e-06,0.0025,40,0,10000,3.3
1534,0.0,2.8399999999999982e-06,0.0025,40,0,10000,3.3
1535,0.0016,2.85e-06,0.0025,40,0,10000,3.3
1536,0.0,2.8600000000000014e-06,0.0025,40,0,10000,3.3
1537,0.0,2.8699999999999996e-06,0.0025,40,0,10000,3.3
1538,-0.0016,2.8800000000000012e-06,0.0025,40,0,10000,3.3
1539,-0.0024000000000000002,2.8899999999999994e-06,0.0025,40,0,10000,3.3
1540,-0.0024000000000000002,2.900000000000001e-06,0.0025,40,0,10000,3.3
1541,-0.0016,2.9099999999999992e-06,0.0025,40,0,10000,3.3
1542,0.0008,2.920000000000001e-06,0.0025,40,0,10000,3.3
1543,0.0,2.929999999999999e-06,0.0025,40,0,10000,3.3
1544,0.0,2.9400000000000007e-06,0.0025,40,0,10000,3.3
1545,0.0016,2.949999999999999e-06,0.0025,40,0,10000,3.3
1546,0.0024000000000000002,2.9600000000000005e-06,0.0025,40,0,10000,3.3
1547,-0.0016,2.9699999999999987e-06,0.0025,40,0,10000,3.3
1548,-0.0024000000000000002,2.9800000000000003e-06,0.0025,40,0,10000,3.3
1549,-0.004,2.9899999999999985e-06,0.0025,40,0,10000,3.3
1550,-0.0016,3e-06,0.0025,40,0,10000,3.3
1551,-0.0008,3.0099999999999983e-06,0.0025,40,0,10000,3.3
1552,0.0,3.02e-06,0.0025,40,0,10000,3.3
1553,0.0008,3.029999999999998e-06,0.0025,40,0,10000,3.3
1554,0.0008,3.0399999999999997e-06,0.0025,40,0,10000,3.3
1555,0.0008,3.0500000000000013e-06,0.0025,40,0,10000,3.3
1556,0.0,3.0599999999999995e-06,0.0025,40,0,10000,3.3
1557,0.0008,3.070000000000001e-06,0.0025,40,0,10000,3.3
1558,-0.0032,3.0799999999999993e-06,0.0025,40,0,10000,3.3
1559,-0.0016,3.090000000000001e-06,0.0025,40,0,10000,3.3
1560,-0.0032,3.099999999999999e-06,0.0025,40,0,10000,3.3
1561,-0.0016,3.1100000000000007e-06,0.0025,40,0,10000,3.3
1562,-0.0016,3.119999999999999e-06,0.0025,40,0,10000,3.3
1563,-0.0008,3.1300000000000005e-06,0.0025,40,0,10000,3.3
1564,0.0,3.1399999999999987e-06,0.0025,40,0,10000,3.3
1565,0.0,3.1500000000000003e-06,0.0025,40,0,10000,3.3
1566,0.0016,3.1599999999999985e-06,0.0025,40,0,10000,3.3
1567,-0.0016,3.17e-06,0.0025,40,0,10000,3.3
1568,-0.0008,3.1799999999999984e-06,0.0025,40,0,10000,3.3
1569,-0.0016,3.19e-06,0.0025,40,0,10000,3.3
1570,-0.0008,3.199999999999998e-06,0.0025,40,0,10000,3.3
1571,-0.0024000000000000002,3.2099999999999998e-06,0.0025,40,0,10000,3.3
1572,-0.0008,3.2200000000000014e-06,0.0025,40,0,10000,3.3
1573,-0.0016,3.2299999999999996e-06,0.0025,40,0,10000,3.3
1574,-0.0008,3.240000000000001e-06,0.0025,40,0,10000,3.3
1575,-0.0016,3.2499999999999994e-06,0.0025,40,0,10000,3.3
1576,-0.0008,3.260000000000001e-06,0.0025,40,0,10000,3.3
1577,-0.0032,3.269999999999999e-06,0.0025,40,0,10000,3.3
1578,-0.0024000000000000002,3.2800000000000008e-06,0.0025,40,0,10000,3.3
1579,-0.0024000000000000002,3.289999999999999e-06,0.0025,40,0,10000,3.3
1580,-0.004,3.3000000000000006e-06,0.0025,40,0,10000,3.3
1581,-0.004,3.309999999999999e-06,0.0025,40,0,10000,3.3
1582,-0.004,3.3200000000000004e-06,0.0025,40,0,10000,3.3
1583,-0.0016,3.3299999999999986e-06,0.0025,40,0,10000,3.3
1584,-0.0008,3.34e-06,0.0025,40,0,10000,3.3
1585,0.0008,3.3499999999999984e-06,0.0025,40,0,10000,3.3
1586,0.0016,3.36e-06,0.0025,40,0,10000,3.3
1587,0.0008,3.3699999999999982e-06,0.0025,40,0,10000,3.3
1588,0.0016,3.38e-06,0.0025,40,0,10000,3.3
1589,0.0,3.3900000000000014e-06,0.0025,40,0,10000,3.3
1590,-0.0016,3.3999999999999996e-06,0.0025,40,0,10000,3.3
1591,-0.0008,3.4100000000000012e-06,0.0025,40,0,10000,3.3
1592,0.0,3.4199999999999994e-06,0.0025,40,0,10000,3.3
1593,0.0008,3.430000000000001e-06,0.0025,40,0,10000,3.3
1594,0.0016,3.4399999999999993e-06,0.0025,40,0,10000,3.3
1595,0.0016,3.450000000000001e-06,0.0025,40,0,10000,3.3
1596,0.0016,3.459999999999999e-06,0.0025,40,0,10000,3.3
1597,0.0016,3.4700000000000007e-06,0.0025,40,0,10000,3.3
1598,0.0008,3.479999999999999e-06,0.0025,40,0,10000,3.3
1599,-0.0008,3.4900000000000005e-06,0.0025,40,0,10000,3.3
1600,-0.0016,3.4999999999999987e-06,0.0025,40,0,10000,3.3
1601,-0.0016,3.5100000000000003e-06,0.0025,40,0,10000,3.3
1602,-0.0016,3.5199999999999985e-06,0.0025,40,0,10000,3.3
1603,0.0,3.53e-06,0.0025,40,0,10000,3.3
1604,-0.0008,3.5399999999999983e-06,0.0025,40,0,10000,3.3
1605,0.0008,3.55e-06,0.0025,40,0,10000,3.3
1606,0.0024000000000000002,3.559999999999998e-06,0.0025,40,0,10000,3.3
1607,0.0024000000000000002,3.5699999999999997e-06,0.0025,40,0,10000,3.3
1608,0.0008,3.5800000000000013e-06,0.0025,40,0,10000,3.3
1609,0.0016,3.5899999999999995e-06,0.0025,40,0,10000,3.3
1610,0.0008,3.600000000000001e-06,0.0025,40,0,10000,3.3
1611,0.0,3.6099999999999993e-06,0.0025,40,0,10000,3.3
1612,0.0,3.620000000000001e-06,0.0025,40,0,10000,3.3
1613,-0.0008,3.629999999999999e-06,0.0025,40,0,10000,3.3
1614,0.0008,3.6400000000000007e-06,0.0025,40,0,10000,3.3
1615,0.0024000000000000002,3.649999999999999e-06,0.0025,40,0,10000,3.3
1616,0.0016,3.6600000000000005e-06,0.0025,40,0,10000,3.3
1617,0.0008,3.6699999999999987e-06,0.0025,40,0,10000,3.3
1618,0.0032,3.6800000000000003e-06,0.0025,40,0,10000,3.3
1619,0.0008,3.6899999999999986e-06,0.0025,40,0,10000,3.3
1620,-0.0008,3.7e-06,0.0025,40,0,10000,3.3
1621,-0.0024000000000000002,3.7099999999999984e-06,0.0025,40,0,10000,3.3
1622,-0.0024000000000000002,3.72e-06,0.0025,40,0,10000,3.3
1623,-0.0016,3.729999999999998e-06,0.0025,40,0,10000,3.3
1624,-0.0008,3.7399999999999998e-06,0.0025,40,0,10000,3.3
1625,0.0032,3.7500000000000014e-06,0.0025,40,0,10000,3.3
1626,0.0008,3.7599999999999996e-06,0.0025,40,0,10000,3.3
1627,0.0032,3.770000000000001e-06,0.0025,40,0,10000,3.3
1628,0.0008,3.7799999999999994e-06,0.0025,40,0,10000,3.3
1629,0.0032,3.790000000000001e-06,0.0025,40,0,10000,3.3
1630,0.0008,3.799999999999999e-06,0.0025,40,0,10000,3.3
1631,0.0,3.810000000000001e-06,0.0025,40,0,10000,3.3
1632,-0.0008,3.819999999999999e-06,0.0025,40,0,10000,3.3
1633,-0.0008,3.830000000000001e-06,0.0025,40,0,10000,3.3
1634,0.0016,3.839999999999999e-06,0.0025,40,0,10000,3.3
1635,0.0016,3.85e-06,0.0025,40,0,10000,3.3
1636,0.0032,3.859999999999999e-06,0.0025,40,0,10000,3.3
1637,0.0032,3.87e-06,0.0025,40,0,10000,3.3
1638,0.0024000000000000002,3.8799999999999984e-06,0.0025,40,0,10000,3.3
1639,0.0032,3.89e-06,0.0025,40,0,10000,3.3
1640,0.0024000000000000002,3.899999999999998e-06,0.0025,40,0,10000,3.3
1641,0.0,3.91e-06,0.0025,40,0,10000,3.3
1642,-0.0016,3.9200000000000014e-06,0.0025,40,0,10000,3.3
1643,-0.0024000000000000002,3.93e-06,0.0025,40,0,10000,3.3
1644,0.0,3.940000000000001e-06,0.0025,40,0,10000,3.3
1645,0.0008,3.9499999999999995e-06,0.0025,40,0,10000,3.3
1646,0.0008,3.960000000000001e-06,0.0025,40,0,10000,3.3
1647,0.0008,3.969999999999999e-06,0.0025,40,0,10000,3.3
1648,0.0,3.980000000000001e-06,0.0025,40,0,10000,3.3
1649,0.0,3.989999999999999e-06,0.0025,40,0,10000,3.3
1650,-0.0008,4.000000000000001e-06,0.0025,40,0,10000,3.3
1651,-0.0016,4.009999999999999e-06,0.0025,40,0,10000,3.3
1652,-0.0016,4.0200000000000005e-06,0.0025,40,0,10000,3.3
1653,-0.0016,4.029999999999999e-06,0.0025,40,0,10000,3.3
1654,-0.0008,4.04e-06,0.0025,40,0,10000,3.3
1655,-0.0008,4.0499999999999985e-06,0.0025,40,0,10000,3.3
1656,0.0,4.06e-06,0.0025,40,0,10000,3.3
1657,0.0016,4.069999999999998e-06,0.0025,40,0,10000,3.3
1658,0.0024000000000000002,4.08e-06,0.0025,40,0,10000,3.3
1659,0.0016,4.089999999999998e-06,0.0025,40,0,10000,3.3
1660,0.0024000000000000002,4.1e-06,0.0025,40,0,10000,3.3
1661,0.0024000000000000002,4.110000000000001e-06,0.0025,40,0,10000,3.3
1662,-0.0016,4.1199999999999995e-06,0.0025,40,0,10000,3.3
1663,-0.0008,4.130000000000001e-06,0.0025,40,0,10000,3.3
1664,-0.0008,4.139999999999999e-06,0.0025,40,0,10000,3.3
1665,-0.0008,4.150000000000001e-06,0.0025,40,0,10000,3.3
1666,0.0008,4.159999999999999e-06,0.0025,40,0,10000,3.3
1667,0.0016,4.170000000000001e-06,0.0025,40,0,10000,3.3
1668,0.0032,4.179999999999999e-06,0.0025,40,0,10000,3.3
1669,0.0032,4.1900000000000005e-06,0.0025,40,0,10000,3.3
1670,0.0016,4.199999999999999e-06,0.0025,40,0,10000,3.3
1671,-0.0016,4.21e-06,0.0025,40,0,10000,3.3
1672,-0.0008,4.2199999999999986e-06,0.0025,40,0,10000,3.3
1673,-0.0024000000000000002,4.23e-06,0.0025,40,0,10000,3.3
1674,-0.0008,4.239999999999998e-06,0.0025,40,0,10000,3.3
1675,0.0,4.25e-06,0.0025,40,0,10000,3.3
1676,0.0,4.259999999999998e-06,0.0025,40,0,10000,3.3
1677,0.0016,4.27e-06,0.0025,40,0,10000,3.3
1678,0.0024000000000000002,4.280000000000001e-06,0.0025,40,0,10000,3.3
1679,0.0032,4.29e-06,0.0025,40,0,10000,3.3
1680,0.0024000000000000002,4.300000000000001e-06,0.0025,40,0,10000,3.3
1681,0.0,4.309999999999999e-06,0.0025,40,0,10000,3.3
1682,-0.0008,4.320000000000001e-06,0.0025,40,0,10000,3.3
1683,-0.0008,4.329999999999999e-06,0.0025,40,0,10000,3.3
1684,-0.0016,4.340000000000001e-06,0.0025,40,0,10000,3.3
1685,0.0008,4.349999999999999e-06,0.0025,40,0,10000,3.3
1686,-0.0008,4.360000000000001e-06,0.0025,40,0,10000,3.3
1687,0.0016,4.369999999999999e-06,0.0025,40,0,10000,3.3
1688,0.0024000000000000002,4.38e-06,0.0025,40,0,10000,3.3
1689,-0.0008,4.389999999999999e-06,0.0025,40,0,10000,3.3
1690,0.0,4.4e-06,0.0025,40,0,10000,3.3
1691,0.0008,4.4099999999999984e-06,0.0025,40,0,10000,3.3
1692,0.0016,4.42e-06,0.0025,40,0,10000,3.3
1693,0.0,4.429999999999998e-06,0.0025,40,0,10000,3.3
1694,0.0,4.44e-06,0.0025,40,0,10000,3.3
1695,-0.0016,4.4500000000000014e-06,0.0025,40,0,10000,3.3
1696,-0.0008,4.46e-06,0.0025,40,0,10000,3.3
1697,-0.0008,4.470000000000001e-06,0.0025,40,0,10000,3.3
1698,0.0008,4.4799999999999995e-06,0.0025,40,0,10000,3.3
1699,0.0008,4.490000000000001e-06,0.0025,40,0,10000,3.3
1700,0.0024000000000000002,4.499999999999999e-06,0.0025,40,0,10000,3.3
1701,0.0,4.510000000000001e-06,0.0025,40,0,10000,3.3
1702,-0.0008,4.519999999999999e-06,0.0025,40,0,10000,3.3
1703,-0.0024000000000000002,4.530000000000001e-06,0.0025,40,0,10000,3.3
1704,-0.0032,4.539999999999999e-06,0.0025,40,0,10000,3.3
1705,-0.0032,4.5500000000000005e-06,0.0025,40,0,10000,3.3
1706,-0.0016,4.559999999999999e-06,0.0025,40,0,10000,3.3
1707,-0.0008,4.57e-06,0.0025,40,0,10000,3.3
1708,0.0008,4.5799999999999985e-06,0.0025,40,0,10000,3.3
1709,0.0032,4.59e-06,0.0025,40,0,10000,3.3
1710,0.0048000000000000004,4.599999999999998e-06,0.0025,40,0,10000,3.3
1711,0.004,4.61e-06,0.0025,40,0,10000,3.3
1712,0.0024000000000000002,4.619999999999998e-06,0.0025,40,0,10000,3.3
1713,0.0016,4.63e-06,0.0025,40,0,10000,3.3
1714,0.0024000000000000002,4.640000000000001e-06,0.0025,40,0,10000,3.3
1715,0.0016,4.6499999999999995e-06,0.0025,40,0,10000,3.3
1716,0.0,4.660000000000001e-06,0.0025,40,0,10000,3.3
1717,0.0024000000000000002,4.669999999999999e-06,0.0025,40,0,10000,3.3
1718,0.0032,4.680000000000001e-06,0.0025,40,0,10000,3.3
1719,0.0016,4.689999999999999e-06,0.0025,40,0,10000,3.3
1720,0.0008,4.700000000000001e-06,0.0025,40,0,10000,3.3
1721,0.0016,4.709999999999999e-06,0.0025,40,0,10000,3.3
1722,0.0008,4.7200000000000005e-06,0.0025,40,0,10000,3.3
1723,0.0,4.729999999999999e-06,0.0025,40,0,10000,3.3
1724,-0.0008,4.74e-06,0.0025,40,0,10000,3.3
1725,0.0,4.7499999999999986e-06,0.0025,40,0,10000,3.3
1726,-0.0008,4.76e-06,0.0025,40,0,10000,3.3
1727,0.0,4.769999999999998e-06,0.0025,40,0,10000,3.3
1728,0.0024000000000000002,4.78e-06,0.0025,40,0,10000,3.3
1729,0.0024000000000000002,4.789999999999998e-06,0.0025,40,0,10000,3.3
1730,0.0032,4.8e-06,0.0025,40,0,10000,3.3
1731,0.0032,4.810000000000001e-06,0.0025,40,0,10000,3.3
1732,0.0032,4.82e-06,0.0025,40,0,10000,3.3
1733,0.004,4.830000000000001e-06,0.0025,40,0,10000,3.3
1734,0.0024000000000000002,4.839999999999999e-06,0.0025,40,0,10000,3.3
1735,0.0008,4.850000000000001e-06,0.0025,40,0,10000,3.3
1736,0.0024000000000000002,4.859999999999999e-06,0.0025,40,0,10000,3.3
1737,0.0016,4.870000000000001e-06,0.0025,40,0,10000,3.3
1738,0.0024000000000000002,4.879999999999999e-06,0.0025,40,0,10000,3.3
1739,0.0024000000000000002,4.890000000000001e-06,0.0025,40,0,10000,3.3
1740,0.0032,4.899999999999999e-06,0.0025,40,0,10000,3.3
1741,0.0008,4.9100000000000004e-06,0.0025,40,0,10000,3.3
1742,0.0008,4.919999999999999e-06,0.0025,40,0,10000,3.3
1743,0.0016,4.93e-06,0.0025,40,0,10000,3.3
1744,0.0008,4.9399999999999984e-06,0.0025,40,0,10000,3.3
1745,-0.0008,4.95e-06,0.0025,40,0,10000,3.3
1746,-0.0016,4.959999999999998e-06,0.0025,40,0,10000,3.3
1747,-0.0016,4.97e-06,0.0025,40,0,10000,3.3
1748,0.0,4.9800000000000014e-06,0.0025,40,0,10000,3.3
1749,0.0032,4.99e-06,0.0025,40,0,10000,3.3
1750,0.0032,5.000000000000001e-06,0.0025,40,0,10000,3.3
1751,0.0032,5.0099999999999995e-06,0.0025,40,0,10000,3.3
1752,0.0032,5.020000000000001e-06,0.0025,40,0,10000,3.3
1753,0.0032,5.029999999999999e-06,0.0025,40,0,10000,3.3
1754,0.0008,5.040000000000001e-06,0.0025,40,0,10000,3.3
1755,0.0024000000000000002,5.049999999999999e-06,0.0025,40,0,10000,3.3
1756,0.0008,5.060000000000001e-06,0.0025,40,0,10000,3.3
1757,0.0016,5.069999999999999e-06,0.0025,40,0,10000,3.3
1758,0.0016,5.0800000000000005e-06,0.0025,40,0,10000,3.3
1759,0.0032,5.089999999999999e-06,0.0025,40,0,10000,3.3
1760,0.0048000000000000004,5.1e-06,0.0025,40,0,10000,3.3
1761,0.0032,5.1099999999999985e-06,0.0025,40,0,10000,3.3
1762,0.0032,5.12e-06,0.0025,40,0,10000,3.3
1763,0.0016,5.129999999999998e-06,0.0025,40,0,10000,3.3
1764,0.0,5.14e-06,0.0025,40,0,10000,3.3
1765,0.0,5.149999999999998e-06,0.0025,40,0,10000,3.3
1766,-0.0008,5.16e-06,0.0025,40,0,10000,3.3
1767,-0.0008,5.170000000000001e-06,0.0025,40,0,10000,3.3
1768,0.0008,5.1799999999999995e-06,0.0025,40,0,10000,3.3
1769,0.0,5.190000000000001e-06,0.0025,40,0,10000,3.3
1770,0.0016,5.199999999999999e-06,0.0025,40,0,10000,3.3
1771,0.0,5.210000000000001e-06,0.0025,40,0,10000,3.3
1772,0.0,5.219999999999999e-06,0.0025,40,0,10000,3.3
1773,0.0,5.230000000000001e-06,0.0025,40,0,10000,3.3
1774,0.0,5.239999999999999e-06,0.0025,40,0,10000,3.3
1775,0.0,5.2500000000000006e-06,0.0025,40,0,10000,3.3
1776,-0.0008,5.259999999999999e-06,0.0025,40,0,10000,3.3
1777,0.0,5.27e-06,0.0025,40,0,10000,3.3
1778,-0.0016,5.2799999999999986e-06,0.0025,40,0,10000,3.3
1779,0.0008,5.29e-06,0.0025,40,0,10000,3.3
1780,-0.0016,5.299999999999998e-06,0.0025,40,0,10000,3.3
1781,0.0008,5.31e-06,0.0025,40,0,10000,3.3
1782,0.0032,5.319999999999998e-06,0.0025,40,0,10000,3.3
1783,0.0016,5.33e-06,0.0025,40,0,10000,3.3
1784,0.0024000000000000002,5.340000000000001e-06,0.0025,40,0,10000,3.3
1785,0.0008,5.35e-06,0.0025,40,0,10000,3.3
1786,-0.0008,5.360000000000001e-06,0.0025,40,0,10000,3.3
1787,-0.0016,5.369999999999999e-06,0.0025,40,0,10000,3.3
1788,-0.0016,5.380000000000001e-06,0.0025,40,0,10000,3.3
1789,-0.0016,5.389999999999999e-06,0.0025,40,0,10000,3.3
1790,0.0,5.400000000000001e-06,0.0025,40,0,10000,3.3
1791,0.0016,5.409999999999999e-06,0.0025,40,0,10000,3.3
1792,0.004,5.420000000000001e-06,0.0025,40,0,10000,3.3
1793,0.0032,5.429999999999999e-06,0.0025,40,0,10000,3.3
1794,0.0008,5.4400000000000004e-06,0.0025,40,0,10000,3.3
1795,0.0008,5.449999999999999e-06,0.0025,40,0,10000,3.3
1796,-0.0008,5.46e-06,0.0025,40,0,10000,3.3
1797,-0.0008,5.4699999999999985e-06,0.0025,40,0,10000,3.3
1798,0.0,5.48e-06,0.0025,40,0,10000,3.3
1799,0.0008,5.489999999999998e-06,0.0025,40,0,10000,3.3
1800,0.0024000000000000002,5.5e-06,0.0025,40,0,10000,3.3
1801,0.0016,5.5100000000000015e-06,0.0025,40,0,10000,3.3
1802,0.0032,5.52e-06,0.0025,40,0,10000,3.3
1803,0.0024000000000000002,5.530000000000001e-06,0.0025,40,0,10000,3.3
1804,0.0016,5.5399999999999995e-06,0.0025,40,0,10000,3.3
1805,0.0,5.550000000000001e-06,0.0025,40,0,10000,3.3
1806,-0.0008,5.559999999999999e-06,0.0025,40,0,10000,3.3
1807,0.0,5.570000000000001e-06,0.0025,40,0,10000,3.3
1808,-0.0008,5.579999999999999e-06,0.0025,40,0,10000,3.3
1809,-0.0008,5.590000000000001e-06,0.0025,40,0,10000,3.3
1810,-0.0008,5.599999999999999e-06,0.0025,40,0,10000,3.3
1811,0.0008,5.6100000000000005e-06,0.0025,40,0,10000,3.3
1812,-0.0008,5.619999999999999e-06,0.0025,40,0,10000,3.3
1813,0.0016,5.63e-06,0.0025,40,0,10000,3.3
1814,0.0008,5.6399999999999985e-06,0.0025,40,0,10000,3.3
1815,0.0008,5.65e-06,0.0025,40,0,10000,3.3
1816,0.0,5.659999999999998e-06,0.0025,40,0,10000,3.3
1817,0.0,5.67e-06,0.0025,40,0,10000,3.3
1818,-0.0008,5.679999999999998e-06,0.0025,40,0,10000,3.3
1819,-0.0016,5.69e-06,0.0025,40,0,10000,3.3
1820,-0.0016,5.700000000000001e-06,0.0025,40,0,10000,3.3
1821,-0.0016,5.7099999999999995e-06,0.0025,40,0,10000,3.3
1822,-0.0008,5.720000000000001e-06,0.0025,40,0,10000,3.3
1823,0.0008,5.729999999999999e-06,0.0025,40,0,10000,3.3
1824,0.0008,5.740000000000001e-06,0.0025,40,0,10000,3.3
1825,0.0,5.749999999999999e-06,0.0025,40,0,10000,3.3
1826,-0.0008,5.760000000000001e-06,0.0025,40,0,10000,3.3
1827,-0.0016,5.769999999999999e-06,0.0025,40,0,10000,3.3
1828,-0.0016,5.7800000000000006e-06,0.0025,40,0,10000,3.3
1829,-0.0016,5.789999999999999e-06,0.0025,40,0,10000,3.3
1830,-0.0016,5.8e-06,0.0025,40,0,10000,3.3
1831,0.0008,5.809999999999999e-06,0.0025,40,0,10000,3.3
1832,0.0032,5.82e-06,0.0025,40,0,10000,3.3
1833,0.0032,5.829999999999998e-06,0.0025,40,0,10000,3.3
1834,0.0032,5.84e-06,0.0025,40,0,10000,3.3
1835,0.004,5.849999999999998e-06,0.0025,40,0,10000,3.3
1836,0.0032,5.86e-06,0.0025,40,0,10000,3.3
1837,0.0024000000000000002,5.870000000000001e-06,0.0025,40,0,10000,3.3
1838,0.0,5.88e-06,0.0025,40,0,10000,3.3
1839,0.0008,5.890000000000001e-06,0.0025,40,0,10000,3.3
1840,-0.0008,5.899999999999999e-06,0.0025,40,0,10000,3.3
1841,-0.0008,5.910000000000001e-06,0.0025,40,0,10000,3.3
1842,0.0,5.919999999999999e-06,0.0025,40,0,10000,3.3
1843,0.0016,5.930000000000001e-06,0.0025,40,0,10000,3.3
1844,0.0008,5.939999999999999e-06,0.0025,40,0,10000,3.3
1845,0.0008,5.950000000000001e-06,0.0025,40,0,10000,3.3
1846,-0.0008,5.959999999999999e-06,0.0025,40,0,10000,3.3
1847,-0.0016,5.9700000000000004e-06,0.0025,40,0,10000,3.3
1848,-0.0008,5.979999999999999e-06,0.0025,40,0,10000,3.3
1849,-0.0008,5.99e-06,0.0025,40,0,10000,3.3
1850,0.0008,5.9999999999999985e-06,0.0025,40,0,10000,3.3
1851,0.0016,6.01e-06,0.0025,40,0,10000,3.3
1852,0.004,6.019999999999998e-06,0.0025,40,0,10000,3.3
1853,0.0032,6.03e-06,0.0025,40,0,10000,3.3
1854,0.0064,6.0400000000000015e-06,0.0025,40,0,10000,3.3
1855,0.0056,6.05e-06,0.0025,40,0,10000,3.3
1856,0.0048000000000000004,6.060000000000001e-06,0.0025,40,0,10000,3.3
1857,0.0032,6.0699999999999995e-06,0.0025,40,0,10000,3.3
1858,0.0032,6.080000000000001e-06,0.0025,40,0,10000,3.3
1859,0.0032,6.089999999999999e-06,0.0025,40,0,10000,3.3
1860,0.0016,6.100000000000001e-06,0.0025,40,0,10000,3.3
1861,0.0016,6.109999999999999e-06,0.0025,40,0,10000,3.3
1862,0.0032,6.120000000000001e-06,0.0025,40,0,10000,3.3
1863,0.0016,6.129999999999999e-06,0.0025,40,0,10000,3.3
1864,0.0024000000000000002,6.1400000000000005e-06,0.0025,40,0,10000,3.3
1865,0.0016,6.149999999999999e-06,0.0025,40,0,10000,3.3
1866,0.0016,6.16e-06,0.0025,40,0,10000,3.3
1867,0.0008,6.1699999999999985e-06,0.0025,40,0,10000,3.3
1868,-0.0016,6.18e-06,0.0025,40,0,10000,3.3
1869,-0.0008,6.189999999999998e-06,0.0025,40,0,10000,3.3
1870,-0.0024000000000000002,6.2e-06,0.0025,40,0,10000,3.3
1871,0.0008,6.209999999999998e-06,0.0025,40,0,10000,3.3
1872,0.0,6.22e-06,0.0025,40,0,10000,3.3
1873,0.0032,6.230000000000001e-06,0.0025,40,0,10000,3.3
1874,0.0032,6.2399999999999995e-06,0.0025,40,0,10000,3.3
1875,0.0048000000000000004,6.250000000000001e-06,0.0025,40,0,10000,3.3
1876,0.004,6.259999999999999e-06,0.0025,40,0,10000,3.3
1877,0.004,6.270000000000001e-06,0.0025,40,0,10000,3.3
1878,0.0024000000000000002,6.279999999999999e-06,0.0025,40,0,10000,3.3
1879,-0.0008,6.290000000000001e-06,0.0025,40,0,10000,3.3
1880,-0.0016,6.299999999999999e-06,0.0025,40,0,10000,3.3
1881,-0.0016,6.3100000000000006e-06,0.0025,40,0,10000,3.3
1882,0.0,6.319999999999999e-06,0.0025,40,0,10000,3.3
1883,0.0008,6.33e-06,0.0025,40,0,10000,3.3
1884,0.0016,6.339999999999999e-06,0.0025,40,0,10000,3.3
1885,0.0,6.35e-06,0.0025,40,0,10000,3.3
1886,-0.0008,6.359999999999998e-06,0.0025,40,0,10000,3.3
1887,-0.0032,6.37e-06,0.0025,40,0,10000,3.3
1888,-0.0016,6.379999999999998e-06,0.0025,40,0,10000,3.3
1889,-0.0024000000000000002,6.39e-06,0.0025,40,0,10000,3.3
1890,-0.0016,6.400000000000001e-06,0.0025,40,0,10000,3.3
1891,-0.0008,6.41e-06,0.0025,40,0,10000,3.3
1892,0.0,6.420000000000001e-06,0.0025,40,0,10000,3.3
1893,0.0008,6.429999999999999e-06,0.0025,40,0,10000,3.3
1894,0.0024000000000000002,6.440000000000001e-06,0.0025,40,0,10000,3.3
1895,0.0024000000000000002,6.449999999999999e-06,0.0025,40,0,10000,3.3
1896,0.0008,6.460000000000001e-06,0.0025,40,0,10000,3.3
1897,0.0016,6.469999999999999e-06,0.0025,40,0,10000,3.3
1898,0.0,6.480000000000001e-06,0.0025,40,0,10000,3.3
1899,0.0,6.489999999999999e-06,0.0025,40,0,10000,3.3
1900,0.0,6.5000000000000004e-06,0.0025,40,0,10000,3.3
1901,-0.0016,6.509999999999999e-06,0.0025,40,0,10000,3.3
1902,-0.0016,6.52e-06,0.0025,40,0,10000,3.3
1903,0.0,6.5299999999999985e-06,0.0025,40,0,10000,3.3
1904,0.0008,6.54e-06,0.0025,40,0,10000,3.3
1905,0.0,6.549999999999998e-06,0.0025,40,0,10000,3.3
1906,0.0024000000000000002,6.56e-06,0.0025,40,0,10000,3.3
1907,0.0024000000000000002,6.5700000000000015e-06,0.0025,40,0,10000,3.3
1908,0.0016,6.58e-06,0.0025,40,0,10000,3.3
1909,-0.0008,6.590000000000001e-06,0.0025,40,0,10000,3.3
1910,-0.0016,6.5999999999999995e-06,0.0025,40,0,10000,3.3
1911,-0.0008,6.610000000000001e-06,0.0025,40,0,10000,3.3
1912,-0.0016,6.619999999999999e-06,0.0025,40,0,10000,3.3
1913,0.0008,6.630000000000001e-06,0.0025,40,0,10000,3.3
1914,0.0008,6.639999999999999e-06,0.0025,40,0,10000,3.3
1915,0.0016,6.650000000000001e-06,0.0025,40,0,10000,3.3
1916,0.0016,6.659999999999999e-06,0.0025,40,0,10000,3.3
1917,0.0016,6.6700000000000005e-06,0.0025,40,0,10000,3.3
1918,0.0,6.679999999999999e-06,0.0025,40,0,10000,3.3
1919,0.0,6.69e-06,0.0025,40,0,10000,3.3
1920,-0.0008,6.6999999999999985e-06,0.0025,40,0,10000,3.3
1921,-0.0008,6.71e-06,0.0025,40,0,10000,3.3
1922,0.0,6.719999999999998e-06,0.0025,40,0,10000,3.3
1923,0.0016,6.73e-06,0.0025,40,0,10000,3.3
1924,0.0016,6.739999999999998e-06,0.0025,40,0,10000,3.3
1925,0.0,6.75e-06,0.0025,40,0,10000,3.3
1926,0.0016,6.760000000000001e-06,0.0025,40,0,10000,3.3
1927,0.0016,6.7699999999999996e-06,0.0025,40,0,10000,3.3
1928,0.0024000000000000002,6.780000000000001e-06,0.0025,40,0,10000,3.3
1929,0.0,6.789999999999999e-06,0.0025,40,0,10000,3.3
1930,0.0008,6.800000000000001e-06,0.0025,40,0,10000,3.3
1931,0.0008,6.809999999999999e-06,0.0025,40,0,10000,3.3
1932,0.0008,6.820000000000001e-06,0.0025,40,0,10000,3.3
1933,0.0008,6.829999999999999e-06,0.0025,40,0,10000,3.3
1934,0.0016,6.840000000000001e-06,0.0025,40,0,10000,3.3
1935,0.0016,6.849999999999999e-06,0.0025,40,0,10000,3.3
1936,0.004,6.86e-06,0.0025,40,0,10000,3.3
1937,0.0016,6.869999999999999e-06,0.0025,40,0,10000,3.3
1938,0.0024000000000000002,6.88e-06,0.0025,40,0,10000,3.3
1939,0.0008,6.889999999999998e-06,0.0025,40,0,10000,3.3
1940,-0.0016,6.9e-06,0.0025,40,0,10000,3.3
1941,0.0008,6.909999999999998e-06,0.0025,40,0,10000,3.3
1942,0.0016,6.92e-06,0.0025,40,0,10000,3.3
1943,0.0,6.930000000000001e-06,0.0025,40,0,10000,3.3
1944,-0.0008,6.94e-06,0.0025,40,0,10000,3.3
1945,-0.0008,6.950000000000001e-06,0.0025,40,0,10000,3.3
1946,0.0,6.9599999999999994e-06,0.0025,40,0,10000,3.3
1947,0.004,6.970000000000001e-06,0.0025,40,0,10000,3.3
1948,0.0008,6.979999999999999e-06,0.0025,40,0,10000,3.3
1949,0.0024000000000000002,6.990000000000001e-06,0.0025,40,0,10000,3.3
1950,0.0008,6.999999999999999e-06,0.0025,40,0,10000,3.3
1951,0.0008,7.010000000000001e-06,0.0025,40,0,10000,3.3
1952,0.0008,7.019999999999999e-06,0.0025,40,0,10000,3.3
1953,0.0016,7.0300000000000005e-06,0.0025,40,0,10000,3.3
1954,0.0016,7.039999999999999e-06,0.0025,40,0,10000,3.3
1955,0.0024000000000000002,7.05e-06,0.0025,40,0,10000,3.3
1956,0.0032,7.0599999999999985e-06,0.0025,40,0,10000,3.3
1957,0.004,7.07e-06,0.0025,40,0,10000,3.3
1958,0.0056,7.079999999999998e-06,0.0025,40,0,10000,3.3
1959,0.004,7.09e-06,0.0025,40,0,10000,3.3
1960,0.0032,7.1000000000000015e-06,0.0025,40,0,10000,3.3
1961,0.0008,7.11e-06,0.0025,40,0,10000,3.3
1962,0.0,7.120000000000001e-06,0.0025,40,0,10000,3.3
1963,-0.0008,7.1299999999999995e-06,0.0025,40,0,10000,3.3
1964,-0.0016,7.140000000000001e-06,0.0025,40,0,10000,3.3
1965,0.0008,7.149999999999999e-06,0.0025,40,0,10000,3.3
1966,0.0008,7.160000000000001e-06,0.0025,40,0,10000,3.3
1967,0.0024000000000000002,7.169999999999999e-06,0.0025,40,0,10000,3.3
1968,0.0016,7.180000000000001e-06,0.0025,40,0,10000,3.3
1969,0.0032,7.189999999999999e-06,0.0025,40,0,10000,3.3
1970,0.0,7.2000000000000005e-06,0.0025,40,0,10000,3.3
1971,0.0008,7.209999999999999e-06,0.0025,40,0,10000,3.3
1972,0.0008,7.22e-06,0.0025,40,0,10000,3.3
1973,0.0008,7.2299999999999985e-06,0.0025,40,0,10000,3.3
1974,0.0016,7.24e-06,0.0025,40,0,10000,3.3
1975,0.0032,7.249999999999998e-06,0.0025,40,0,10000,3.3
1976,0.004,7.26e-06,0.0025,40,0,10000,3.3
1977,0.004,7.269999999999998e-06,0.0025,40,0,10000,3.3
1978,0.0024000000000000002,7.28e-06,0.0025,40,0,10000,3.3
1979,0.004,7.290000000000001e-06,0.0025,40,0,10000,3.3
1980,0.004,7.2999999999999996e-06,0.0025,40,0,10000,3.3
1981,0.0016,7.310000000000001e-06,0.0025,40,0,10000,3.3
1982,0.0016,7.319999999999999e-06,0.0025,40,0,10000,3.3
1983,0.0,7.330000000000001e-06,0.0025,40,0,10000,3.3
1984,0.0008,7.339999999999999e-06,0.0025,40,0,10000,3.3
1985,-0.0008,7.350000000000001e-06,0.0025,40,0,10000,3.3
1986,-0.0016,7.359999999999999e-06,0.0025,40,0,10000,3.3
1987,0.0016,7.370000000000001e-06,0.0025,40,0,10000,3.3
1988,0.0016,7.379999999999999e-06,0.0025,40,0,10000,3.3
1989,0.0024000000000000002,7.39e-06,0.0025,40,0,10000,3.3
1990,0.0024000000000000002,7.399999999999999e-06,0.0025,40,0,10000,3.3
1991,0.0016,7.41e-06,0.0025,40,0,10000,3.3
1992,0.0008,7.419999999999998e-06,0.0025,40,0,10000,3.3
1993,0.0016,7.43e-06,0.0025,40,0,10000,3.3
1994,-0.0008,7.439999999999998e-06,0.0025,40,0,10000,3.3
1995,0.0,7.45e-06,0.0025,40,0,10000,3.3
1996,0.0008,7.460000000000001e-06,0.0025,40,0,10000,3.3
1997,0.004,7.47e-06,0.0025,40,0,10000,3.3
1998,0.0032,7.480000000000001e-06,0.0025,40,0,10000,3.3
1999,0.0056,7.4899999999999994e-06,0.0025,40,0,10000,3.3
2000,0.0024000000000000002,7.500000000000001e-06,0.0025,40,0,10000,3.3
2001,0.0024000000000000002,7.509999999999999e-06,0.0025,40,0,10000,3.3
2002,0.0,7.520000000000001e-06,0.0025,40,0,10000,3.3
2003,-0.0016,7.529999999999999e-06,0.0025,40,0,10000,3.3
2004,-0.0024000000000000002,7.540000000000001e-06,0.0025,40,0,10000,3.3
2005,-0.0016,7.549999999999999e-06,0.0025,40,0,10000,3.3
2006,-0.0008,7.5600000000000005e-06,0.0025,40,0,10000,3.3
2007,0.0,7.569999999999999e-06,0.0025,40,0,10000,3.3
2008,0.0016,7.58e-06,0.0025,40,0,10000,3.3
2009,0.0016,7.5899999999999985e-06,0.0025,40,0,10000,3.3
2010,0.0,7.6e-06,0.0025,40,0,10000,3.3
2011,0.0008,7.609999999999998e-06,0.0025,40,0,10000,3.3
2012,-0.0008,7.62e-06,0.0025,40,0,10000,3.3
2013,-0.0016,7.630000000000001e-06,0.0025,40,0,10000,3.3
2014,-0.0008,7.64e-06,0.0025,40,0,10000,3.3
2015,-0.0008,7.650000000000001e-06,0.0025,40,0,10000,3.3
2016,0.0008,7.66e-06,0.0025,40,0,10000,3.3
2017,0.0016,7.670000000000001e-06,0.0025,40,0,10000,3.3
2018,0.0008,7.68e-06,0.0025,40,0,10000,3.3
2019,0.0024000000000000002,7.690000000000001e-06,0.0025,40,0,10000,3.3
2020,0.0024000000000000002,7.699999999999999e-06,0.0025,40,0,10000,3.3
2021,0.0032,7.71e-06,0.0025,40,0,10000,3.3
2022,0.0008,7.719999999999999e-06,0.0025,40,0,10000,3.3
2023,0.0008,7.73e-06,0.0025,40,0,10000,3.3
2024,0.0,7.739999999999999e-06,0.0025,40,0,10000,3.3
2025,0.0008,7.75e-06,0.0025,40,0,10000,3.3
2026,0.0016,7.759999999999999e-06,0.0025,40,0,10000,3.3
2027,0.0016,7.77e-06,0.0025,40,0,10000,3.3
2028,0.0016,7.779999999999998e-06,0.0025,40,0,10000,3.3
2029,0.0016,7.79e-06,0.0025,40,0,10000,3.3
2030,0.0032,7.799999999999998e-06,0.0025,40,0,10000,3.3
2031,0.0016,7.81e-06,0.0025,40,0,10000,3.3
2032,0.0016,7.820000000000001e-06,0.0025,40,0,10000,3.3
2033,0.0,7.83e-06,0.0025,40,0,10000,3.3
2034,0.0,7.840000000000001e-06,0.0025,40,0,10000,3.3
2035,0.0,7.85e-06,0.0025,40,0,10000,3.3
2036,0.0008,7.860000000000001e-06,0.0025,40,0,10000,3.3
2037,0.0008,7.87e-06,0.0025,40,0,10000,3.3
2038,0.0016,7.88e-06,0.0025,40,0,10000,3.3
2039,0.0024000000000000002,7.889999999999999e-06,0.0025,40,0,10000,3.3
2040,0.004,7.9e-06,0.0025,40,0,10000,3.3
2041,0.0032,7.909999999999999e-06,0.0025,40,0,10000,3.3
2042,0.0024000000000000002,7.92e-06,0.0025,40,0,10000,3.3
2043,0.0016,7.929999999999999e-06,0.0025,40,0,10000,3.3
2044,0.0,7.94e-06,0.0025,40,0,10000,3.3
2045,-0.0008,7.949999999999998e-06,0.0025,40,0,10000,3.3
2046,-0.0008,7.96e-06,0.0025,40,0,10000,3.3
2047,0.0016,7.969999999999998e-06,0.0025,40,0,10000,3.3
2048,0.0016,7.98e-06,0.0025,40,0,10000,3.3
2049,0.0032,7.990000000000001e-06,0.0025,40,0,10000,3.3
2050,0.0032,8e-06,0.0025,40,0,10000,3.3
2051,0.0032,8.010000000000001e-06,0.0025,40,0,10000,3.3
2052,0.004,8.02e-06,0.0025,40,0,10000,3.3
2053,0.0024000000000000002,8.030000000000001e-06,0.0025,40,0,10000,3.3
2054,0.0016,8.04e-06,0.0025,40,0,10000,3.3
2055,0.0008,8.050000000000001e-06,0.0025,40,0,10000,3.3
2056,0.0032,8.059999999999999e-06,0.0025,40,0,10000,3.3
2057,0.0024000000000000002,8.07e-06,0.0025,40,0,10000,3.3
2058,0.0024000000000000002,8.079999999999999e-06,0.0025,40,0,10000,3.3
2059,0.004,8.09e-06,0.0025,40,0,10000,3.3
2060,0.0048000000000000004,8.099999999999999e-06,0.0025,40,0,10000,3.3
2061,0.0048000000000000004,8.11e-06,0.0025,40,0,10000,3.3
2062,0.0024000000000000002,8.119999999999998e-06,0.0025,40,0,10000,3.3
2063,0.0024000000000000002,8.13e-06,0.0025,40,0,10000,3.3
2064,0.0016,8.139999999999998e-06,0.0025,40,0,10000,3.3
2065,0.0032,8.15e-06,0.0025,40,0,10000,3.3
2066,0.0032,8.160000000000001e-06,0.0025,40,0,10000,3.3
2067,0.0024000000000000002,8.17e-06,0.0025,40,0,10000,3.3
2068,0.0024000000000000002,8.180000000000001e-06,0.0025,40,0,10000,3.3
2069,0.0032,8.19e-06,0.0025,40,0,10000,3.3
2070,0.0024000000000000002,8.200000000000001e-06,0.0025,40,0,10000,3.3
2071,0.0048000000000000004,8.21e-06,0.0025,40,0,10000,3.3
2072,0.0032,8.220000000000001e-06,0.0025,40,0,10000,3.3
2073,0.004,8.229999999999999e-06,0.0025,40,0,10000,3.3
2074,0.0032,8.24e-06,0.0025,40,0,10000,3.3
2075,0.004,8.249999999999999e-06,0.0025,40,0,10000,3.3
2076,0.0024000000000000002,8.26e-06,0.0025,40,0,10000,3.3
2077,0.0008,8.269999999999999e-06,0.0025,40,0,10000,3.3
2078,0.0024000000000000002,8.28e-06,0.0025,40,0,10000,3.3
2079,0.004,8.289999999999999e-06,0.0025,40,0,10000,3.3
2080,0.004,8.3e-06,0.0025,40,0,10000,3.3
2081,0.0056,8.309999999999998e-06,0.0025,40,0,10000,3.3
2082,0.0048000000000000004,8.32e-06,0.0025,40,0,10000,3.3
2083,0.004,8.329999999999998e-06,0.0025,40,0,10000,3.3
2084,0.0024000000000000002,8.34e-06,0.0025,40,0,10000,3.3
2085,-0.0008,8.350000000000001e-06,0.0025,40,0,10000,3.3
2086,0.0,8.36e-06,0.0025,40,0,10000,3.3
2087,-0.0008,8.370000000000001e-06,0.0025,40,0,10000,3.3
2088,0.0008,8.38e-06,0.0025,40,0,10000,3.3
2089,0.0,8.390000000000001e-06,0.0025,40,0,10000,3.3
2090,0.0024000000000000002,8.4e-06,0.0025,40,0,10000,3.3
2091,0.0024000000000000002,8.41e-06,0.0025,40,0,10000,3.3
2092,0.004,8.419999999999999e-06,0.0025,40,0,10000,3.3
2093,0.0016,8.43e-06,0.0025,40,0,10000,3.3
2094,0.0016,8.439999999999999e-06,0.0025,40,0,10000,3.3
2095,0.0008,8.45e-06,0.0025,40,0,10000,3.3
2096,0.0016,8.459999999999999e-06,0.0025,40,0,10000,3.3
2097,0.0016,8.47e-06,0.0025,40,0,10000,3.3
2098,0.0024000000000000002,8.479999999999998e-06,0.0025,40,0,10000,3.3
2099,0.0016,8.49e-06,0.0025,40,0,10000,3.3
2100,0.0032,8.499999999999998e-06,0.0025,40,0,10000,3.3
2101,0.0048000000000000004,8.51e-06,0.0025,40,0,10000,3.3
2102,0.0024000000000000002,8.520000000000001e-06,0.0025,40,0,10000,3.3
2103,0.0032,8.53e-06,0.0025,40,0,10000,3.3
2104,0.0024000000000000002,8.540000000000001e-06,0.0025,40,0,10000,3.3
2105,0.0016,8.55e-06,0.0025,40,0,10000,3.3
2106,0.0008,8.560000000000001e-06,0.0025,40,0,10000,3.3
2107,-0.0008,8.57e-06,0.0025,40,0,10000,3.3
2108,-0.0008,8.580000000000001e-06,0.0025,40,0,10000,3.3
2109,-0.0008,8.589999999999999e-06,0.0025,40,0,10000,3.3
2110,0.0,8.6e-06,0.0025,40,0,10000,3.3
2111,0.0,8.609999999999999e-06,0.0025,40,0,10000,3.3
2112,0.0,8.62e-06,0.0025,40,0,10000,3.3
2113,0.0016,8.629999999999999e-06,0.0025,40,0,10000,3.3
2114,0.0008,8.64e-06,0.0025,40,0,10000,3.3
2115,0.0,8.649999999999998e-06,0.0025,40,0,10000,3.3
2116,0.0,8.66e-06,0.0025,40,0,10000,3.3
2117,-0.0008,8.669999999999998e-06,0.0025,40,0,10000,3.3
2118,0.0016,8.68e-06,0.0025,40,0,10000,3.3
2119,0.0,8.690000000000002e-06,0.0025,40,0,10000,3.3
2120,0.0024000000000000002,8.7e-06,0.0025,40,0,10000,3.3
2121,0.0024000000000000002,8.710000000000001e-06,0.0025,40,0,10000,3.3
2122,0.0024000000000000002,8.72e-06,0.0025,40,0,10000,3.3
2123,0.0016,8.730000000000001e-06,0.0025,40,0,10000,3.3
2124,0.0016,8.74e-06,0.0025,40,0,10000,3.3
2125,0.0008,8.750000000000001e-06,0.0025,40,0,10000,3.3
2126,-0.0016,8.759999999999999e-06,0.0025,40,0,10000,3.3
2127,-0.004,8.77e-06,0.0025,40,0,10000,3.3
2128,-0.0024000000000000002,8.779999999999999e-06,0.0025,40,0,10000,3.3
2129,-0.0008,8.79e-06,0.0025,40,0,10000,3.3
2130,0.0,8.799999999999999e-06,0.0025,40,0,10000,3.3
2131,-0.0008,8.81e-06,0.0025,40,0,10000,3.3
2132,0.0016,8.819999999999999e-06,0.0025,40,0,10000,3.3
2133,0.0024000000000000002,8.83e-06,0.0025,40,0,10000,3.3
2134,0.0008,8.839999999999998e-06,0.0025,40,0,10000,3.3
2135,0.0008,8.85e-06,0.0025,40,0,10000,3.3
2136,0.0,8.859999999999998e-06,0.0025,40,0,10000,3.3
2137,-0.0024000000000000002,8.87e-06,0.0025,40,0,10000,3.3
2138,-0.0032,8.880000000000001e-06,0.0025,40,0,10000,3.3
2139,0.0016,8.89e-06,0.0025,40,0,10000,3.3
2140,0.0024000000000000002,8.900000000000001e-06,0.0025,40,0,10000,3.3
2141,0.0032,8.91e-06,0.0025,40,0,10000,3.3
2142,0.0024000000000000002,8.920000000000001e-06,0.0025,40,0,10000,3.3
2143,0.0024000000000000002,8.93e-06,0.0025,40,0,10000,3.3
2144,0.004,8.94e-06,0.0025,40,0,10000,3.3
2145,0.0032,8.949999999999999e-06,0.0025,40,0,10000,3.3
2146,0.0016,8.96e-06,0.0025,40,0,10000,3.3
2147,0.0,8.969999999999999e-06,0.0025,40,0,10000,3.3
2148,0.0008,8.98e-06,0.0025,40,0,10000,3.3
2149,0.0016,8.989999999999999e-06,0.0025,40,0,10000,3.3
2150,0.0016,9e-06,0.0025,40,0,10000,3.3
2151,0.0024000000000000002,9.009999999999998e-06,0.0025,40,0,10000,3.3
2152,0.0024000000000000002,9.02e-06,0.0025,40,0,10000,3.3
2153,0.0024000000000000002,9.029999999999998e-06,0.0025,40,0,10000,3.3
2154,0.0024000000000000002,9.04e-06,0.0025,40,0,10000,3.3
2155,0.0016,9.050000000000001e-06,0.0025,40,0,10000,3.3
2156,0.0,9.06e-06,0.0025,40,0,10000,3.3
2157,0.0,9.070000000000001e-06,0.0025,40,0,10000,3.3
2158,0.0,9.08e-06,0.0025,40,0,10000,3.3
2159,0.0008,9.090000000000001e-06,0.0025,40,0,10000,3.3
2160,-0.0008,9.1e-06,0.0025,40,0,10000,3.3
2161,0.0016,9.110000000000001e-06,0.0025,40,0,10000,3.3
2162,-0.0008,9.119999999999999e-06,0.0025,40,0,10000,3.3
2163,0.0032,9.13e-06,0.0025,40,0,10000,3.3
2164,0.0024000000000000002,9.139999999999999e-06,0.0025,40,0,10000,3.3
2165,0.0024000000000000002,9.15e-06,0.0025,40,0,10000,3.3
2166,0.0016,9.159999999999999e-06,0.0025,40,0,10000,3.3
2167,0.0,9.17e-06,0.0025,40,0,10000,3.3
2168,-0.0016,9.179999999999999e-06,0.0025,40,0,10000,3.3
2169,-0.0024000000000000002,9.19e-06,0.0025,40,0,10000,3.3
2170,0.0,9.199999999999998e-06,0.0025,40,0,10000,3.3
2171,0.0008,9.21e-06,0.0025,40,0,10000,3.3
2172,0.0024000000000000002,9.220000000000002e-06,0.0025,40,0,10000,3.3
2173,0.0032,9.23e-06,0.0025,40,0,10000,3.3
2174,0.0048000000000000004,9.240000000000001e-06,0.0025,40,0,10000,3.3
2175,0.0032,9.25e-06,0.0025,40,0,10000,3.3
2176,0.0016,9.260000000000001e-06,0.0025,40,0,10000,3.3
2177,0.0,9.27e-06,0.0025,40,0,10000,3.3
2178,-0.0008,9.280000000000001e-06,0.0025,40,0,10000,3.3
2179,0.0,9.289999999999999e-06,0.0025,40,0,10000,3.3
2180,0.0,9.3e-06,0.0025,40,0,10000,3.3
2181,0.0016,9.309999999999999e-06,0.0025,40,0,10000,3.3
2182,0.0008,9.32e-06,0.0025,40,0,10000,3.3
2183,0.0024000000000000002,9.329999999999999e-06,0.0025,40,0,10000,3.3
2184,0.0008,9.34e-06,0.0025,40,0,10000,3.3
2185,0.0024000000000000002,9.349999999999999e-06,0.0025,40,0,10000,3.3
2186,0.0016,9.36e-06,0.0025,40,0,10000,3.3
2187,0.0016,9.369999999999998e-06,0.0025,40,0,10000,3.3
2188,0.0016,9.38e-06,0.0025,40,0,10000,3.3
2189,0.0008,9.389999999999998e-06,0.0025,40,0,10000,3.3
2190,0.0016,9.4e-06,0.0025,40,0,10000,3.3
2191,0.0016,9.410000000000001e-06,0.0025,40,0,10000,3.3
2192,0.0016,9.42e-06,0.0025,40,0,10000,3.3
2193,0.0024000000000000002,9.430000000000001e-06,0.0025,40,0,10000,3.3
2194,0.0024000000000000002,9.44e-06,0.0025,40,0,10000,3.3
2195,0.0032,9.450000000000001e-06,0.0025,40,0,10000,3.3
2196,0.0024000000000000002,9.46e-06,0.0025,40,0,10000,3.3
2197,0.0032,9.47e-06,0.0025,40,0,10000,3.3
2198,0.0008,9.479999999999999e-06,0.0025,40,0,10000,3.3
2199,0.0008,9.49e-06,0.0025,40,0,10000,3.3
2200,0.0024000000000000002,9.499999999999999e-06,0.0025,40,0,10000,3.3
2201,0.0008,9.51e-06,0.0025,40,0,10000,3.3
2202,0.0,9.519999999999999e-06,0.0025,40,0,10000,3.3
2203,0.0008,9.53e-06,0.0025,40,0,10000,3.3
2204,0.0032,9.539999999999998e-06,0.0025,40,0,10000,3.3
2205,0.0024000000000000002,9.55e-06,0.0025,40,0,10000,3.3
2206,0.0016,9.559999999999998e-06,0.0025,40,0,10000,3.3
2207,0.0024000000000000002,9.57e-06,0.0025,40,0,10000,3.3
2208,0.0008,9.580000000000001e-06,0.0025,40,0,10000,3.3
2209,0.0008,9.59e-06,0.0025,40,0,10000,3.3
2210,-0.0024000000000000002,9.600000000000001e-06,0.0025,40,0,10000,3.3
2211,-0.0016,9.61e-06,0.0025,40,0,10000,3.3
2212,-0.0016,9.620000000000001e-06,0.0025,40,0,10000,3.3
2213,0.0,9.63e-06,0.0025,40,0,10000,3.3
2214,0.0,9.640000000000001e-06,0.0025,40,0,10000,3.3
2215,0.0,9.649999999999999e-06,0.0025,40,0,10000,3.3
2216,-0.0008,9.66e-06,0.0025,40,0,10000,3.3
2217,0.0,9.669999999999999e-06,0.0025,40,0,10000,3.3
2218,0.0008,9.68e-06,0.0025,40,0,10000,3.3
2219,0.0,9.689999999999999e-06,0.0025,40,0,10000,3.3
2220,0.0008,9.7e-06,0.0025,40,0,10000,3.3
2221,-0.0008,9.709999999999999e-06,0.0025,40,0,10000,3.3
2222,-0.0016,9.72e-06,0.0025,40,0,10000,3.3
2223,0.0,9.729999999999998e-06,0.0025,40,0,10000,3.3
2224,0.0008,9.74e-06,0.0025,40,0,10000,3.3
2225,0.0024000000000000002,9.750000000000002e-06,0.0025,40,0,10000,3.3
2226,-0.0008,9.76e-06,0.0025,40,0,10000,3.3
2227,0.0,9.770000000000001e-06,0.0025,40,0,10000,3.3
2228,-0.0008,9.78e-06,0.0025,40,0,10000,3.3
2229,0.0,9.790000000000001e-06,0.0025,40,0,10000,3.3
2230,-0.0024000000000000002,9.8e-06,0.0025,40,0,10000,3.3
2231,-0.0024000000000000002,9.810000000000001e-06,0.0025,40,0,10000,3.3
2232,-0.0032,9.82e-06,0.0025,40,0,10000,3.3
2233,-0.0024000000000000002,9.83e-06,0.0025,40,0,10000,3.3
2234,-0.0024000000000000002,9.839999999999999e-06,0.0025,40,0,10000,3.3
2235,-0.0016,9.85e-06,0.0025,40,0,10000,3.3
2236,-0.0016,9.859999999999999e-06,0.0025,40,0,10000,3.3
2237,-0.0016,9.87e-06,0.0025,40,0,10000,3.3
2238,0.0,9.879999999999999e-06,0.0025,40,0,10000,3.3
2239,-0.0016,9.89e-06,0.0025,40,0,10000,3.3
2240,0.0,9.899999999999998e-06,0.0025,40,0,10000,3.3
2241,-0.0032,9.91e-06,0.0025,40,0,10000,3.3
2242,-0.0016,9.919999999999998e-06,0.0025,40,0,10000,3.3
2243,-0.0008,9.93e-06,0.0025,40,0,10000,3.3
2244,-0.0008,9.940000000000001e-06,0.0025,40,0,10000,3.3
2245,-0.0008,9.95e-06,0.0025,40,0,10000,3.3
2246,0.0,9.960000000000001e-06,0.0025,40,0,10000,3.3
2247,0.0,9.97e-06,0.0025,40,0,10000,3.3
2248,0.0,9.980000000000001e-06,0.0025,40,0,10000,3.3
2249,-0.0016,9.99e-06,0.0025,40,0,10000,3.3
2250,-0.0016,1e-05,0.0025,40,0,10000,3.3
2251,-0.004,1.0009999999999999e-05,0.0025,40,0,10000,3.3
2252,-0.0032,1.002e-05,0.0025,40,0,10000,3.3
2253,-0.004,1.0029999999999999e-05,0.0025,40,0,10000,3.3
2254,-0.0032,1.004e-05,0.0025,40,0,10000,3.3
2255,-0.0016,1.0049999999999999e-05,0.0025,40,0,10000,3.3
2256,0.0,1.006e-05,0.0025,40,0,10000,3.3
2257,0.0024000000000000002,1.0069999999999998e-05,0.0025,40,0,10000,3.3
2258,0.0008,1.008e-05,0.0025,40,0,10000,3.3
2259,0.0,1.0089999999999998e-05,0.0025,40,0,10000,3.3
2260,0.0,1.01e-05,0.0025,40,0,10000,3.3
2261,-0.0024000000000000002,1.0110000000000001e-05,0.0025,40,0,10000,3.3
2262,-0.0008,1.012e-05,0.0025,40,0,10000,3.3
2263,-0.0008,1.0130000000000001e-05,0.0025,40,0,10000,3.3
2264,0.0024000000000000002,1.014e-05,0.0025,40,0,10000,3.3
2265,0.0024000000000000002,1.0150000000000001e-05,0.0025,40,0,10000,3.3
2266,0.0032,1.016e-05,0.0025,40,0,10000,3.3
2267,0.0016,1.0170000000000001e-05,0.0025,40,0,10000,3.3
2268,0.0008,1.0179999999999999e-05,0.0025,40,0,10000,3.3
2269,0.0,1.019e-05,0.0025,40,0,10000,3.3
2270,-0.0008,1.0199999999999999e-05,0.0025,40,0,10000,3.3
2271,-0.0008,1.021e-05,0.0025,40,0,10000,3.3
2272,-0.0008,1.0219999999999999e-05,0.0025,40,0,10000,3.3
2273,0.0,1.023e-05,0.0025,40,0,10000,3.3
2274,0.0,1.0239999999999999e-05,0.0025,40,0,10000,3.3
2275,0.0,1.025e-05,0.0025,40,0,10000,3.3
2276,0.0008,1.0259999999999998e-05,0.0025,40,0,10000,3.3
2277,0.0024000000000000002,1.027e-05,0.0025,40,0,10000,3.3
2278,0.0008,1.0280000000000002e-05,0.0025,40,0,10000,3.3
2279,0.0016,1.029e-05,0.0025,40,0,10000,3.3
2280,0.0016,1.0300000000000001e-05,0.0025,40,0,10000,3.3
2281,-0.0008,1.031e-05,0.0025,40,0,10000,3.3
2282,0.0,1.0320000000000001e-05,0.0025,40,0,10000,3.3
2283,-0.0024000000000000002,1.033e-05,0.0025,40,0,10000,3.3
2284,-0.0008,1.0340000000000001e-05,0.0025,40,0,10000,3.3
2285,0.0008,1.035e-05,0.0025,40,0,10000,3.3
2286,0.0008,1.036e-05,0.0025,40,0,10000,3.3
2287,0.0008,1.0369999999999999e-05,0.0025,40,0,10000,3.3
2288,0.0024000000000000002,1.038e-05,0.0025,40,0,10000,3.3
2289,0.0024000000000000002,1.0389999999999999e-05,0.0025,40,0,10000,3.3
2290,0.0008,1.04e-05,0.0025,40,0,10000,3.3
2291,0.0,1.0409999999999999e-05,0.0025,40,0,10000,3.3
2292,-0.0032,1.042e-05,0.0025,40,0,10000,3.3
2293,-0.0032,1.0429999999999998e-05,0.0025,40,0,10000,3.3
2294,-0.0016,1.044e-05,0.0025,40,0,10000,3.3
2295,-0.0008,1.0449999999999998e-05,0.0025,40,0,10000,3.3
2296,0.0008,1.046e-05,0.0025,40,0,10000,3.3
2297,0.0016,1.0470000000000001e-05,0.0025,40,0,10000,3.3
2298,0.0016,1.048e-05,0.0025,40,0,10000,3.3
2299,0.0016,1.0490000000000001e-05,0.0025,40,0,10000,3.3
2300,-0.0008,1.05e-05,0.0025,40,0,10000,3.3
2301,-0.0024000000000000002,1.0510000000000001e-05,0.0025,40,0,10000,3.3
2302,-0.0024000000000000002,1.052e-05,0.0025,40,0,10000,3.3
2303,-0.0024000000000000002,1.053e-05,0.0025,40,0,10000,3.3
2304,-0.0024000000000000002,1.0539999999999999e-05,0.0025,40,0,10000,3.3
2305,-0.0008,1.055e-05,0.0025,40,0,10000,3.3
2306,0.0,1.0559999999999999e-05,0.0025,40,0,10000,3.3
2307,0.0008,1.057e-05,0.0025,40,0,10000,3.3
2308,0.0008,1.0579999999999999e-05,0.0025,40,0,10000,3.3
2309,0.0008,1.059e-05,0.0025,40,0,10000,3.3
2310,-0.0008,1.0599999999999998e-05,0.0025,40,0,10000,3.3
2311,0.0,1.061e-05,0.0025,40,0,10000,3.3
2312,-0.0008,1.0619999999999998e-05,0.0025,40,0,10000,3.3
2313,-0.0016,1.063e-05,0.0025,40,0,10000,3.3
2314,-0.0024000000000000002,1.0640000000000001e-05,0.0025,40,0,10000,3.3
2315,-0.0016,1.065e-05,0.0025,40,0,10000,3.3
2316,0.0008,1.0660000000000001e-05,0.0025,40,0,10000,3.3
2317,0.0008,1.067e-05,0.0025,40,0,10000,3.3
2318,0.0024000000000000002,1.0680000000000001e-05,0.0025,40,0,10000,3.3
2319,0.0008,1.069e-05,0.0025,40,0,10000,3.3
2320,0.0,1.0700000000000001e-05,0.0025,40,0,10000,3.3
2321,0.0,1.0709999999999999e-05,0.0025,40,0,10000,3.3
2322,0.0,1.072e-05,0.0025,40,0,10000,3.3
2323,-0.0008,1.0729999999999999e-05,0.0025,40,0,10000,3.3
2324,-0.0008,1.074e-05,0.0025,40,0,10000,3.3
2325,-0.0008,1.0749999999999999e-05,0.0025,40,0,10000,3.3
2326,-0.0016,1.076e-05,0.0025,40,0,10000,3.3
2327,0.0008,1.0769999999999999e-05,0.0025,40,0,10000,3.3
2328,0.0008,1.078e-05,0.0025,40,0,10000,3.3
2329,0.0008,1.0789999999999998e-05,0.0025,40,0,10000,3.3
2330,0.0008,1.08e-05,0.0025,40,0,10000,3.3
2331,-0.0008,1.0810000000000002e-05,0.0025,40,0,10000,3.3
2332,-0.0016,1.082e-05,0.0025,40,0,10000,3.3
2333,-0.0032,1.0830000000000001e-05,0.0025,40,0,10000,3.3
2334,-0.0032,1.084e-05,0.0025,40,0,10000,3.3
2335,-0.0048000000000000004,1.0850000000000001e-05,0.0025,40,0,10000,3.3
2336,-0.0032,1.086e-05,0.0025,40,0,10000,3.3
2337,-0.0016,1.0870000000000001e-05,0.0025,40,0,10000,3.3
2338,0.0016,1.088e-05,0.0025,40,0,10000,3.3
2339,0.0008,1.089e-05,0.0025,40,0,10000,3.3
2340,0.0016,1.0899999999999999e-05,0.0025,40,0,10000,3.3
2341,0.0,1.091e-05,0.0025,40,0,10000,3.3
2342,-0.0016,1.0919999999999999e-05,0.0025,40,0,10000,3.3
2343,-0.0008,1.093e-05,0.0025,40,0,10000,3.3
2344,-0.0024000000000000002,1.0939999999999999e-05,0.0025,40,0,10000,3.3
2345,-0.0008,1.095e-05,0.0025,40,0,10000,3.3
2346,-0.0008,1.0959999999999998e-05,0.0025,40,0,10000,3.3
2347,0.0,1.097e-05,0.0025,40,0,10000,3.3
2348,0.0,1.0979999999999998e-05,0.0025,40,0,10000,3.3
2349,0.0016,1.099e-05,0.0025,40,0,10000,3.3
2350,0.0,1.1000000000000001e-05,0.0025,40,0,10000,3.3
2351,-0.0008,1.101e-05,0.0025,40,0,10000,3.3
2352,-0.0024000000000000002,1.1020000000000001e-05,0.0025,40,0,10000,3.3
2353,-0.004,1.103e-05,0.0025,40,0,10000,3.3
2354,-0.004,1.1040000000000001e-05,0.0025,40,0,10000,3.3
2355,-0.004,1.105e-05,0.0025,40,0,10000,3.3
2356,-0.0032,1.106e-05,0.0025,40,0,10000,3.3
2357,-0.0024000000000000002,1.1069999999999999e-05,0.0025,40,0,10000,3.3
2358,-0.0016,1.108e-05,0.0025,40,0,10000,3.3
2359,-0.0008,1.1089999999999999e-05,0.0025,40,0,10000,3.3
2360,-0.0008,1.11e-05,0.0025,40,0,10000,3.3
2361,0.0,1.1109999999999999e-05,0.0025,40,0,10000,3.3
2362,0.0,1.112e-05,0.0025,40,0,10000,3.3
2363,0.0008,1.1129999999999998e-05,0.0025,40,0,10000,3.3
2364,0.0008,1.114e-05,0.0025,40,0,10000,3.3
2365,0.0008,1.1149999999999998e-05,0.0025,40,0,10000,3.3
2366,-0.0008,1.116e-05,0.0025,40,0,10000,3.3
2367,0.0008,1.1170000000000001e-05,0.0025,40,0,10000,3.3
2368,0.0,1.118e-05,0.0025,40,0,10000,3.3
2369,0.0008,1.1190000000000001e-05,0.0025,40,0,10000,3.3
2370,0.0008,1.12e-05,0.0025,40,0,10000,3.3
2371,0.0,1.1210000000000001e-05,0.0025,40,0,10000,3.3
2372,0.0,1.122e-05,0.0025,40,0,10000,3.3
2373,-0.0016,1.1230000000000001e-05,0.0025,40,0,10000,3.3
2374,-0.0032,1.1239999999999999e-05,0.0025,40,0,10000,3.3
2375,-0.004,1.125e-05,0.0025,40,0,10000,3.3
2376,-0.0024000000000000002,1.1259999999999999e-05,0.0025,40,0,10000,3.3
2377,-0.004,1.127e-05,0.0025,40,0,10000,3.3
2378,0.0,1.1279999999999999e-05,0.0025,40,0,10000,3.3
2379,0.0,1.129e-05,0.0025,40,0,10000,3.3
2380,0.0008,1.1299999999999999e-05,0.0025,40,0,10000,3.3
2381,0.0024000000000000002,1.131e-05,0.0025,40,0,10000,3.3
2382,0.0008,1.1319999999999998e-05,0.0025,40,0,10000,3.3
2383,0.0024000000000000002,1.133e-05,0.0025,40,0,10000,3.3
2384,0.0016,1.1340000000000002e-05,0.0025,40,0,10000,3.3
2385,0.0024000000000000002,1.135e-05,0.0025,40,0,10000,3.3
2386,0.0008,1.1360000000000001e-05,0.0025,40,0,10000,3.3
2387,0.0024000000000000002,1.137e-05,0.0025,40,0,10000,3.3
2388,0.0016,1.1380000000000001e-05,0.0025,40,0,10000,3.3
2389,0.0032,1.139e-05,0.0025,40,0,10000,3.3
2390,0.0024000000000000002,1.1400000000000001e-05,0.0025,40,0,10000,3.3
2391,0.0008,1.141e-05,0.0025,40,0,10000,3.3
2392,0.0016,1.142e-05,0.0025,40,0,10000,3.3
2393,0.0016,1.1429999999999999e-05,0.0025,40,0,10000,3.3
2394,0.0,1.144e-05,0.0025,40,0,10000,3.3
2395,-0.0008,1.1449999999999999e-05,0.0025,40,0,10000,3.3
2396,-0.0016,1.146e-05,0.0025,40,0,10000,3.3
2397,-0.0008,1.1469999999999999e-05,0.0025,40,0,10000,3.3
2398,0.0,1.148e-05,0.0025,40,0,10000,3.3
2399,0.0008,1.1489999999999998e-05,0.0025,40,0,10000,3.3
2400,0.0008,1.15e-05,0.0025,40,0,10000,3.3
2401,0.0024000000000000002,1.1509999999999998e-05,0.0025,40,0,10000,3.3
2402,0.0024000000000000002,1.152e-05,0.0025,40,0,10000,3.3
2403,0.0024000000000000002,1.1530000000000001e-05,0.0025,40,0,10000,3.3
2404,0.0024000000000000002,1.154e-05,0.0025,40,0,10000,3.3
2405,0.0,1.1550000000000001e-05,0.0025,40,0,10000,3.3
2406,0.0008,1.156e-05,0.0025,40,0,10000,3.3
2407,0.0008,1.1570000000000001e-05,0.0025,40,0,10000,3.3
2408,0.0008,1.158e-05,0.0025,40,0,10000,3.3
2409,-0.0008,1.159e-05,0.0025,40,0,10000,3.3
2410,0.0024000000000000002,1.1599999999999999e-05,0.0025,40,0,10000,3.3
2411,0.0016,1.161e-05,0.0025,40,0,10000,3.3
2412,0.0016,1.1619999999999999e-05,0.0025,40,0,10000,3.3
2413,0.0016,1.163e-05,0.0025,40,0,10000,3.3
2414,0.0008,1.1639999999999999e-05,0.0025,40,0,10000,3.3
2415,0.0,1.165e-05,0.0025,40,0,10000,3.3
2416,-0.0008,1.1659999999999998e-05,0.0025,40,0,10000,3.3
2417,-0.0008,1.167e-05,0.0025,40,0,10000,3.3
2418,-0.0008,1.1679999999999998e-05,0.0025,40,0,10000,3.3
2419,0.0008,1.169e-05,0.0025,40,0,10000,3.3
2420,0.0,1.1700000000000001e-05,0.0025,40,0,10000,3.3
2421,0.0016,1.171e-05,0.0025,40,0,10000,3.3
2422,0.0016,1.1720000000000001e-05,0.0025,40,0,10000,3.3
2423,0.0024000000000000002,1.173e-05,0.0025,40,0,10000,3.3
2424,-0.0224,1.1740000000000001e-05,0.0025,40,0,10000,3.3
2425,-0.0088,1.175e-05,0.0025,40,0,10000,3.3
2426,-0.013600000000000001,1.1760000000000001e-05,0.0025,40,0,10000,3.3
2427,-0.014400000000000001,1.1769999999999999e-05,0.0025,40,0,10000,3.3
2428,-0.0088,1.178e-05,0.0025,40,0,10000,3.3
2429,-0.014400000000000001,1.1789999999999999e-05,0.0025,40,0,10000,3.3
2430,-0.004,1.18e-05,0.0025,40,0,10000,3.3
2431,-0.014400000000000001,1.1809999999999999e-05,0.0025,40,0,10000,3.3
2432,-0.0048000000000000004,1.182e-05,0.0025,40,0,10000,3.3
2433,-0.013600000000000001,1.1829999999999999e-05,0.0025,40,0,10000,3.3
2434,-0.007200000000000001,1.184e-05,0.0025,40,0,10000,3.3
2435,-0.016,1.1849999999999998e-05,0.0025,40,0,10000,3.3
2436,-0.0088,1.186e-05,0.0025,40,0,10000,3.3
2437,-0.0128,1.1870000000000002e-05,0.0025,40,0,10000,3.3
2438,-0.010400000000000001,1.188e-05,0.0025,40,0,10000,3.3
2439,-0.0112,1.1890000000000001e-05,0.0025,40,0,10000,3.3
2440,-0.012,1.19e-05,0.0025,40,0,10000,3.3
2441,-0.008,1.1910000000000001e-05,0.0025,40,0,10000,3.3
2442,-0.010400000000000001,1.192e-05,0.0025,40,0,10000,3.3
2443,-0.008,1.1930000000000001e-05,0.0025,40,0,10000,3.3
2444,-0.0112,1.194e-05,0.0025,40,0,10000,3.3
2445,-0.008,1.195e-05,0.0025,40,0,10000,3.3
2446,-0.012,1.1959999999999999e-05,0.0025,40,0,10000,3.3
2447,-0.010400000000000001,1.197e-05,0.0025,40,0,10000,3.3
2448,-0.010400000000000001,1.1979999999999999e-05,0.0025,40,0,10000,3.3
2449,-0.010400000000000001,1.199e-05,0.0025,40,0,10000,3.3
2450,-0.009600000000000001,1.1999999999999999e-05,0.0025,40,0,10000,3.3
2451,-0.010400000000000001,1.201e-05,0.0025,40,0,10000,3.3
2452,-0.0088,1.2019999999999998e-05,0.0025,40,0,10000,3.3
2453,-0.0088,1.203e-05,0.0025,40,0,10000,3.3
2454,-0.008,1.2039999999999998e-05,0.0025,40,0,10000,3.3
2455,-0.0088,1.205e-05,0.0025,40,0,10000,3.3
2456,-0.009600000000000001,1.2060000000000001e-05,0.0025,40,0,10000,3.3
2457,-0.010400000000000001,1.207e-05,0.0025,40,0,10000,3.3
2458,-0.010400000000000001,1.2080000000000001e-05,0.0025,40,0,10000,3.3
2459,-0.012,1.209e-05,0.0025,40,0,10000,3.3
2460,-0.009600000000000001,1.2100000000000001e-05,0.0025,40,0,10000,3.3
2461,-0.008,1.211e-05,0.0025,40,0,10000,3.3
2462,-0.007200000000000001,1.2120000000000001e-05,0.0025,40,0,10000,3.3
2463,-0.0056,1.2129999999999999e-05,0.0025,40,0,10000,3.3
2464,-0.0048000000000000004,1.214e-05,0.0025,40,0,10000,3.3
2465,-0.0064,1.2149999999999999e-05,0.0025,40,0,10000,3.3
2466,-0.008,1.216e-05,0.0025,40,0,10000,3.3
2467,-0.010400000000000001,1.2169999999999999e-05,0.0025,40,0,10000,3.3
2468,-0.0112,1.218e-05,0.0025,40,0,10000,3.3
2469,-0.010400000000000001,1.2189999999999998e-05,0.0025,40,0,10000,3.3
2470,-0.009600000000000001,1.22e-05,0.0025,40,0,10000,3.3
2471,-0.008,1.2209999999999998e-05,0.0025,40,0,10000,3.3
2472,-0.007200000000000001,1.222e-05,0.0025,40,0,10000,3.3
2473,-0.007200000000000001,1.2230000000000001e-05,0.0025,40,0,10000,3.3
2474,-0.008,1.224e-05,0.0025,40,0,10000,3.3
2475,-0.010400000000000001,1.2250000000000001e-05,0.0025,40,0,10000,3.3
2476,-0.012,1.226e-05,0.0025,40,0,10000,3.3
2477,-0.012,1.2270000000000001e-05,0.0025,40,0,10000,3.3
2478,-0.0112,1.228e-05,0.0025,40,0,10000,3.3
2479,-0.010400000000000001,1.2290000000000001e-05,0.0025,40,0,10000,3.3
2480,-0.009600000000000001,1.2299999999999999e-05,0.0025,40,0,10000,3.3
2481,-0.009600000000000001,1.231e-05,0.0025,40,0,10000,3.3
2482,-0.007200000000000001,1.2319999999999999e-05,0.0025,40,0,10000,3.3
2483,-0.0064,1.233e-05,0.0025,40,0,10000,3.3
2484,-0.0056,1.2339999999999999e-05,0.0025,40,0,10000,3.3
2485,-0.007200000000000001,1.235e-05,0.0025,40,0,10000,3.3
2486,-0.0064,1.2359999999999999e-05,0.0025,40,0,10000,3.3
2487,-0.0064,1.237e-05,0.0025,40,0,10000,3.3
2488,-0.007200000000000001,1.2379999999999998e-05,0.0025,40,0,10000,3.3
2489,-0.008,1.239e-05,0.0025,40,0,10000,3.3
2490,-0.009600000000000001,1.2400000000000002e-05,0.0025,40,0,10000,3.3
2491,-0.008,1.241e-05,0.0025,40,0,10000,3.3
2492,-0.008,1.2420000000000001e-05,0.0025,40,0,10000,3.3
2493,-0.008,1.243e-05,0.0025,40,0,10000,3.3
2494,-0.007200000000000001,1.2440000000000001e-05,0.0025,40,0,10000,3.3
2495,-0.0064,1.245e-05,0.0025,40,0,10000,3.3
2496,-0.008,1.2460000000000001e-05,0.0025,40,0,10000,3.3
2497,-0.008,1.247e-05,0.0025,40,0,10000,3.3
2498,-0.009600000000000001,1.248e-05,0.0025,40,0,10000,3.3
2499,-0.009600000000000001,1.2489999999999999e-05,0.0025,40,0,10000,3.3
